-0.16506,-0.165059,-0.0506466,-0.0134978,0.000236922,0.00650854,0.010079,0.0125873,0.0146476,0.0165305,0.0183445,0.0201301,0.0218926,0.0236239,0.0253114,0.0269394,0.0284916,0.0299507,0.0313021,0.0325328,0.0336311,0.034587,0.0353916,0.0360381,0.0365224,0.0368426,0.0369977,0.0369879,0.0368146,0.0364815,0.0359948,0.035362,0.034589,0.0336826,0.0326504,0.0315014,0.0302446,0.0288893,0.0274437,0.0259172,0.0243199,0.0226621,0.0209517,0.0191973,0.0174078,0.015593,0.0137617,0.0119214,0.0100789,0.00824207,0.00641972,0.00461885,0.00284561,0.0011051,-0.000596721,-0.00225364,-0.00385988,-0.00541121,-0.00690388,-0.0083332,-0.00969519,-0.0109868,-0.0122055,-0.0133475,-0.01441,-0.015391,-0.016289,-0.0171027,-0.01783,-0.0184695,-0.0190198,-0.0194798,-0.0198502,-0.0201307,-0.0203202,-0.0204177,-0.0204233,-0.020338,-0.0201618,-0.0198947,-0.0195368,-0.0190881,-0.0185493,-0.0179199,-0.0172005,-0.0163912,-0.0154915,-0.0145007,-0.0134178,-0.0122425,-0.0109727,-0.00960712,-0.00814347,-0.00657918,-0.00490969,-0.0031291,-0.00123018,0.0007953,0.00295764,0.00526932,0.00774551,0.0104042,0.0132681,0.0163625,0.0197184,0.0233723,0.0273676,0.0317559,0.0365975,0.0419627,0.0479347,0.0546095,0.0621,0.070537,0.0800734,0.0908865,0.103184,0.11721,0.133256,0.151677,0.172916,0.197551,0.226376,0.260559,0.301961,0.353828,0.42236,0.520134,0.670606,0.902125,0.902123
-0.165059,-0.165058,-0.0506458,-0.0134972,0.000237469,0.006509,0.0100793,0.0125876,0.0146482,0.0165316,0.0183458,0.0201313,0.0218935,0.0236245,0.0253118,0.0269399,0.0284924,0.0299519,0.0313037,0.0325346,0.0336326,0.0345878,0.0353919,0.0360383,0.0365234,0.0368445,0.0369998,0.0369893,0.036815,0.0364817,0.0359956,0.0353633,0.0345903,0.0336834,0.032651,0.0315021,0.0302454,0.0288897,0.0274436,0.0259173,0.0243207,0.0226631,0.0209521,0.0191972,0.0174079,0.0155935,0.0137622,0.0119212,0.0100781,0.00824156,0.00641989,0.00461928,0.00284559,0.00110457,-0.000597238,-0.00225377,-0.00385993,-0.00541151,-0.0069043,-0.00833353,-0.00969554,-0.0109875,-0.0122063,-0.0133479,-0.0144101,-0.0153911,-0.0162896,-0.0171035,-0.0178307,-0.0184698,-0.0190197,-0.0194799,-0.019851,-0.0201317,-0.0203207,-0.0204178,-0.0204235,-0.0203384,-0.0201623,-0.0198952,-0.0195371,-0.0190884,-0.0185495,-0.0179201,-0.0172007,-0.0163915,-0.0154918,-0.014501,-0.013418,-0.0122426,-0.0109727,-0.00960701,-0.00814352,-0.00657944,-0.00490992,-0.00312901,-0.00123,0.000795579,0.00295787,0.00526943,0.00774564,0.0104047,0.0132687,0.0163632,0.0197191,0.0233729,0.0273683,0.0317568,0.0365984,0.0419637,0.0479357,0.0546105,0.062101,0.0705382,0.0800747,0.0908879,0.103185,0.117211,0.133258,0.151679,0.172918,0.197553,0.226378,0.260561,0.301963,0.35383,0.422361,0.520135,0.670607,0.902126,0.902125
-0.0777854,-0.0777846,-0.0470866,-0.0254447,-0.0120354,-0.0037155,0.00181628,0.00588789,0.00913715,0.0119358,0.0144601,0.016806,0.0190151,0.0211063,0.0230878,0.024958,0.026711,0.028337,0.0298271,0.0311739,0.0323698,0.0334085,0.0342847,0.0349939,0.0355324,0.0358978,0.0360897,0.0361111,0.0359666,0.0356613,0.0352,0.0345886,0.0338342,0.0329453,0.0319306,0.0307984,0.0295568,0.0282158,0.0267855,0.0252753,0.0236934,0.0220488,0.0203512,0.0186112,0.0168375,0.0150375,0.0132193,0.0113919,0.00956424,0.00774374,0.00593683,0.00414965,0.00238943,0.000663247,-0.00102303,-0.00266491,-0.00425745,-0.00579519,-0.00727352,-0.00868865,-0.0100373,-0.0113157,-0.0125202,-0.0136481,-0.0146975,-0.0156664,-0.0165527,-0.0173536,-0.0180679,-0.0186946,-0.0192334,-0.0196837,-0.0200436,-0.0203122,-0.0204898,-0.0205769,-0.0205733,-0.0204788,-0.0202929,-0.0200163,-0.0196492,-0.0191921,-0.018645,-0.0180081,-0.0172817,-0.0164652,-0.0155585,-0.0145607,-0.0134706,-0.0122886,-0.0110124,-0.00964123,-0.00817278,-0.00660362,-0.00492933,-0.00314419,-0.00124191,0.00078649,0.00295114,0.00526478,0.00774286,0.0104031,0.013267,0.0163605,0.0197146,0.0233663,0.0273586,0.0317427,0.0365789,0.0419376,0.0479018,0.0545679,0.0620485,0.0704744,0.0799976,0.0907948,0.103072,0.117071,0.133077,0.151433,0.172561,0.196997,0.225453,0.258916,0.298842,0.347498,0.408597,0.488312,0.59385,0.705364,0.705363
-0.0367626,-0.0367619,-0.0303682,-0.0206994,-0.0122678,-0.00592253,-0.00104863,0.00300368,0.00638951,0.00939945,0.0121387,0.0146938,0.0170927,0.0193502,0.0214784,0.0234768,0.0253431,0.0270673,0.0286423,0.0300629,0.0313242,0.0324214,0.0333497,0.0341039,0.0346798,0.0350764,0.035296,0.035343,0.0352217,0.0349359,0.0344908,0.0338937,0.0331531,0.0322771,0.0312738,0.0301516,0.0289204,0.0275901,0.0261702,0.0246687,0.0230946,0.0214585,0.019771,0.018041,0.0162761,0.0144841,0.0126751,0.0108584,0.00904158,0.00723087,0.00543308,0.00365582,0.00190681,0.000192018,-0.00148372,-0.00311533,-0.0046969,-0.00622308,-0.00768994,-0.0090944,-0.010432,-0.0116983,-0.0128909,-0.0140078,-0.0150466,-0.0160047,-0.0168792,-0.0176682,-0.0183713,-0.0189879,-0.019517,-0.0199564,-0.0203047,-0.0205625,-0.0207305,-0.0208083,-0.020795,-0.0206905,-0.0204951,-0.0202094,-0.0198337,-0.0193681,-0.0188128,-0.0181679,-0.0174339,-0.0166106,-0.0156979,-0.0146954,-0.0136027,-0.0124165,-0.0111353,-0.00976028,-0.0082891,-0.00671848,-0.00504462,-0.00326171,-0.00136329,0.000659276,0.0028161,0.00511941,0.00758362,0.010226,0.0130678,0.0161343,0.0194559,0.0230682,0.0270133,0.0313409,0.0361102,0.0413901,0.0472615,0.0538186,0.0611711,0.0694464,0.078792,0.0893785,0.101403,0.115094,0.130716,0.14858,0.169051,0.192571,0.219681,0.251064,0.287597,0.33043,0.381035,0.440793,0.506986,0.557705,0.557703
-0.0168354,-0.016835,-0.0167837,-0.0130388,-0.00852319,-0.00431888,-0.000589585,0.00277132,0.00583083,0.00862463,0.0112198,0.0137209,0.0161003,0.0183504,0.0204867,0.0224991,0.0243893,0.0261381,0.0277373,0.0291829,0.0304705,0.0315939,0.0325463,0.0333213,0.0339157,0.0343301,0.0345673,0.0346303,0.0345221,0.0342473,0.0338125,0.0332258,0.0324947,0.0316268,0.030631,0.0295168,0.0282938,0.0269709,0.0255566,0.0240604,0.0224929,0.0208648,0.0191847,0.0174606,0.0157011,0.0139163,0.0121159,0.0103074,0.00849757,0.00669375,0.00490398,0.00313606,0.00139626,-0.000310279,-0.00197782,-0.00360015,-0.00517149,-0.00668794,-0.00814582,-0.00954061,-0.0108673,-0.012123,-0.013306,-0.0144135,-0.0154423,-0.0163893,-0.0172527,-0.0180314,-0.0187252,-0.0193324,-0.0198507,-0.0202787,-0.0206168,-0.0208656,-0.0210245,-0.0210924,-0.021069,-0.0209549,-0.0207508,-0.0204564,-0.0200721,-0.0195982,-0.0190347,-0.0183825,-0.0176416,-0.0168116,-0.0158929,-0.0148853,-0.0137885,-0.0126016,-0.0113228,-0.00994475,-0.00847333,-0.0069052,-0.00523602,-0.0034602,-0.00157128,0.000438865,0.00257945,0.00486188,0.00729959,0.00990965,0.012712,0.0157308,0.0189946,0.0225375,0.0263998,0.0306289,0.0352814,0.0404232,0.0461312,0.0524956,0.0596209,0.0676278,0.0766556,0.0868641,0.0984351,0.111575,0.126518,0.143526,0.16289,0.184933,0.210004,0.238468,0.270678,0.306902,0.347108,0.390107,0.430606,0.454285,0.454284
-0.00615905,-0.00615895,-0.00753581,-0.0063452,-0.00405995,-0.00144791,0.00119881,0.00379939,0.00632754,0.00877146,0.0111386,0.0134485,0.0156912,0.0178544,0.0199142,0.021855,0.0237134,0.0254343,0.0270119,0.0284448,0.0297276,0.0308492,0.0318023,0.03258,0.0331797,0.0336016,0.0338462,0.0339154,0.0338127,0.0335441,0.0331165,0.0325366,0.0318117,0.0309501,0.0299612,0.0288541,0.0276372,0.0263191,0.0249099,0.0234203,0.0218605,0.020239,0.0185642,0.0168455,0.015093,0.0133165,0.0115236,0.00972169,0.00791852,0.00612256,0.00434166,0.0025824,0.000850371,-0.00084821,-0.0025066,-0.00411894,-0.005681,-0.0071888,-0.00863735,-0.0100214,-0.0113376,-0.0125841,-0.013758,-0.0148555,-0.0158732,-0.0168092,-0.0176624,-0.0184322,-0.0191164,-0.0197127,-0.0202197,-0.0206376,-0.0209668,-0.0212065,-0.0213551,-0.0214127,-0.0213798,-0.021257,-0.0210439,-0.0207407,-0.0203478,-0.0198657,-0.0192947,-0.0186353,-0.0178875,-0.0170513,-0.0161273,-0.0151155,-0.0140155,-0.0128261,-0.0115463,-0.0101743,-0.00870566,-0.00714321,-0.00548193,-0.00371659,-0.00184134,0.000151084,0.00226887,0.00452242,0.0069249,0.00949185,0.0122419,0.0151972,0.0183846,0.0218358,0.0255887,0.0296878,0.0341856,0.0391441,0.044635,0.0507427,0.0575641,0.0652113,0.0738122,0.0835117,0.0944722,0.106874,0.120912,0.136796,0.154737,0.17494,0.197578,0.222752,0.250426,0.280301,0.311528,0.341928,0.366604,0.378081,0.37808
5.76628e-05,5.77306e-05,-0.00145188,-0.00129469,-0.000187457,0.00140414,0.00324055,0.00520883,0.00724879,0.00932236,0.0114067,0.0134879,0.0155476,0.0175649,0.0195163,0.0213836,0.0231612,0.0248262,0.0263537,0.0277479,0.0290074,0.0301088,0.0310503,0.0318219,0.0324192,0.03284,0.033084,0.0331535,0.0330532,0.0327886,0.0323655,0.0317903,0.0310709,0.0302157,0.0292333,0.0281319,0.0269201,0.025608,0.0242063,0.0227248,0.0211722,0.0195567,0.0178884,0.0161778,0.0144344,0.0126661,0.0108807,0.00908645,0.00729215,0.00550576,0.00373423,0.00198363,0.000260545,-0.00142781,-0.00307551,-0.00467789,-0.00623057,-0.00772818,-0.00916515,-0.0105379,-0.0118443,-0.0130812,-0.0142442,-0.0153299,-0.0163359,-0.0172611,-0.0181048,-0.0188643,-0.0195371,-0.0201215,-0.020618,-0.0210265,-0.0213459,-0.0215748,-0.0217127,-0.0217603,-0.0217182,-0.021586,-0.0213636,-0.0210513,-0.0206498,-0.0201596,-0.019581,-0.0189142,-0.0181595,-0.0173177,-0.016389,-0.0153732,-0.01427,-0.0130787,-0.0117989,-0.0104296,-0.00896923,-0.00741504,-0.0057639,-0.00401144,-0.00215308,-0.000182472,0.00190787,0.00412772,0.00648893,0.00900529,0.0116938,0.0145748,0.0176729,0.0210172,0.0246424,0.0285893,0.0329064,0.03765,0.0428862,0.0486922,0.0551563,0.0623796,0.0704768,0.0795761,0.0898183,0.101355,0.114342,0.128936,0.145276,0.163465,0.183535,0.2054,0.228781,0.253075,0.277105,0.298608,0.313654,0.319211,0.31921
0.00386769,0.00386856,0.00254318,0.00230869,0.00281027,0.0037823,0.00506221,0.00655336,0.00819259,0.0099346,0.0117463,0.0136015,0.0154739,0.0173363,0.0191623,0.0209297,0.0226213,0.0242169,0.025696,0.0270456,0.0282518,0.0293194,0.0302485,0.0310099,0.0315985,0.0320121,0.0322513,0.0323191,0.0322195,0.0319569,0.0315368,0.0309659,0.030252,0.0294026,0.0284257,0.0273298,0.0261248,0.0248212,0.0234283,0.0219546,0.020409,0.0188016,0.0171431,0.0154427,0.0137087,0.0119494,0.0101733,0.00838958,0.00660621,0.00483059,0.00306933,0.00132938,-0.000381831,-0.00205803,-0.00369436,-0.00528583,-0.00682664,-0.00831118,-0.00973547,-0.0110971,-0.0123925,-0.013617,-0.0147666,-0.0158392,-0.0168334,-0.0177478,-0.01858,-0.0193268,-0.0199866,-0.0205595,-0.0210454,-0.0214431,-0.0217506,-0.0219677,-0.0220948,-0.0221324,-0.0220801,-0.0219375,-0.0217052,-0.0213836,-0.0209733,-0.0204745,-0.0198876,-0.0192132,-0.018452,-0.0176046,-0.0166708,-0.0156507,-0.0145445,-0.0133519,-0.0120729,-0.0107068,-0.00925494,-0.00770982,-0.00606988,-0.00433217,-0.00249287,-0.000546414,0.00151407,0.00369712,0.00601293,0.00847376,0.011095,0.0138951,0.0168959,0.0201238,0.0236098,0.027391,0.0315107,0.03602,0.0409785,0.0464551,0.0525287,0.0592889,0.0668362,0.0752815,0.0847435,0.0953452,0.107208,0.120439,0.135118,0.151268,0.168824,0.187585,0.207144,0.226777,0.245261,0.26055,0.269912,0.272381,0.272379
0.0062648,0.00626679,0.00517409,0.0048131,0.00500747,0.00561049,0.00651922,0.00766191,0.00898597,0.010451,0.0120238,0.0136736,0.0153692,0.0170804,0.0187793,0.020442,0.0220459,0.0235681,0.0249869,0.0262859,0.0274517,0.0284735,0.0293813,0.0301274,0.030702,0.0311048,0.0313374,0.0314018,0.0313008,0.0310385,0.0306204,0.0300532,0.0293436,0.0284988,0.0275273,0.0264386,0.0252424,0.0239477,0.0225628,0.0210971,0.0195609,0.0179645,0.0163172,0.0146274,0.0129037,0.0111555,0.00939156,0.0076203,0.00584933,0.00408584,0.00233718,0.000610869,-0.00108649,-0.00274957,-0.00437297,-0.00595054,-0.00747647,-0.00894656,-0.0103579,-0.0117067,-0.0129877,-0.0141968,-0.0153317,-0.0163909,-0.0173725,-0.0182738,-0.0190915,-0.0198238,-0.0204704,-0.0210312,-0.0215048,-0.021889,-0.0221834,-0.0223883,-0.0225041,-0.0225304,-0.0224664,-0.0223126,-0.0220698,-0.0217382,-0.0213181,-0.0208099,-0.0202144,-0.0195323,-0.0187642,-0.0179103,-0.0169709,-0.0159464,-0.0148373,-0.0136436,-0.0123648,-0.0110063,-0.00955985,-0.00802309,-0.00639477,-0.00467274,-0.00285332,-0.000931848,0.00109741,0.00324163,0.00550971,0.00791242,0.0104636,0.0131791,0.0160784,0.0191847,0.0225257,0.026134,0.0300482,0.0343136,0.0389829,0.0441166,0.0497839,0.056063,0.0630404,0.0708095,0.0794685,0.0891148,0.0998378,0.111707,0.124753,0.138946,0.154161,0.170137,0.186418,0.20227,0.216528,0.22763,0.233599,0.234399,0.234397
0.00778448,0.00778639,0.00690487,0.00652778,0.00657054,0.00695328,0.00761306,0.00850209,0.00958321,0.0108247,0.0121955,0.0136638,0.0151976,0.0167675,0.0183458,0.0199058,0.021421,0.0228663,0.0242203,0.0254659,0.0265883,0.0275744,0.0284525,0.029174,0.0297298,0.0301193,0.0303427,0.0304007,0.0302958,0.0300319,0.0296143,0.0290488,0.0283419,0.0275014,0.0265362,0.0254553,0.0242672,0.0229801,0.0216036,0.0201479,0.0186231,0.0170383,0.0154022,0.0137239,0.0120127,0.0102779,0.00852768,0.00677023,0.00501316,0.00326396,0.0015305,-0.000180356,-0.00186274,-0.00351079,-0.00511825,-0.00667915,-0.00818892,-0.00964409,-0.0110404,-0.0123725,-0.0136361,-0.0148286,-0.0159483,-0.0169929,-0.0179594,-0.0188443,-0.0196456,-0.0203628,-0.0209955,-0.0215422,-0.0220007,-0.0223701,-0.0226506,-0.0228427,-0.0229456,-0.0229586,-0.0228819,-0.0227162,-0.0224619,-0.022119,-0.0216881,-0.0211699,-0.0205652,-0.0198747,-0.0190986,-0.0182374,-0.0172921,-0.0162632,-0.0151511,-0.0139557,-0.0126821,-0.0113263,-0.00988426,-0.00835541,-0.00673875,-0.00503209,-0.00323248,-0.0013364,0.000660851,0.00276537,0.00498489,0.00732871,0.00980858,0.0124382,0.0152344,0.0182176,0.0214117,0.0248452,0.028552,0.0325714,0.0369491,0.0417378,0.0469972,0.0527941,0.0592017,0.0662978,0.0741616,0.0828685,0.092482,0.103041,0.114544,0.126926,0.140032,0.15358,0.16712,0.179979,0.191112,0.199246,0.203209,0.203113,0.203111
0.00873826,0.00873854,0.00803554,0.00768879,0.00766034,0.00790823,0.00839786,0.00910236,0.00999818,0.0110602,0.0122603,0.0135691,0.0149582,0.0163997,0.0178648,0.0193241,0.0207498,0.0221173,0.0234056,0.0245957,0.0256697,0.0266255,0.0274676,0.0281578,0.0286907,0.0290631,0.0292731,0.0293211,0.0292092,0.0289409,0.0285211,0.0279551,0.0272499,0.0264135,0.0254539,0.0243791,0.0231973,0.021918,0.0205511,0.0191065,0.0175929,0.0160193,0.014395,0.0127299,0.0110328,0.00931246,0.00757704,0.00583466,0.00409319,0.00236041,0.00064375,-0.00105046,-0.00271597,-0.00434641,-0.00593568,-0.00747881,-0.00897165,-0.0104096,-0.0117872,-0.0131,-0.0143452,-0.0155206,-0.0166237,-0.0176511,-0.0185993,-0.0194658,-0.02025,-0.0209513,-0.0215682,-0.0220981,-0.0225398,-0.0228936,-0.0231596,-0.023337,-0.0234249,-0.0234235,-0.0233334,-0.0231546,-0.0228873,-0.0225321,-0.0220897,-0.0215607,-0.020946,-0.0202457,-0.0194606,-0.0185919,-0.0176404,-0.0166068,-0.0154907,-0.0142986,-0.0130255,-0.0116702,-0.0102322,-0.0087108,-0.00710498,-0.00541313,-0.00363337,-0.00176278,0.000202444,0.00226745,0.00443851,0.00672357,0.0091322,0.0116762,0.01437,0.0172309,0.0202794,0.0235401,0.0270419,0.0308187,0.0349096,0.0393596,0.0442194,0.0495456,0.0553991,0.0618437,0.0689425,0.0767524,0.0853164,0.0946519,0.104736,0.115484,0.126732,0.138201,0.149469,0.159911,0.168817,0.174891,0.177583,0.177001,0.176999
0.00931843,0.00931755,0.00876362,0.00846365,0.00840392,0.00856727,0.00894021,0.00951076,0.0102637,0.011179,0.0122339,0.0134045,0.0146658,0.0159898,0.0173467,0.0187072,0.0200448,0.0213355,0.0225569,0.0236878,0.0247101,0.0256366,0.0264341,0.0270897,0.0275952,0.0279452,0.0281371,0.028171,0.0280484,0.0277725,0.0273475,0.0267792,0.0260743,0.0252399,0.0242833,0.0232126,0.0220369,0.0207658,0.0194085,0.0179737,0.0164703,0.0149083,0.0132972,0.0116461,0.0099637,0.00825837,0.00653858,0.00481245,0.00308808,0.00137313,-0.000325532,-0.00200153,-0.0036482,-0.00525934,-0.00682953,-0.00835388,-0.00982755,-0.0112451,-0.0126019,-0.0138946,-0.0151209,-0.016278,-0.0173619,-0.0183692,-0.019297,-0.0201445,-0.0209111,-0.0215948,-0.0221931,-0.0227044,-0.0231289,-0.0234664,-0.023716,-0.0238768,-0.0239487,-0.0239322,-0.0238273,-0.0236341,-0.0233529,-0.0229846,-0.0225298,-0.0219891,-0.0213629,-0.020652,-0.0198577,-0.0189811,-0.0180227,-0.0169837,-0.0158691,-0.0146738,-0.0133988,-0.0120441,-0.0106097,-0.00909501,-0.00749938,-0.0058222,-0.00406202,-0.00221649,-0.000282725,0.00174323,0.00386653,0.00609354,0.00843203,0.010892,0.0134853,0.0162265,0.0191327,0.022225,0.0255277,0.0290692,0.0328829,0.0370065,0.0414827,0.0463585,0.0516843,0.0575118,0.0638903,0.0708623,0.0784553,0.0866719,0.0954761,0.104778,0.114414,0.124127,0.133544,0.142126,0.149245,0.153914,0.155788,0.154945,0.154943
0.009651,0.00965098,0.00921879,0.00896665,0.00889632,0.00900807,0.0093017,0.00977306,0.0104124,0.0112061,0.0121384,0.0131899,0.0143366,0.0155507,0.0168038,0.0180691,0.019321,0.0205345,0.0216855,0.0227521,0.0237344,0.0246104,0.025363,0.0259803,0.026453,0.0267753,0.0269445,0.0269599,0.0268227,0.0265356,0.0261027,0.0255294,0.0248217,0.0239862,0.0230304,0.0219629,0.0207928,0.0195286,0.0181789,0.0167527,0.0152599,0.0137102,0.0121125,0.0104754,0.00880752,0.00711769,0.0054142,0.00370548,0.00199938,0.000303178,-0.00137646,-0.00303295,-0.0046596,-0.00625061,-0.00780056,-0.00930413,-0.0107561,-0.0121516,-0.013487,-0.0147594,-0.0159657,-0.0171019,-0.018164,-0.0191494,-0.0200566,-0.0208848,-0.0216322,-0.0222959,-0.022874,-0.0233665,-0.023773,-0.0240926,-0.0243242,-0.0244674,-0.0245228,-0.0244901,-0.0243692,-0.0241606,-0.0238649,-0.0234828,-0.0230147,-0.022461,-0.0218227,-0.021101,-0.0202972,-0.0194118,-0.0184476,-0.0174061,-0.0162854,-0.0150863,-0.0138093,-0.0124551,-0.0110238,-0.00951528,-0.00792972,-0.00626691,-0.0045257,-0.00270464,-0.000801693,0.00118604,0.00326257,0.00543278,0.00770285,0.0100809,0.0125765,0.0152016,0.0179706,0.0209007,0.0240121,0.0273286,0.0308778,0.0346914,0.0388046,0.0432564,0.0480878,0.0533402,0.0590522,0.0652546,0.071964,0.0791734,0.0868409,0.0948768,0.103128,0.111363,0.119242,0.126409,0.132142,0.135784,0.137098,0.136116,0.136114
0.00982049,0.00982201,0.00948562,0.00927737,0.00920954,0.00929204,0.00953047,0.00992514,0.0104726,0.0111665,0.0119955,0.0129421,0.0139833,0.015094,0.0162492,0.0174234,0.0185905,0.0197244,0.0208013,0.0218132,0.0227386,0.0235608,0.0242649,0.0248388,0.0252735,0.0255634,0.0257053,0.025698,0.0255422,0.0252402,0.0247957,0.0242137,0.0234997,0.0226605,0.021704,0.0206383,0.0194716,0.018212,0.0168685,0.0154509,0.0139687,0.0124308,0.0108456,0.00922199,0.00756879,0.00589479,0.00420846,0.00251802,0.000830837,-0.000846184,-0.00250624,-0.00414239,-0.00574813,-0.00731776,-0.00884586,-0.0103269,-0.0117561,-0.0131292,-0.0144431,-0.0156941,-0.0168781,-0.017991,-0.01903,-0.0199934,-0.02088,-0.0216877,-0.0224138,-0.0230559,-0.0236137,-0.0240869,-0.0244742,-0.0247745,-0.0249873,-0.0251127,-0.0251506,-0.0251008,-0.0249633,-0.0247389,-0.0244282,-0.0240314,-0.023549,-0.0229819,-0.0223316,-0.021599,-0.0207848,-0.0198929,-0.0189223,-0.0178733,-0.0167467,-0.0155435,-0.0142645,-0.0129104,-0.0114818,-0.00997955,-0.00840389,-0.00675483,-0.00503205,-0.00323495,-0.00136211,0.000588372,0.00261932,0.00473423,0.00693792,0.00923666,0.0116381,0.0141518,0.0167892,0.0195644,0.0224938,0.0255971,0.0288968,0.0324192,0.0361932,0.0402506,0.0446246,0.0493483,0.0544515,0.0599564,0.0658719,0.0721855,0.0788538,0.0857924,0.092863,0.0998619,0.106504,0.112502,0.117167,0.120038,0.120948,0.119893,0.119892
0.00988128,0.00988293,0.00962157,0.00945401,0.009397,0.00946316,0.00966073,0.0099952,0.0104695,0.0110812,0.0118209,0.0126724,0.0136162,0.0146313,0.0156943,0.0167796,0.0178608,0.018913,0.0199234,0.0208692,0.0217326,0.022497,0.023148,0.0236739,0.0240662,0.0243193,0.0244294,0.0243949,0.024216,0.0238949,0.0234348,0.0228403,0.0221172,0.0212723,0.0203128,0.0192461,0.01808,0.0168235,0.0154859,0.0140764,0.0126037,0.0110762,0.00950265,0.0078922,0.00625384,0.00459622,0.00292763,0.00125559,-0.000412861,-0.00207059,-0.0037103,-0.00532508,-0.00690887,-0.00845605,-0.00996117,-0.011419,-0.0128252,-0.0141759,-0.0154672,-0.0166947,-0.0178544,-0.0189432,-0.0199592,-0.0209009,-0.0217659,-0.0225513,-0.0232547,-0.0238753,-0.0244127,-0.0248655,-0.0252325,-0.0255131,-0.0257071,-0.0258141,-0.0258338,-0.0257663,-0.0256121,-0.0253718,-0.0250455,-0.0246334,-0.0241366,-0.0235564,-0.0228939,-0.0221498,-0.0213282,-0.0204273,-0.019448,-0.0183915,-0.0172591,-0.0160517,-0.0147706,-0.0134166,-0.0119911,-0.0104949,-0.00892877,-0.00729315,-0.00558852,-0.00381474,-0.00197128,-5.70588e-05,0.00192945,0.00399073,0.00613037,0.00835286,0.010664,0.013071,0.0155832,0.0182115,0.0209691,0.0238719,0.0269384,0.0301899,0.0336499,0.037344,0.0412993,0.0455419,0.0500948,0.054974,0.0601831,0.065707,0.0715039,0.0774963,0.0835608,0.0895151,0.0951925,0.100199,0.104017,0.106292,0.106895,0.105806,0.105805
0.00986734,0.00986791,0.00966782,0.00953815,0.00949488,0.00955094,0.00971804,0.0100066,0.0104225,0.0109645,0.0116244,0.0123898,0.0132453,0.0141715,0.0151457,0.0161429,0.0171384,0.0181143,0.0190506,0.0199267,0.020724,0.0214264,0.02202,0.0224939,0.02284,0.0230519,0.0231255,0.0230591,0.0228527,0.0225082,0.0220287,0.0214188,0.0206839,0.0198302,0.0188644,0.0177938,0.0166269,0.0153727,0.0140399,0.0126367,0.0111716,0.00965326,0.00809094,0.00649377,0.00487049,0.00322943,0.00157815,-7.61649e-05,-0.00172602,-0.0033637,-0.00498197,-0.00657466,-0.00813598,-0.00966015,-0.0111418,-0.0125763,-0.0139593,-0.0152866,-0.0165536,-0.0177561,-0.018891,-0.0199562,-0.0209496,-0.0218687,-0.0227104,-0.0234724,-0.0241533,-0.0247525,-0.0252687,-0.0257005,-0.0260471,-0.0263081,-0.0264829,-0.0265709,-0.0265723,-0.0264875,-0.0263167,-0.02606,-0.0257176,-0.0252905,-0.0247798,-0.0241865,-0.0235118,-0.0227592,-0.0219271,-0.0210166,-0.0200289,-0.0189653,-0.0178273,-0.0166161,-0.0153329,-0.0139794,-0.0125571,-0.011067,-0.00951026,-0.00788807,-0.00620126,-0.00445036,-0.00263559,-0.000756871,0.0011865,0.00319611,0.0052741,0.0074234,0.00964812,0.0119538,0.0143473,0.016837,0.0194334,0.0221493,0.0249993,0.0280005,0.0311719,0.0345343,0.0381094,0.0419179,0.0459776,0.0502999,0.0548853,0.059718,0.0647591,0.0699393,0.0751519,0.0802447,0.0851119,0.0892977,0.0924311,0.0942309,0.0945947,0.0934933,0.093492
0.00980186,0.00980178,0.0096532,0.00955678,0.00952653,0.00957698,0.00972313,0.00997699,0.0103444,0.010825,0.0114141,0.0121029,0.0128775,0.0137193,0.0146072,0.0155174,0.0164306,0.017328,0.0181882,0.018991,0.0197186,0.0203553,0.0208882,0.0213067,0.0216023,0.0217683,0.0218008,0.0216982,0.0214603,0.0210887,0.0205865,0.0199579,0.0192077,0.0183418,0.0173668,0.0162906,0.0151218,0.0138683,0.0125379,0.0111388,0.00967991,0.00817034,0.00661917,0.00503521,0.00342666,0.0018012,0.000166164,-0.00147056,-0.00310097,-0.00471761,-0.00631416,-0.0078847,-0.00942328,-0.0109242,-0.0123824,-0.0137933,-0.0151523,-0.0164547,-0.0176962,-0.0188735,-0.0199844,-0.0210262,-0.0219962,-0.0228913,-0.023709,-0.0244477,-0.0251064,-0.0256838,-0.0261785,-0.0265894,-0.0269158,-0.0271569,-0.027312,-0.0273814,-0.0273651,-0.0272632,-0.0270756,-0.0268025,-0.0264446,-0.0260031,-0.0254789,-0.0248726,-0.0241887,-0.023425,-0.0225828,-0.0216632,-0.0206675,-0.0195974,-0.0184543,-0.0172396,-0.0159552,-0.0146027,-0.0131838,-0.0117,-0.0101529,-0.00854416,-0.00687507,-0.00514673,-0.00336021,-0.00151614,0.000385625,0.00234542,0.00436404,0.00644327,0.00858583,0.0107955,0.0130769,0.0154366,0.0178827,0.0204251,0.0230752,0.0258465,0.0287545,0.0318161,0.0350483,0.0384679,0.0420885,0.0459185,0.0499565,0.054187,0.0585749,0.0630582,0.0675404,0.0719622,0.0761024,0.0796107,0.082184,0.0835986,0.0837708,0.0826721,0.0826708
0.00970224,0.00970264,0.0095961,0.00952696,0.00950911,0.0095588,0.00969125,0.00991721,0.0102427,0.01067,0.0111972,0.0118171,0.0125162,0.0132764,0.0140793,0.0149066,0.0157397,0.0165574,0.0173392,0.0180661,0.0187211,0.0192896,0.0197588,0.0201181,0.0203588,0.0204747,0.0204622,0.0203195,0.0200465,0.0196444,0.019116,0.018465,0.017696,0.0168151,0.0158292,0.0147461,0.0135731,0.0123174,0.0109871,0.00959075,0.00813757,0.00663649,0.005096,0.00352433,0.00192914,0.000318087,-0.00130071,-0.00291897,-0.00452921,-0.006125,-0.00770019,-0.00924861,-0.0107642,-0.0122417,-0.0136762,-0.0150629,-0.0163967,-0.0176733,-0.0188895,-0.0200426,-0.0211296,-0.0221472,-0.0230926,-0.0239633,-0.0247572,-0.0254731,-0.0261094,-0.0266649,-0.0271383,-0.0275285,-0.0278343,-0.0280555,-0.0281917,-0.0282431,-0.0282095,-0.0280906,-0.0278863,-0.0275974,-0.027225,-0.0267696,-0.026232,-0.0256166,-0.0249213,-0.0241473,-0.0232956,-0.0223676,-0.0213649,-0.020289,-0.0191415,-0.0179243,-0.0166393,-0.0152885,-0.0138735,-0.0123965,-0.0108594,-0.00926437,-0.00761306,-0.0059072,-0.00414848,-0.00233795,-0.000476521,0.00143504,0.00339664,0.00540909,0.00747367,0.00959241,0.0117685,0.014007,0.0163136,0.0186956,0.0211619,0.0237235,0.0263926,0.0291826,0.0321074,0.0351804,0.0384124,0.0418094,0.0453693,0.0490775,0.0529028,0.0567929,0.0606684,0.064514,0.0680342,0.0709756,0.0730852,0.0741837,0.0742022,0.0731165,0.0731153
0.00958068,0.0095817,0.0095079,0.0094615,0.00945686,0.00950926,0.00963158,0.00983381,0.0101237,0.0105058,0.010978,0.0115346,0.0121598,0.0128407,0.0135653,0.0143139,0.0150666,0.0158035,0.0165056,0.017155,0.0177358,0.0182337,0.018636,0.0189323,0.0191143,0.0191768,0.019116,0.01893,0.0186184,0.0181823,0.0176241,0.0169473,0.0161569,0.0152591,0.0142605,0.0131677,0.0119875,0.0107273,0.00939569,0.00800157,0.00655363,0.00506007,0.00352887,0.00196788,0.000384926,-0.00121164,-0.00281335,-0.00441281,-0.00600352,-0.00757912,-0.00913302,-0.010659,-0.0121516,-0.0136056,-0.0150158,-0.0163772,-0.0176854,-0.0189368,-0.0201286,-0.0212573,-0.0223195,-0.0233121,-0.0242328,-0.0250793,-0.0258499,-0.026543,-0.0271572,-0.027691,-0.0281432,-0.0285123,-0.028798,-0.0290002,-0.0291184,-0.0291523,-0.0291013,-0.0289657,-0.0287458,-0.0284423,-0.0280559,-0.0275871,-0.0270396,-0.0264134,-0.0257079,-0.0249244,-0.0240642,-0.023129,-0.0221203,-0.0210395,-0.0198888,-0.0186701,-0.0173856,-0.0160371,-0.0146268,-0.0131573,-0.011631,-0.01005,-0.00841665,-0.00673321,-0.00500168,-0.00322392,-0.00140188,0.000463096,0.0023702,0.00431902,0.00630954,0.00834262,0.0104205,0.0125462,0.0147235,0.0169578,0.0192563,0.0216273,0.0240805,0.0266267,0.0292773,0.0320431,0.0349327,0.0379505,0.0410942,0.0443503,0.0476911,0.0510677,0.0544748,0.0577882,0.0607858,0.0632514,0.0649751,0.0658129,0.0657083,0.0646431,0.064642
0.00944399,0.00944481,0.00939708,0.00937129,0.00938011,0.00943577,0.0095497,0.00973267,0.00999336,0.0103366,0.0107572,0.0112488,0.0118071,0.0124186,0.0130685,0.0137389,0.0144112,0.0150673,0.0156893,0.0162605,0.0167655,0.0171902,0.0175225,0.0177527,0.0178735,0.0178799,0.0177678,0.0175353,0.0171818,0.0167082,0.0161171,0.0154122,0.0145985,0.0136817,0.0126676,0.0115621,0.0103723,0.00910633,0.00777282,0.00638011,0.00493595,0.00344813,0.0019245,0.000373197,-0.00119735,-0.00277869,-0.00436348,-0.00594517,-0.00751718,-0.00907256,-0.0106049,-0.0121086,-0.0135782,-0.0150081,-0.0163933,-0.0177293,-0.0190126,-0.0202397,-0.0214067,-0.0225101,-0.023547,-0.0245148,-0.0254111,-0.0262338,-0.0269813,-0.0276519,-0.0282441,-0.0287562,-0.0291871,-0.029536,-0.0298027,-0.0299867,-0.0300871,-0.0301035,-0.0300359,-0.0298847,-0.0296503,-0.0293331,-0.0289335,-0.0284537,-0.0278966,-0.0272602,-0.0265455,-0.0257537,-0.0248864,-0.0239452,-0.0229314,-0.0218472,-0.0206946,-0.0194757,-0.0181925,-0.0168473,-0.0154429,-0.0139819,-0.012467,-0.0109005,-0.00928543,-0.00762427,-0.00591965,-0.00417429,-0.00239054,-0.000570357,0.00128459,0.0031727,0.00509315,0.00704611,0.00903242,0.0110533,0.0131113,0.0152105,0.0173561,0.0195545,0.0218135,0.0241419,0.0265489,0.0290434,0.0316325,0.0343196,0.0371021,0.0399688,0.0428968,0.0458468,0.0488435,0.0516989,0.0542523,0.0563173,0.0577191,0.0583419,0.0581399,0.0571011,0.0571
0.00929558,0.00929582,0.00927073,0.00926375,0.00928435,0.0093428,0.009451,0.00961932,0.00985387,0.0101562,0.0105291,0.0109677,0.0114651,0.0120096,0.0125866,0.0131801,0.0137733,0.0143493,0.0148915,0.0153837,0.0158111,0.0161604,0.0164206,0.016583,0.0166408,0.0165885,0.0164222,0.0161401,0.0157417,0.0152281,0.0146019,0.0138669,0.0130277,0.0120891,0.0110565,0.00993602,0.00873551,0.00746313,0.00612665,0.00473347,0.00329106,0.00180739,0.000290592,-0.0012508,-0.00280852,-0.00437527,-0.00594448,-0.00750926,-0.00906246,-0.0105974,-0.0121084,-0.0135899,-0.015036,-0.0164415,-0.0178018,-0.0191135,-0.0203723,-0.0215744,-0.0227159,-0.0237939,-0.0248059,-0.0257493,-0.0266215,-0.0274208,-0.0281455,-0.0287938,-0.0293639,-0.0298545,-0.030265,-0.0305949,-0.0308433,-0.0310092,-0.031092,-0.0310919,-0.0310089,-0.0308434,-0.0305954,-0.0302652,-0.0298536,-0.0293656,-0.0287985,-0.028153,-0.0274303,-0.0266318,-0.0257587,-0.0248126,-0.0237954,-0.0227092,-0.0215561,-0.020338,-0.0190573,-0.0177169,-0.0163195,-0.0148681,-0.0133652,-0.0118139,-0.0102174,-0.0085786,-0.00690096,-0.00518742,-0.00344083,-0.00166382,0.000141003,0.00197143,0.00382613,0.00570417,0.00760494,0.00952873,0.0114772,0.0134531,0.0154599,0.0175027,0.0195878,0.0217223,0.0239137,0.0261696,0.0284957,0.0308951,0.0333653,0.0358962,0.0384655,0.0410871,0.0437007,0.0461663,0.048343,0.0500706,0.0512041,0.0516504,0.0513727,0.0503644,0.0503634
0.00913829,0.00913849,0.00913342,0.00914244,0.00917295,0.00923472,0.00933788,0.00949123,0.00970139,0.00997148,0.0103029,0.0106922,0.011132,0.0116115,0.0121178,0.0126366,0.0131525,0.0136497,0.014112,0.0145244,0.0148729,0.0151457,0.0153329,0.0154264,0.015419,0.0153057,0.0150828,0.0147487,0.0143033,0.0137478,0.0130847,0.0123176,0.0114502,0.010487,0.00943368,0.00829724,0.00708533,0.00580514,0.00446359,0.00306788,0.00162583,0.000145728,-0.00136405,-0.00289554,-0.00444149,-0.00599515,-0.00754951,-0.00909721,-0.0106314,-0.0121463,-0.0136362,-0.0150951,-0.0165176,-0.017899,-0.0192355,-0.020523,-0.0217568,-0.0229332,-0.0240494,-0.0251027,-0.0260903,-0.0270094,-0.0278579,-0.028634,-0.029336,-0.029962,-0.0305105,-0.0309808,-0.0313721,-0.0316834,-0.0319134,-0.0320616,-0.0321281,-0.0321128,-0.0320156,-0.0318365,-0.0315757,-0.0312334,-0.0308131,-0.0303161,-0.0297405,-0.0290875,-0.0283583,-0.0275543,-0.0266767,-0.0257273,-0.0247083,-0.0236216,-0.0224692,-0.0212531,-0.0199766,-0.0186424,-0.0172533,-0.0158122,-0.0143222,-0.0127868,-0.0112093,-0.00959337,-0.00794256,-0.00626023,-0.0045498,-0.00281458,-0.00105767,0.000718326,0.00251122,0.00431896,0.00614012,0.00797451,0.00982279,0.0116863,0.0135676,0.0154707,0.0174005,0.0193628,0.0213642,0.0234108,0.0255079,0.0276579,0.029859,0.0321033,0.0343742,0.0367081,0.0389903,0.0411229,0.0429801,0.0444243,0.0453349,0.0456372,0.045302,0.0443273,0.0443263
0.00897487,0.0089755,0.00898708,0.00900873,0.00904754,0.00911249,0.00921202,0.00935336,0.00954273,0.00978404,0.0100779,0.0104206,0.0108053,0.0112225,0.0116611,0.0121079,0.0125483,0.0129671,0.0133495,0.0136817,0.0139514,0.0141478,0.0142616,0.0142847,0.0142104,0.0140342,0.013753,0.0133654,0.0128715,0.0122725,0.0115707,0.010769,0.00987087,0.00888125,0.00780642,0.00665325,0.0054284,0.0041382,0.00278957,0.0013902,-5.18466e-05,-0.00152839,-0.00303159,-0.00455448,-0.00609012,-0.00763136,-0.00917062,-0.0107011,-0.0122169,-0.0137121,-0.0151807,-0.016617,-0.0180163,-0.0193746,-0.0206874,-0.02195,-0.0231583,-0.0243097,-0.0254014,-0.0264304,-0.0273935,-0.0282887,-0.0291137,-0.029867,-0.0305465,-0.0311509,-0.031679,-0.0321298,-0.0325022,-0.0327949,-0.0330071,-0.0331391,-0.0331905,-0.033161,-0.0330503,-0.0328587,-0.0325864,-0.0322338,-0.0318062,-0.0313006,-0.0307178,-0.0300587,-0.0293245,-0.0285163,-0.0276357,-0.0266849,-0.0256655,-0.0245795,-0.023429,-0.0222168,-0.020946,-0.0196193,-0.0182394,-0.0168097,-0.0153337,-0.0138149,-0.0122571,-0.0106642,-0.00904015,-0.00738855,-0.0057134,-0.00401841,-0.0023071,-0.000582634,0.00115191,0.00289384,0.00464143,0.00639374,0.00815028,0.00991175,0.01168,0.013458,0.0152496,0.0170597,0.018894,0.0207578,0.0226558,0.0245902,0.0265596,0.0285567,0.0305943,0.0326599,0.0346606,0.0365101,0.0380975,0.0393045,0.0400311,0.0402169,0.0398393,0.0389001,0.0388992
0.00880664,0.00880743,0.0088322,0.00886496,0.00891199,0.00898023,0.00907645,0.00920743,0.00937899,0.00959418,0.00985262,0.010151,0.0104834,0.0108418,0.0112157,0.0115925,0.0119584,0.0122995,0.0126028,0.0128558,0.0130474,0.0131676,0.0132073,0.0131589,0.0130167,0.0127766,0.0124362,0.0119941,0.0114506,0.0108066,0.010064,0.00922557,0.00829517,0.00727839,0.00618132,0.00500989,0.00376993,0.00246797,0.00111135,-0.000292021,-0.0017343,-0.00320795,-0.00470604,-0.00622171,-0.00774753,-0.00927603,-0.0108002,-0.0123142,-0.013812,-0.0152876,-0.0167349,-0.0181492,-0.0195262,-0.0208614,-0.0221497,-0.0233872,-0.0245709,-0.0256983,-0.0267658,-0.0277703,-0.0287093,-0.0295807,-0.0303828,-0.0311137,-0.0317717,-0.0323554,-0.0328637,-0.0332952,-0.0336488,-0.0339238,-0.0341199,-0.0342368,-0.0342738,-0.0342308,-0.0341077,-0.0339047,-0.0336218,-0.0332611,-0.0328262,-0.032314,-0.0317255,-0.0310617,-0.0303235,-0.0295127,-0.0286309,-0.02768,-0.0266615,-0.0255774,-0.0244306,-0.0232241,-0.0219604,-0.0206421,-0.0192727,-0.0178556,-0.0163944,-0.014893,-0.0133556,-0.0117861,-0.0101886,-0.00856725,-0.0069264,-0.00527009,-0.00360227,-0.00192678,-0.000247188,0.00143358,0.0031133,0.0047901,0.00646304,0.00813232,0.00979895,0.0114651,0.0131341,0.01481,0.0164979,0.0182025,0.0199281,0.021677,0.0234483,0.0252355,0.0270794,0.0289093,0.030669,0.0322783,0.0336388,0.0346484,0.0352241,0.0353168,0.0349094,0.0340067,0.0340059
0.00863421,0.00863471,0.00867112,0.00871419,0.00876851,0.00883939,0.00893295,0.00905523,0.00921062,0.00940101,0.00962592,0.00988267,0.0101662,0.0104687,0.0107799,0.011088,0.0113807,0.0116458,0.0118715,0.0120468,0.0121612,0.0122052,0.0121703,0.0120502,0.0118399,0.0115357,0.0111356,0.0106384,0.0100441,0.00935349,0.00856838,0.00769198,0.00672884,0.00568431,0.00456357,0.00337193,0.00211537,0.000800889,-0.000564048,-0.00197179,-0.00341518,-0.00488737,-0.00638156,-0.00789036,-0.00940611,-0.0109219,-0.0124319,-0.01393,-0.01541,-0.0168658,-0.0182925,-0.0196855,-0.0210403,-0.0223517,-0.0236156,-0.0248291,-0.0259893,-0.0270927,-0.0281358,-0.029116,-0.0300313,-0.0308798,-0.0316596,-0.0323689,-0.033006,-0.0335696,-0.0340582,-0.0344708,-0.0348068,-0.0350656,-0.0352465,-0.0353489,-0.0353724,-0.0353171,-0.0351827,-0.0349692,-0.0346765,-0.0343107,-0.0338689,-0.0333512,-0.0327581,-0.0320906,-0.0313502,-0.0305383,-0.0296567,-0.0287068,-0.0276903,-0.0266102,-0.0254691,-0.0242693,-0.0230136,-0.0217052,-0.0203475,-0.018944,-0.0174986,-0.0160157,-0.0144991,-0.012953,-0.0113819,-0.00979037,-0.00818283,-0.00656379,-0.00493768,-0.00330864,-0.00168044,-5.64199e-05,0.00156055,0.00316816,0.00476522,0.00635124,0.00792671,0.0094933,0.0110538,0.0126119,0.0141719,0.0157384,0.0173152,0.0189051,0.020509,0.0221282,0.0237892,0.0254222,0.0269783,0.0283852,0.029556,0.0304028,0.0308559,0.0308755,0.0304486,0.0295826,0.0295818
0.00845825,0.00845858,0.00850579,0.00855792,0.00861839,0.00869181,0.00878335,0.0088975,0.00903727,0.00920414,0.0093978,0.00961579,0.00985291,0.0101013,0.0103513,0.0105924,0.010814,0.0110053,0.0111556,0.0112545,0.0112922,0.0112602,0.0111513,0.01096,0.0106819,0.010314,0.00985402,0.00930092,0.00865462,0.00791612,0.00708782,0.00617331,0.00517706,0.00410359,0.00295752,0.00174436,0.000470578,-0.000856739,-0.00223038,-0.00364339,-0.00508917,-0.00656101,-0.00805158,-0.00955324,-0.0110591,-0.0125632,-0.0140596,-0.015542,-0.017004,-0.0184407,-0.0198474,-0.0212193,-0.0225512,-0.0238392,-0.0250799,-0.0262704,-0.027407,-0.0284862,-0.0295051,-0.0304617,-0.0313542,-0.0321806,-0.0329388,-0.033627,-0.0342435,-0.0347873,-0.035257,-0.0356521,-0.0359717,-0.0362151,-0.0363813,-0.0364702,-0.0364813,-0.0364146,-0.0362698,-0.036047,-0.035747,-0.0353758,-0.0349287,-0.0344066,-0.0338101,-0.0331405,-0.0323992,-0.0315877,-0.0307072,-0.0297595,-0.0287471,-0.0276725,-0.0265381,-0.0253461,-0.0240998,-0.0228026,-0.0214577,-0.0200689,-0.0186405,-0.0171765,-0.0156809,-0.0141584,-0.0126137,-0.0110514,-0.00947635,-0.00789338,-0.0063071,-0.0047218,-0.00314165,-0.00157044,-1.13356e-05,0.00153318,0.00306136,0.00457231,0.00606622,0.00754448,0.00900943,0.0104643,0.0119131,0.01336,0.0148089,0.0162619,0.0177166,0.0192145,0.0207093,0.0221734,0.0235573,0.024795,0.0258088,0.0265225,0.0268774,0.0268405,0.0264022,0.0255725,0.0255717
0.00828008,0.00828045,0.00833724,0.00839724,0.00846334,0.00853921,0.00862849,0.00873433,0.00885919,0.00900428,0.00916895,0.00935015,0.00954226,0.00973778,0.00992828,0.0101049,0.010258,0.0103778,0.0104543,0.0104777,0.0104396,0.0103327,0.0101511,0.00988972,0.00954478,0.00911322,0.00859306,0.00798338,0.0072845,0.00649804,0.00562673,0.00467401,0.00364375,0.00253994,0.00136749,0.000132383,-0.00115887,-0.00249932,-0.00388242,-0.00530186,-0.00675106,-0.00822273,-0.00970933,-0.011204,-0.012701,-0.0141942,-0.0156772,-0.0171436,-0.0185883,-0.0200065,-0.0213934,-0.0227437,-0.0240533,-0.025319,-0.0265373,-0.0277047,-0.0288174,-0.0298727,-0.0308683,-0.0318025,-0.032673,-0.0334778,-0.0342146,-0.034882,-0.0354787,-0.0360036,-0.0364558,-0.0368344,-0.0371383,-0.0373668,-0.0375193,-0.0375956,-0.0375953,-0.0375181,-0.0373637,-0.0371327,-0.0368285,-0.0364518,-0.0360003,-0.0354749,-0.0348765,-0.0342061,-0.0334652,-0.0326549,-0.0317768,-0.0308332,-0.0298263,-0.0287584,-0.0276314,-0.0264487,-0.0252132,-0.0239281,-0.0225971,-0.0212242,-0.0198134,-0.0183686,-0.0168945,-0.0153958,-0.0138773,-0.0123438,-0.0108004,-0.00925214,-0.00770367,-0.00615964,-0.00462453,-0.00310231,-0.00159636,-0.000109474,0.00135624,0.00279972,0.00422101,0.00562117,0.00700214,0.00836691,0.00971931,0.0110634,0.0124033,0.0137431,0.0150803,0.0164546,0.0178162,0.0191394,0.0203799,0.0214776,0.0223628,0.0229694,0.0232466,0.0231668,0.0227237,0.0219293,0.0219286
0.00810083,0.00810121,0.00816647,0.00823367,0.00830486,0.00838237,0.00846877,0.00856658,0.00867768,0.00880244,0.00893931,0.00908454,0.00923259,0.00937699,0.00951058,0.00962532,0.00971237,0.00976232,0.00976607,0.00971543,0.00960337,0.00942368,0.00917097,0.00884081,0.0084296,0.00793453,0.00735405,0.00668795,0.00593703,0.00510316,0.00418894,0.00319741,0.0021321,0.000997208,-0.000201887,-0.001459,-0.00276782,-0.00412202,-0.00551565,-0.00694236,-0.00839506,-0.0098662,-0.0113491,-0.0128379,-0.0143267,-0.015809,-0.0172782,-0.0187293,-0.0201573,-0.0215573,-0.0229241,-0.0242534,-0.0255418,-0.0267859,-0.0279818,-0.0291258,-0.0302151,-0.0312475,-0.032221,-0.0331334,-0.0339823,-0.0347656,-0.0354816,-0.0361291,-0.036707,-0.0372143,-0.0376498,-0.0380125,-0.0383013,-0.0385159,-0.0386558,-0.0387205,-0.0387095,-0.0386228,-0.0384606,-0.0382227,-0.037915,-0.0375336,-0.0370788,-0.0365514,-0.0359521,-0.035282,-0.0345423,-0.0337346,-0.0328605,-0.0319224,-0.030922,-0.0298614,-0.0287435,-0.0275712,-0.0263475,-0.0250756,-0.0237597,-0.0224034,-0.0210104,-0.0195855,-0.0181332,-0.0166584,-0.0151658,-0.0136606,-0.0121481,-0.010633,-0.00912047,-0.00761544,-0.00612245,-0.0046456,-0.00318852,-0.00175423,-0.000344928,0.00103824,0.00239505,0.0037262,0.00503357,0.00632005,0.00758922,0.00884509,0.0100912,0.0113293,0.0125862,0.0138484,0.0150961,0.0163021,0.0174243,0.0184074,0.0191891,0.0197105,0.0199274,0.0198162,0.0193733,0.018613,0.0186123
0.00792123,0.00792165,0.00799479,0.00806844,0.00814363,0.00822194,0.00830545,0.00839589,0.00849395,0.00859888,0.00870824,0.00881805,0.00892352,0.00901915,0.00909838,0.00915346,0.00917591,0.00915736,0.00909029,0.00896799,0.00878436,0.00853387,0.0082117,0.00781381,0.00733686,0.00677879,0.00613893,0.00541749,0.00461541,0.00373443,0.0027771,0.00174619,0.000645334,-0.000520688,-0.00174615,-0.00302516,-0.00435194,-0.00572081,-0.00712572,-0.0085597,-0.0100154,-0.0114862,-0.0129663,-0.01445,-0.0159305,-0.0174016,-0.0188577,-0.0202941,-0.0217056,-0.0230872,-0.0244345,-0.0257439,-0.0270116,-0.0282339,-0.0294072,-0.0305286,-0.0315957,-0.0326064,-0.0335584,-0.0344491,-0.0352766,-0.036039,-0.0367353,-0.0373641,-0.0379244,-0.0384148,-0.0388341,-0.0391815,-0.0394564,-0.0396581,-0.0397861,-0.0398399,-0.0398195,-0.0397248,-0.0395559,-0.0393125,-0.0390008,-0.0386163,-0.0381595,-0.0376311,-0.0370317,-0.0363629,-0.0356258,-0.034822,-0.0339532,-0.0330213,-0.0320281,-0.0309763,-0.0298686,-0.0287077,-0.0274966,-0.0262391,-0.0249389,-0.0235995,-0.0222252,-0.0208206,-0.0193903,-0.0179392,-0.0164724,-0.014995,-0.0135121,-0.0120289,-0.0105507,-0.00908241,-0.00762875,-0.00619391,-0.00478171,-0.00339522,-0.00203663,-0.000707344,0.000592173,0.00186263,0.00310587,0.00432464,0.00552252,0.00670348,0.00787172,0.00903034,0.0102085,0.0113817,0.0125361,0.013646,0.0146721,0.0155634,0.0162631,0.0167182,0.0168893,0.0167558,0.016317,0.0155892,0.0155886
0.00774228,0.00774291,0.00782317,0.0079021,0.00798041,0.00805942,0.00814029,0.00822348,0.00830842,0.00839337,0.00847536,0.00855086,0.00861577,0.00866488,0.00869153,0.0086882,0.00864748,0.00856257,0.00842742,0.00823615,0.00798328,0.0076639,0.00727363,0.00680889,0.00626735,0.00564794,0.00495029,0.00417461,0.00332193,0.00239411,0.00139346,0.000322945,-0.000813161,-0.00200968,-0.00326112,-0.00456227,-0.00590782,-0.00729195,-0.00870794,-0.0101485,-0.0116073,-0.0130786,-0.0145568,-0.0160351,-0.0175071,-0.0189673,-0.020411,-0.0218329,-0.0232279,-0.0245917,-0.0259203,-0.0272102,-0.0284571,-0.0296578,-0.0308093,-0.0319092,-0.0329551,-0.0339445,-0.034875,-0.0357445,-0.0365515,-0.0372944,-0.037972,-0.0385831,-0.0391263,-0.0396003,-0.0400042,-0.0403375,-0.0405993,-0.0407889,-0.0409059,-0.0409501,-0.0409214,-0.0408195,-0.0406443,-0.0403971,-0.0400823,-0.0396957,-0.0392376,-0.0387088,-0.0381106,-0.0374443,-0.036711,-0.035912,-0.0350492,-0.0341244,-0.0331396,-0.0320977,-0.031001,-0.0298522,-0.0286549,-0.0274124,-0.0261283,-0.0248065,-0.0234514,-0.0220673,-0.020659,-0.0192317,-0.0177903,-0.0163398,-0.0148855,-0.013433,-0.0119875,-0.0105538,-0.00913682,-0.0077408,-0.00636961,-0.00502637,-0.00371346,-0.00243236,-0.0011835,3.38638e-05,0.00122144,0.00238196,0.00351903,0.00463674,0.00573994,0.00683651,0.00794642,0.00904688,0.0101257,0.0111584,0.0121081,0.0129272,0.0135636,0.0139685,0.0141059,0.0139578,0.013526,0.0128288,0.0128283
0.00756516,0.00756591,0.00765213,0.00773554,0.00781686,0.00789658,0.00797456,0.00805,0.00812128,0.00818595,0.00824128,0.00828413,0.00831033,0.0083142,0.00828917,0.00822877,0.00812708,0.00797871,0.00777829,0.00752046,0.00720037,0.0068136,0.00635661,0.00582685,0.00522299,0.00454425,0.00379011,0.00296105,0.00205838,0.00108397,4.01995e-05,-0.00106925,-0.00223965,-0.00346598,-0.00474355,-0.00606746,-0.00743216,-0.00883113,-0.0102574,-0.0117045,-0.0131672,-0.0146397,-0.0161155,-0.0175881,-0.0190518,-0.0205019,-0.0219333,-0.0233407,-0.0247198,-0.0260665,-0.0273769,-0.0286471,-0.0298736,-0.0310536,-0.0321845,-0.0332636,-0.0342885,-0.0352568,-0.0361666,-0.0370159,-0.0378035,-0.0385278,-0.0391877,-0.0397816,-0.0403083,-0.0407669,-0.0411566,-0.0414765,-0.0417259,-0.0419043,-0.0420116,-0.0420473,-0.0420111,-0.0419024,-0.0417214,-0.0414735,-0.0411557,-0.0407671,-0.0403084,-0.0397805,-0.0391847,-0.0385218,-0.0377928,-0.0369995,-0.0361435,-0.0352267,-0.0342515,-0.0332201,-0.0321351,-0.0309994,-0.0298164,-0.0285894,-0.0273221,-0.0260184,-0.0246825,-0.0233191,-0.0219331,-0.0205293,-0.0191125,-0.0176882,-0.0162619,-0.0148389,-0.0134243,-0.012023,-0.0106401,-0.00927991,-0.0079462,-0.00664219,-0.00537034,-0.00413206,-0.0029277,-0.00175661,-0.000617092,0.000493685,0.00157927,0.00264363,0.0036895,0.00474636,0.00579653,0.00683783,0.00785648,0.00882874,0.00971947,0.0104839,0.0110729,0.0114412,0.0115549,0.0113982,0.0109752,0.0103068,0.0103063
0.00739064,0.00739108,0.0074826,0.00757047,0.00765473,0.00773466,0.007809,0.00787587,0.00793289,0.00797763,0.00800754,0.00801911,0.00800736,0.00796649,0.00789093,0.00777561,0.00761585,0.00740677,0.00714338,0.00682098,0.00643538,0.00598309,0.00546173,0.0048697,0.00420585,0.00346913,0.00265966,0.00177828,0.000826372,-0.000194056,-0.00127998,-0.00242705,-0.00363078,-0.00488693,-0.00619109,-0.0075379,-0.00892104,-0.0103338,-0.0117701,-0.0132246,-0.0146918,-0.0161651,-0.017638,-0.0191049,-0.020561,-0.0220012,-0.0234203,-0.0248138,-0.0261774,-0.0275073,-0.0287994,-0.0300505,-0.0312576,-0.0324179,-0.0335285,-0.0345872,-0.0355916,-0.0365397,-0.0374297,-0.03826,-0.0390291,-0.0397356,-0.0403782,-0.0409557,-0.041467,-0.0419112,-0.0422873,-0.0425947,-0.0428328,-0.0430013,-0.0430998,-0.0431276,-0.0430845,-0.0429704,-0.0427856,-0.0425357,-0.0422158,-0.0418263,-0.0413681,-0.0408423,-0.0402495,-0.0395905,-0.0388667,-0.0380799,-0.0372316,-0.0363237,-0.0353587,-0.0343385,-0.0332658,-0.0321439,-0.0309757,-0.0297647,-0.0285145,-0.027229,-0.0259127,-0.0245702,-0.0232062,-0.0218253,-0.0204328,-0.0190342,-0.0176348,-0.0162398,-0.0148543,-0.0134835,-0.0121324,-0.0108051,-0.00950569,-0.00823721,-0.00700208,-0.00580161,-0.00463623,-0.00350528,-0.00240696,-0.00133835,-0.000295534,0.000726706,0.00173039,0.00274555,0.00375255,0.00474867,0.00572156,0.00664849,0.00749568,0.00822051,0.00877597,0.0091187,0.00921689,0.00905635,0.0086435,0.00800185,0.0080014
0.0072192,0.00721916,0.0073162,0.00740853,0.00749519,0.00757451,0.00764423,0.00770174,0.00774455,0.00777027,0.00777564,0.00775616,0.00770652,0.0076218,0.00749769,0.00733018,0.0071149,0.00684726,0.0065228,0.0061377,0.00568874,0.00517375,0.00459101,0.00393912,0.00321672,0.00242352,0.00156017,0.000627639,-0.000372484,-0.00143768,-0.00256406,-0.00374752,-0.00498446,-0.00627074,-0.00760123,-0.00896987,-0.0103702,-0.0117965,-0.0132435,-0.0147059,-0.016177,-0.0176504,-0.0191204,-0.0205822,-0.0220309,-0.0234613,-0.0248685,-0.0262483,-0.0275968,-0.0289099,-0.0301844,-0.0314174,-0.0326057,-0.0337465,-0.0348375,-0.0358763,-0.0368612,-0.0377901,-0.0386613,-0.0394732,-0.0402246,-0.0409141,-0.0415404,-0.0421025,-0.0425993,-0.0430297,-0.043393,-0.043689,-0.043917,-0.0440764,-0.0441667,-0.0441873,-0.0441384,-0.0440201,-0.0438323,-0.0435802,-0.0432591,-0.0428699,-0.0424134,-0.0418901,-0.0413007,-0.0406463,-0.0399286,-0.0391489,-0.038309,-0.0374108,-0.0364564,-0.0354479,-0.0343882,-0.0332804,-0.0321275,-0.0309327,-0.0296998,-0.0284328,-0.0271364,-0.0258146,-0.0244721,-0.0231139,-0.0217452,-0.0203714,-0.0189978,-0.0176293,-0.0162714,-0.0149293,-0.0136076,-0.0123107,-0.0110425,-0.00980603,-0.00860357,-0.00743649,-0.00630513,-0.00520875,-0.00414544,-0.00311218,-0.0021053,-0.00112114,-0.00013825,0.000840272,0.00181318,0.00277573,0.00371561,0.00461061,0.005428,0.00612618,0.00665974,0.00698651,0.00707569,0.00691472,0.00651277,0.00589583,0.00589543
0.00705193,0.00705176,0.00715445,0.00725077,0.00733904,0.00741674,0.00748098,0.00752899,0.00755823,0.00756543,0.0075461,0.00749522,0.00740823,0.00728141,0.00711126,0.00689382,0.00662481,0.00630025,0.0059167,0.00547135,0.00496221,0.00438759,0.00374591,0.00303576,0.00225652,0.00140871,0.000493097,-0.000489197,-0.00153603,-0.00264398,-0.0038094,-0.00502907,-0.00629924,-0.00761499,-0.00897043,-0.0103596,-0.0117768,-0.0132172,-0.0146754,-0.0161448,-0.0176188,-0.0190921,-0.0205598,-0.0220169,-0.0234582,-0.0248788,-0.0262743,-0.0276407,-0.0289741,-0.0302713,-0.0315291,-0.0327444,-0.0339141,-0.035036,-0.0361081,-0.0371283,-0.0380946,-0.0390049,-0.039858,-0.0406524,-0.041387,-0.0420604,-0.0426714,-0.0432189,-0.0437017,-0.0441192,-0.0444712,-0.0447569,-0.0449755,-0.0451262,-0.045209,-0.0452234,-0.0451697,-0.0450477,-0.0448576,-0.0446041,-0.0442829,-0.0438948,-0.0434402,-0.0429197,-0.0423344,-0.0416856,-0.0409745,-0.0402026,-0.0393717,-0.0384835,-0.03754,-0.0365437,-0.0354976,-0.0344043,-0.0332668,-0.0320884,-0.030873,-0.0296248,-0.0283479,-0.0270464,-0.0257252,-0.0243893,-0.0230438,-0.021694,-0.0203448,-0.0190016,-0.0176699,-0.0163546,-0.0150602,-0.0137912,-0.0125513,-0.0113435,-0.0101701,-0.00903231,-0.00793042,-0.00686354,-0.00582947,-0.00482515,-0.0038463,-0.00288813,-0.00192726,-0.00097297,-2.37724e-05,0.000916054,0.00183443,0.00270957,0.00350901,0.00419184,0.00471324,0.0050316,0.00511688,0.00495835,0.00456757,0.00397332,0.00397294
0.00689062,0.0068907,0.00699858,0.00709813,0.00718702,0.00726224,0.00732078,0.00735977,0.00737568,0.00736379,0.00731903,0.00723698,0.0071142,0.00694746,0.00673307,0.00646702,0.00614579,0.00576635,0.0053263,0.00482392,0.00425757,0.00362569,0.0029268,0.00216033,0.00132659,0.000426245,-0.000540015,-0.00157033,-0.00266168,-0.00381084,-0.0050149,-0.00627049,-0.00757283,-0.00891639,-0.0102954,-0.0117047,-0.0131393,-0.0145939,-0.0160621,-0.0175373,-0.0190141,-0.0204879,-0.0219536,-0.0234059,-0.0248397,-0.0262506,-0.0276345,-0.0289877,-0.030307,-0.0315888,-0.0328302,-0.0340279,-0.0351797,-0.0362838,-0.0373381,-0.0383403,-0.0392885,-0.040181,-0.041017,-0.041795,-0.0425138,-0.043172,-0.0437683,-0.0443017,-0.0447716,-0.0451778,-0.0455194,-0.0457953,-0.0460049,-0.0461479,-0.0462242,-0.0462334,-0.0461752,-0.0460493,-0.0458595,-0.0456048,-0.045284,-0.0448972,-0.0444449,-0.043928,-0.0433476,-0.0427048,-0.0420008,-0.0412372,-0.0404156,-0.0395376,-0.0386055,-0.0376221,-0.0365896,-0.0355108,-0.0343888,-0.033227,-0.0320294,-0.0307998,-0.029542,-0.0282606,-0.0269603,-0.0256462,-0.0243231,-0.0229961,-0.0216703,-0.0203514,-0.0190443,-0.0177539,-0.0164847,-0.0152412,-0.0140269,-0.0128449,-0.0116972,-0.0105849,-0.00950827,-0.00846611,-0.00745624,-0.00647545,-0.00551916,-0.00457517,-0.00363203,-0.00269399,-0.00175944,-0.000832526,7.48456e-05,0.000940606,0.00173248,0.00240948,0.00292694,0.00324304,0.00332862,0.00317431,0.00279465,0.00222104,0.00222071
0.006737,0.00673749,0.00684972,0.0069515,0.00704017,0.00711268,0.00716588,0.00719589,0.00719759,0.00716561,0.00709543,0.00698355,0.00682677,0.00662143,0.00636371,0.00605036,0.00567885,0.00524718,0.00475381,0.00419723,0.00357593,0.00288863,0.00213474,0.00131457,0.000428622,-0.000522557,-0.00153745,-0.00261351,-0.0037477,-0.0049374,-0.00617952,-0.00746954,-0.00880217,-0.0101721,-0.0115742,-0.0130039,-0.0144556,-0.0159231,-0.0174,-0.0188809,-0.0203611,-0.0218356,-0.0232989,-0.024746,-0.0261722,-0.0275735,-0.0289464,-0.0302873,-0.0315928,-0.0328595,-0.0340845,-0.0352655,-0.0364006,-0.0374879,-0.0385249,-0.0395095,-0.0404403,-0.0413163,-0.0421363,-0.0428989,-0.0436026,-0.044246,-0.0448283,-0.0453489,-0.0458076,-0.0462032,-0.0465346,-0.0468013,-0.047003,-0.0471393,-0.0472099,-0.0472143,-0.0471523,-0.0470238,-0.0468341,-0.0465792,-0.0462591,-0.045874,-0.0454246,-0.0449119,-0.0443368,-0.0437004,-0.0430041,-0.0422491,-0.0414368,-0.0405694,-0.0396494,-0.0386788,-0.0376599,-0.0365957,-0.0354894,-0.0343444,-0.0331643,-0.0319528,-0.030714,-0.0294523,-0.0281726,-0.0268795,-0.0255779,-0.0242727,-0.0229696,-0.0216736,-0.0203894,-0.0191221,-0.0178763,-0.016656,-0.0154649,-0.0143057,-0.0131805,-0.0120903,-0.0110349,-0.0100133,-0.00902306,-0.00806043,-0.00712063,-0.00618276,-0.00525159,-0.00432248,-0.00339432,-0.00247135,-0.00156587,-0.00070018,9.30894e-05,0.000772644,0.00129266,0.00161148,0.00170014,0.0015514,0.00118255,0.000627712,0.000627421
0.00659255,0.00659327,0.00670886,0.00681208,0.00690031,0.00697035,0.00701807,0.00703803,0.00702435,0.00697213,0.00687761,0.0067373,0.00654735,0.0063039,0.00600391,0.00564515,0.00522594,0.00474496,0.00420078,0.00359208,0.00291786,0.00217755,0.00137148,0.000500125,-0.000436118,-0.00143604,-0.00249728,-0.00361711,-0.00479318,-0.00602257,-0.00730107,-0.0086235,-0.00998493,-0.0113807,-0.012806,-0.0142554,-0.0157228,-0.0172019,-0.0186872,-0.0201743,-0.0216579,-0.0231326,-0.024593,-0.0260346,-0.0274535,-0.0288458,-0.0302083,-0.0315371,-0.0328288,-0.0340805,-0.03529,-0.0364556,-0.037575,-0.0386458,-0.0396657,-0.0406335,-0.0415484,-0.0424091,-0.043214,-0.0439616,-0.0446506,-0.0452801,-0.0458499,-0.0463593,-0.0468073,-0.0471925,-0.0475145,-0.0477731,-0.0479678,-0.048098,-0.0481634,-0.0481636,-0.0480988,-0.047969,-0.0477789,-0.0475242,-0.0472052,-0.0468224,-0.0463766,-0.0458685,-0.0452992,-0.0446697,-0.043981,-0.0432345,-0.0424321,-0.0415758,-0.0406678,-0.0397099,-0.0387047,-0.0376553,-0.0365646,-0.0354361,-0.0342733,-0.0330797,-0.0318595,-0.0306171,-0.0293572,-0.0280844,-0.0268034,-0.0255194,-0.0242377,-0.0229631,-0.0217004,-0.0204546,-0.0192302,-0.0180311,-0.0168607,-0.0157217,-0.0146161,-0.0135446,-0.0125071,-0.0115022,-0.0105271,-0.00957762,-0.0086444,-0.0077125,-0.00678555,-0.00585809,-0.00492863,-0.00400159,-0.00308972,-0.00221576,-0.00141319,-0.000724578,-0.000196581,0.000128594,0.000222605,8.02451e-05,-0.000278358,-0.000816329,-0.000816577
0.00645837,0.00645893,0.00657728,0.00668177,0.00676968,0.00683698,0.00687809,0.00688669,0.00685737,0.00678582,0.00666799,0.00649962,0.00627664,0.00599592,0.00565542,0.00525366,0.00478936,0.00426124,0.00366824,0.00300956,0.00228485,0.0014944,0.00063871,-0.000281863,-0.00126627,-0.00231245,-0.0034179,-0.0045804,-0.00579717,-0.00706425,-0.00837686,-0.00973027,-0.01112,-0.0125413,-0.0139888,-0.0154564,-0.016938,-0.0184283,-0.0199226,-0.0214156,-0.0229019,-0.0243761,-0.0258334,-0.0272698,-0.0286819,-0.0300659,-0.0314179,-0.0327344,-0.0340125,-0.0352502,-0.0364457,-0.0375967,-0.0387004,-0.0397547,-0.0407586,-0.0417113,-0.0426115,-0.0434574,-0.0442475,-0.0449806,-0.0456561,-0.0462734,-0.046832,-0.0473306,-0.047768,-0.0481437,-0.0484575,-0.0487088,-0.0488971,-0.0490217,-0.0490826,-0.0490796,-0.0490127,-0.0488817,-0.0486914,-0.0484374,-0.0481202,-0.0477402,-0.0472983,-0.0467954,-0.0462321,-0.0456093,-0.0449282,-0.0441907,-0.0433986,-0.0425535,-0.0416571,-0.0407119,-0.0397206,-0.0386859,-0.0376107,-0.0364985,-0.0353524,-0.0341763,-0.0329743,-0.0317508,-0.03051,-0.0292566,-0.0279955,-0.0267317,-0.0254701,-0.0242155,-0.0229729,-0.0217471,-0.0205423,-0.0193622,-0.0182103,-0.017089,-0.0160002,-0.0149446,-0.0139218,-0.0129299,-0.011966,-0.0110256,-0.0100895,-0.00916062,-0.00823242,-0.0073001,-0.00636242,-0.00542404,-0.0044982,-0.00360864,-0.00279034,-0.00208722,-0.00154693,-0.0012127,-0.00111181,-0.00124751,-0.00159653,-0.00211939,-0.0021196
0.00633549,0.00633572,0.00645677,0.0065626,0.00664993,0.00671344,0.00674664,0.00674356,0.00669927,0.00660905,0.00646794,0.00627136,0.0060159,0.00569948,0.00532066,0.00487812,0.00437062,0.00379724,0.00315751,0.00245139,0.00167904,0.000840977,-6.23236e-05,-0.00102995,-0.00206006,-0.00315031,-0.00429857,-0.00550222,-0.00675753,-0.00806005,-0.00940534,-0.010789,-0.0122064,-0.013652,-0.01512,-0.0166043,-0.0180999,-0.0196017,-0.0211045,-0.0226027,-0.0240908,-0.0255641,-0.0270185,-0.0284505,-0.0298562,-0.0312314,-0.0325726,-0.0338771,-0.0351429,-0.036368,-0.03755,-0.0386861,-0.0397742,-0.0408134,-0.041803,-0.0427417,-0.0436275,-0.0444588,-0.0452348,-0.0459549,-0.0466184,-0.0472246,-0.0477723,-0.0482603,-0.0486881,-0.0490555,-0.0493619,-0.0496065,-0.0497889,-0.0499087,-0.0499658,-0.0499601,-0.0498915,-0.0497599,-0.0495699,-0.049317,-0.0490018,-0.0486251,-0.0481876,-0.0476898,-0.0471323,-0.0465163,-0.0458435,-0.0451154,-0.0443334,-0.043499,-0.0426143,-0.041682,-0.0407044,-0.0396841,-0.0386242,-0.0375277,-0.0363981,-0.035239,-0.0340548,-0.0328493,-0.031627,-0.0303923,-0.0291502,-0.0279054,-0.0266627,-0.025427,-0.0242031,-0.0229956,-0.0218085,-0.0206455,-0.0195099,-0.0184041,-0.0173297,-0.0162873,-0.0152759,-0.0142934,-0.013337,-0.0123955,-0.0114586,-0.0105262,-0.00959101,-0.00864782,-0.00769545,-0.00673902,-0.00579262,-0.00488128,-0.00404159,-0.00331933,-0.00276383,-0.00241846,-0.00230985,-0.00243893,-0.00277918,-0.00328858,-0.00328876
0.00622541,0.00622543,0.00634923,0.00645619,0.00654199,0.00660047,0.00662539,0.00661121,0.00655238,0.00644316,0.00627827,0.00605382,0.00576735,0.00541721,0.00500189,0.00452005,0.00397099,0.00335453,0.00267064,0.00191965,0.00110206,0.000218532,-0.000730112,-0.00174228,-0.0028158,-0.0039485,-0.00513791,-0.00638054,-0.00767224,-0.00900877,-0.0103859,-0.0117988,-0.0132423,-0.0147104,-0.0161976,-0.0176984,-0.0192079,-0.0207206,-0.0222308,-0.0237331,-0.0252227,-0.0266956,-0.0281478,-0.0295753,-0.0309739,-0.0323401,-0.033671,-0.0349649,-0.0362195,-0.0374323,-0.0386004,-0.0397218,-0.0407958,-0.0418217,-0.042798,-0.0437227,-0.0445942,-0.045412,-0.0461755,-0.0468839,-0.0475363,-0.0481316,-0.0486688,-0.0491473,-0.0495668,-0.0499266,-0.050226,-0.0504645,-0.0506417,-0.0507574,-0.0508114,-0.0508032,-0.0507329,-0.0506022,-0.0504124,-0.0501609,-0.0498483,-0.0494752,-0.0490419,-0.048549,-0.0479975,-0.0473889,-0.0467246,-0.0460056,-0.0452333,-0.0444097,-0.0435369,-0.0426173,-0.041653,-0.0406469,-0.0396017,-0.0385206,-0.037407,-0.0362647,-0.0350975,-0.0339093,-0.0327046,-0.0314878,-0.0302637,-0.0290368,-0.0278119,-0.0265938,-0.0253872,-0.0241964,-0.0230252,-0.0218775,-0.0207563,-0.0196639,-0.0186015,-0.0175694,-0.0165663,-0.01559,-0.0146366,-0.0136885,-0.012748,-0.0118075,-0.01086,-0.00990029,-0.00892722,-0.00794659,-0.00697365,-0.00603514,-0.00516962,-0.00442485,-0.00385172,-0.0034941,-0.00337749,-0.00350018,-0.00383253,-0.00433009,-0.00433023
0.00612999,0.00613007,0.00625637,0.00636359,0.00644674,0.00649984,0.00651695,0.00649184,0.00641792,0.00628907,0.00610061,0.00584954,0.00553369,0.00515118,0.00470045,0.00418085,0.00359241,0.00293525,0.00220959,0.00141608,0.000555517,-0.000371276,-0.00136292,-0.0024174,-0.0035325,-0.00470582,-0.00593417,-0.00721359,-0.00854008,-0.00990955,-0.0113172,-0.0127578,-0.0142256,-0.0157151,-0.017221,-0.0187379,-0.0202604,-0.0217827,-0.0232995,-0.0248057,-0.0262972,-0.0277699,-0.0292195,-0.0306419,-0.0320332,-0.033391,-0.0347131,-0.0359973,-0.0372407,-0.0384405,-0.039595,-0.0407034,-0.0417652,-0.0427785,-0.0437413,-0.0446522,-0.0455108,-0.0463166,-0.0470688,-0.0477663,-0.0484079,-0.0489928,-0.0495206,-0.0499908,-0.0504026,-0.0507553,-0.0510484,-0.0512816,-0.0514543,-0.0515664,-0.0516174,-0.0516072,-0.0515355,-0.0514066,-0.0512173,-0.0509676,-0.0506577,-0.050288,-0.0498588,-0.049371,-0.0488261,-0.0482251,-0.0475689,-0.0468587,-0.0460961,-0.0452834,-0.0444223,-0.043515,-0.0425637,-0.0415713,-0.0405405,-0.0394743,-0.0383763,-0.03725,-0.0360991,-0.0349275,-0.0337397,-0.0325399,-0.0313327,-0.0301226,-0.0289144,-0.0277127,-0.0265218,-0.0253461,-0.0241894,-0.0230553,-0.0219466,-0.0208654,-0.0198126,-0.0187882,-0.0177911,-0.0168188,-0.015857,-0.0149047,-0.0139559,-0.0130029,-0.0120381,-0.0110564,-0.0100571,-0.00904685,-0.00804227,-0.0070722,-0.00617718,-0.00540739,-0.0048151,-0.00444451,-0.00431991,-0.00443666,-0.00476213,-0.0052493,-0.00524942
0.00605118,0.00605144,0.00617942,0.00628594,0.0063661,0.00641412,0.00642337,0.00638659,0.00629683,0.00614839,0.00593741,0.00566106,0.00531679,0.00490271,0.00441802,0.0038628,0.00323719,0.00254143,0.0017762,0.000942435,4.09789e-05,-0.000926893,-0.00195931,-0.00305407,-0.00420876,-0.00542051,-0.00668558,-0.00800024,-0.00936039,-0.0107613,-0.0121977,-0.0136641,-0.0151551,-0.0166653,-0.0181892,-0.0197212,-0.0212556,-0.0227867,-0.0243096,-0.02582,-0.0273134,-0.0287855,-0.0302318,-0.0316488,-0.0330337,-0.0343844,-0.0356983,-0.0369724,-0.038204,-0.0393916,-0.0405344,-0.0416315,-0.0426813,-0.0436816,-0.0446313,-0.04553,-0.0463773,-0.0471722,-0.0479135,-0.0486003,-0.0492318,-0.0498076,-0.0503271,-0.0507894,-0.051194,-0.0515404,-0.0518281,-0.0520564,-0.0522252,-0.052334,-0.0523828,-0.0523711,-0.0522989,-0.0521708,-0.0519828,-0.051735,-0.0514278,-0.0510614,-0.0506366,-0.0501546,-0.0496164,-0.0490225,-0.0483741,-0.0476726,-0.0469199,-0.0461178,-0.0452679,-0.0443725,-0.0434339,-0.0424548,-0.0414379,-0.0403863,-0.0393032,-0.0381922,-0.0370568,-0.0359011,-0.0347292,-0.0335455,-0.0323542,-0.0311599,-0.0299672,-0.0287804,-0.027604,-0.0264419,-0.0252982,-0.0241761,-0.023078,-0.0220058,-0.0209603,-0.0199413,-0.0189474,-0.0179712,-0.0170027,-0.016042,-0.0150808,-0.0141107,-0.0131238,-0.0121151,-0.0110845,-0.0100398,-0.00899927,-0.00799373,-0.00706644,-0.00626981,-0.00565754,-0.00527398,-0.00514172,-0.00525334,-0.00557283,-0.00605096,-0.00605106
0.00599068,0.00599095,0.00611971,0.00622516,0.00630248,0.00634522,0.00634581,0.0062966,0.00619086,0.00602366,0.00579125,0.00549024,0.00511812,0.00467374,0.00415708,0.00356821,0.00290727,0.00217494,0.00137229,0.000500332,-0.000439862,-0.00144662,-0.00251767,-0.00365065,-0.00484281,-0.00609089,-0.00739114,-0.00873967,-0.0101317,-0.0115621,-0.0130256,-0.0145167,-0.0160302,-0.0175602,-0.019101,-0.0206467,-0.022192,-0.0237316,-0.0252609,-0.0267752,-0.0282699,-0.0297406,-0.0311837,-0.0325962,-0.0339757,-0.0353195,-0.0366246,-0.0378882,-0.039109,-0.0402861,-0.0414186,-0.0425046,-0.043542,-0.04453,-0.0454682,-0.0463562,-0.047193,-0.0479773,-0.0487081,-0.0493851,-0.0500077,-0.0505753,-0.0510869,-0.0515421,-0.0519404,-0.0522812,-0.0525637,-0.0527877,-0.052953,-0.0530593,-0.0531062,-0.0530934,-0.0530213,-0.0528939,-0.0527071,-0.0524613,-0.0521568,-0.0517941,-0.0513742,-0.050898,-0.050366,-0.0497789,-0.0491382,-0.0484455,-0.0477025,-0.0469105,-0.0460715,-0.0451877,-0.0442615,-0.0432952,-0.0422917,-0.0412539,-0.0401851,-0.0390886,-0.0379681,-0.0368274,-0.0356707,-0.034502,-0.0333256,-0.032146,-0.0309675,-0.0297945,-0.0286311,-0.0274815,-0.0263492,-0.0252372,-0.0241478,-0.0230827,-0.0220425,-0.0210265,-0.0200319,-0.019046,-0.0180706,-0.0170984,-0.016121,-0.0151294,-0.0141159,-0.0130756,-0.0120092,-0.0109256,-0.0098452,-0.0088011,-0.00783949,-0.00701491,-0.00638246,-0.00598638,-0.00584722,-0.00595439,-0.0062689,-0.00673925,-0.00673933
0.00594983,0.0059499,0.00607915,0.00618356,0.00625772,0.00629434,0.00628549,0.0062236,0.00610251,0.00591742,0.00566392,0.00533852,0.0049396,0.00446674,0.00391982,0.00329889,0.00260445,0.00183772,0.000999729,9.15008e-05,-0.000885414,-0.00192883,-0.00303633,-0.00420542,-0.00543314,-0.00671593,-0.00804989,-0.00943046,-0.0108525,-0.0123108,-0.0138002,-0.0153152,-0.0168499,-0.0183983,-0.0199547,-0.0215135,-0.0230694,-0.0246174,-0.0261525,-0.02767,-0.0291654,-0.0306348,-0.0320753,-0.0334841,-0.0348581,-0.0361945,-0.0374906,-0.0387449,-0.0399565,-0.0411242,-0.0422462,-0.0433206,-0.0443467,-0.045324,-0.0462521,-0.0471301,-0.0479565,-0.0487307,-0.0494521,-0.0501206,-0.0507351,-0.0512948,-0.0517993,-0.0522482,-0.0526408,-0.0529762,-0.0532541,-0.0534746,-0.0536371,-0.053741,-0.0537863,-0.053773,-0.0537011,-0.0535743,-0.053389,-0.0531453,-0.0528437,-0.052485,-0.0520701,-0.0515992,-0.051073,-0.0504927,-0.0498599,-0.0491758,-0.0484419,-0.0476598,-0.0468313,-0.0459588,-0.0450443,-0.0440903,-0.0430995,-0.042075,-0.0410197,-0.0399371,-0.0388306,-0.0377041,-0.0365616,-0.0354069,-0.0342444,-0.0330784,-0.031913,-0.0307525,-0.0296011,-0.0284625,-0.02734,-0.0262364,-0.025154,-0.0240942,-0.0230573,-0.0220421,-0.0210373,-0.0200452,-0.0190595,-0.0180723,-0.0170748,-0.0160578,-0.0150134,-0.0139372,-0.0128306,-0.0117042,-0.0105806,-0.00949581,-0.00849843,-0.00764544,-0.00699326,-0.00658534,-0.00644015,-0.00654388,-0.00685433,-0.00731799,-0.00731805
0.00593014,0.00593017,0.00605986,0.00616276,0.00623287,0.00626266,0.0062441,0.00616993,0.00603416,0.00583131,0.00555671,0.00520786,0.00478378,0.00428397,0.00370813,0.00305668,0.00233082,0.00153168,0.000660132,-0.000282395,-0.00129378,-0.00237163,-0.00351362,-0.00471709,-0.00597876,-0.00729466,-0.00866039,-0.010071,-0.0115214,-0.0130066,-0.0145209,-0.0160584,-0.0176129,-0.0191786,-0.0207498,-0.0223212,-0.0238874,-0.025443,-0.0269832,-0.0285033,-0.0299995,-0.0314683,-0.0329066,-0.0343114,-0.0356795,-0.0370085,-0.0382968,-0.0395432,-0.0407463,-0.0419044,-0.0430158,-0.0440798,-0.045096,-0.0460638,-0.0469823,-0.0478503,-0.0486671,-0.0494322,-0.0501455,-0.0508059,-0.0514128,-0.0519655,-0.0524638,-0.0529069,-0.0532939,-0.0536246,-0.0538989,-0.0541163,-0.054276,-0.054378,-0.0544222,-0.0544086,-0.0543368,-0.0542109,-0.0540271,-0.0537857,-0.0534874,-0.0531329,-0.0527224,-0.0522564,-0.0517361,-0.0511627,-0.0505375,-0.0498616,-0.0491365,-0.0483638,-0.0475456,-0.0466838,-0.0457804,-0.0448381,-0.0438595,-0.0428476,-0.0418052,-0.0407356,-0.0396423,-0.0385292,-0.0373999,-0.0362583,-0.0351087,-0.0339551,-0.0328017,-0.0316526,-0.0305117,-0.0293826,-0.0282684,-0.0271718,-0.0260949,-0.0250386,-0.024003,-0.0229786,-0.0219684,-0.0209671,-0.0199679,-0.0189623,-0.017941,-0.0168945,-0.0158151,-0.0146988,-0.0135483,-0.0123758,-0.0112064,-0.010079,-0.00904514,-0.00816395,-0.00749277,-0.00707415,-0.00692403,-0.00702528,-0.00733263,-0.00779067,-0.00779071
0.00593364,0.00593392,0.00606341,0.00616389,0.00622934,0.00625203,0.00622394,0.00613798,0.0059875,0.00576662,0.00547164,0.00510077,0.00465288,0.00412719,0.00352382,0.0028439,0.00208852,0.00125856,0.000355245,-0.000619371,-0.00166296,-0.00277342,-0.00394836,-0.00518463,-0.00647841,-0.00782543,-0.00922102,-0.0106603,-0.0121381,-0.0136487,-0.0151864,-0.0167448,-0.018318,-0.0199003,-0.021486,-0.0230695,-0.024645,-0.0262074,-0.0277522,-0.0292752,-0.0307725,-0.0322407,-0.0336766,-0.035077,-0.0364395,-0.0377622,-0.0390437,-0.0402825,-0.0414769,-0.0426256,-0.0437277,-0.0447827,-0.0457899,-0.0467486,-0.0476577,-0.0485165,-0.0493247,-0.050082,-0.0507875,-0.0514404,-0.0520404,-0.0525871,-0.0530795,-0.053517,-0.0538993,-0.0542263,-0.0544973,-0.0547116,-0.0548689,-0.0549694,-0.0550127,-0.0549987,-0.0549277,-0.0548028,-0.0546207,-0.0543818,-0.0540868,-0.0537359,-0.0533295,-0.0528685,-0.0523542,-0.0517875,-0.0511695,-0.0505014,-0.0497848,-0.0490212,-0.0482126,-0.0473609,-0.0464682,-0.0455371,-0.0445701,-0.04357,-0.0425396,-0.0414823,-0.0404015,-0.0393008,-0.0381837,-0.0370543,-0.0359165,-0.0347743,-0.0336317,-0.0324928,-0.0313611,-0.0302402,-0.0291329,-0.0280419,-0.0269688,-0.0259136,-0.0248702,-0.0238415,-0.0228234,-0.0218102,-0.0207943,-0.0197669,-0.0187181,-0.0176383,-0.01652,-0.0153598,-0.0141619,-0.0129404,-0.0117231,-0.010552,-0.00948153,-0.00857292,-0.00788395,-0.00745602,-0.00730222,-0.00740204,-0.0077072,-0.00816053,-0.00816054
0.00596233,0.00596275,0.006091,0.0061885,0.00624902,0.00626454,0.00622714,0.00612922,0.00596365,0.0057253,0.00541121,0.00501942,0.00454854,0.00399815,0.00336912,0.00266249,0.00187911,0.00102003,8.71233e-05,-0.000917424,-0.00199159,-0.00313324,-0.00433942,-0.00560655,-0.00693051,-0.00830685,-0.00973091,-0.0111976,-0.0127012,-0.014236,-0.0157956,-0.0173738,-0.018965,-0.0205633,-0.0221626,-0.023757,-0.0253411,-0.0269102,-0.0284598,-0.0299856,-0.0314839,-0.0329512,-0.0343844,-0.0357809,-0.0371387,-0.0384558,-0.0397307,-0.0409619,-0.0421482,-0.0432886,-0.0443825,-0.0454291,-0.0464277,-0.0473776,-0.0482781,-0.0491288,-0.0499295,-0.0506793,-0.0513776,-0.0520238,-0.0526178,-0.0531586,-0.0536455,-0.0540783,-0.0544568,-0.0547803,-0.055048,-0.0552596,-0.0554151,-0.0555143,-0.0555567,-0.0555422,-0.0554733,-0.0553491,-0.0551687,-0.0549323,-0.0546402,-0.0542926,-0.0538904,-0.0534346,-0.052926,-0.0523656,-0.0517544,-0.0510939,-0.0503853,-0.0496303,-0.0488309,-0.0479888,-0.0471062,-0.0461857,-0.0452296,-0.0442405,-0.0432214,-0.0421757,-0.0411065,-0.0400172,-0.0389115,-0.0377932,-0.0366662,-0.0355343,-0.0344015,-0.0332715,-0.0321478,-0.0310336,-0.029932,-0.0288452,-0.0277724,-0.0267115,-0.0256648,-0.0246296,-0.0236011,-0.0225731,-0.0215376,-0.0204849,-0.019405,-0.0182882,-0.0171272,-0.0159197,-0.0146712,-0.0133983,-0.0121317,-0.0109164,-0.00980975,-0.00887486,-0.00816967,-0.00773407,-0.00757804,-0.0076775,-0.00798128,-0.00843069,-0.00843069
0.00601752,0.00601774,0.00614425,0.00623855,0.00629385,0.00630214,0.0062552,0.00614487,0.00596451,0.00570971,0.00537739,0.00496534,0.00447248,0.00389912,0.00324612,0.00251419,0.00170435,0.000818146,-0.000142361,-0.00117526,-0.00227856,-0.00344965,-0.00468518,-0.0059813,-0.00733375,-0.00873816,-0.0101893,-0.0116819,-0.01321,-0.0147674,-0.0163477,-0.0179451,-0.0195536,-0.0211668,-0.0227786,-0.0243832,-0.0259758,-0.0275515,-0.0291057,-0.030634,-0.0321331,-0.0335995,-0.0350305,-0.0364237,-0.037777,-0.0390886,-0.0403572,-0.0415815,-0.0427606,-0.0438936,-0.0449796,-0.0460183,-0.047009,-0.047951,-0.0488438,-0.0496872,-0.0504808,-0.0512237,-0.0519155,-0.0525558,-0.0531441,-0.0536795,-0.0541618,-0.0545906,-0.0549655,-0.0552856,-0.0555504,-0.0557599,-0.0559139,-0.0560119,-0.0560537,-0.0560391,-0.0559717,-0.0558486,-0.05567,-0.0554359,-0.0551464,-0.0548023,-0.0544044,-0.0539535,-0.0534502,-0.0528958,-0.0522912,-0.0516377,-0.0509367,-0.0501899,-0.0493992,-0.0485662,-0.0476932,-0.0467825,-0.0458365,-0.0448578,-0.0438494,-0.0428144,-0.0417558,-0.040677,-0.0395818,-0.0384738,-0.0373565,-0.0362339,-0.0351098,-0.0339874,-0.0328705,-0.0317618,-0.0306645,-0.0295769,-0.0285008,-0.0274376,-0.0263856,-0.0253416,-0.0243002,-0.0232547,-0.0221963,-0.0211151,-0.0200006,-0.0188432,-0.0176361,-0.016378,-0.0150761,-0.0137499,-0.0124329,-0.0111735,-0.0100318,-0.00907226,-0.00835284,-0.00791136,-0.00775456,-0.00785471,-0.00815796,-0.00860414,-0.00860414
0.0061003,0.00610031,0.00622498,0.00631564,0.00636546,0.0063663,0.0063094,0.00618673,0.00599231,0.00572178,0.00537179,0.00494036,0.00442698,0.00383215,0.00315651,0.00240077,0.00156622,0.000654713,-0.000331744,-0.00139155,-0.00252237,-0.00372111,-0.00498424,-0.00630776,-0.0076874,-0.00911828,-0.0105951,-0.0121122,-0.0136633,-0.0152421,-0.0168423,-0.0184582,-0.0200829,-0.02171,-0.0233335,-0.0249484,-0.0265493,-0.0281311,-0.0296893,-0.0312201,-0.03272,-0.034186,-0.0356151,-0.037005,-0.038354,-0.0396606,-0.0409237,-0.0421419,-0.0433142,-0.0444401,-0.045519,-0.0465505,-0.0475338,-0.0484686,-0.0493546,-0.0501914,-0.0509784,-0.051715,-0.052401,-0.0530359,-0.0536189,-0.0541497,-0.054628,-0.0550532,-0.0554245,-0.0557415,-0.056004,-0.0562118,-0.0563644,-0.0564615,-0.056503,-0.0564886,-0.0564221,-0.0563004,-0.0561235,-0.0558914,-0.0556048,-0.0552642,-0.0548704,-0.054424,-0.0539259,-0.0533771,-0.0527786,-0.0521317,-0.0514379,-0.050699,-0.0499163,-0.0490919,-0.0482278,-0.0473263,-0.0463897,-0.0454207,-0.0444222,-0.043397,-0.0423482,-0.0412793,-0.0401936,-0.0390947,-0.0379863,-0.0368719,-0.0357553,-0.0346394,-0.0335285,-0.0324227,-0.0313235,-0.0302355,-0.0291582,-0.028091,-0.0270317,-0.0259765,-0.0249198,-0.0238539,-0.0227696,-0.0216565,-0.020504,-0.0193025,-0.0180459,-0.0167342,-0.0153768,-0.0139958,-0.0126281,-0.0113252,-0.0101498,-0.00916773,-0.00843628,-0.00799095,-0.00783493,-0.00793692,-0.00824037,-0.00868389,-0.00868387
0.00621229,0.00621232,0.00633464,0.00642125,0.00646534,0.00645829,0.00639123,0.00625671,0.0060489,0.00576308,0.00539608,0.00494639,0.00441389,0.00379897,0.00310197,0.00232391,0.0014664,0.000531301,-0.000479836,-0.00156508,-0.00272166,-0.00394631,-0.00523543,-0.00658494,-0.00799023,-0.00944621,-0.0109474,-0.0124877,-0.0140605,-0.0156597,-0.0172792,-0.0189123,-0.020552,-0.0221923,-0.0238276,-0.0254524,-0.0270609,-0.0286483,-0.0302105,-0.031744,-0.033245,-0.0347105,-0.0361376,-0.0375246,-0.0388701,-0.0401724,-0.0414303,-0.0426427,-0.0438088,-0.0449283,-0.0460009,-0.0470257,-0.0480023,-0.0489307,-0.0498105,-0.0506411,-0.051422,-0.0521531,-0.0528339,-0.0534637,-0.0540422,-0.054569,-0.0550435,-0.0554651,-0.0558333,-0.0561479,-0.0564084,-0.0566146,-0.0567661,-0.0568625,-0.0569037,-0.0568895,-0.056824,-0.0567036,-0.0565282,-0.0562984,-0.0560145,-0.0556772,-0.0552873,-0.0548452,-0.0543519,-0.0538083,-0.0532155,-0.052575,-0.0518882,-0.0511564,-0.0503812,-0.0495648,-0.0487091,-0.047816,-0.0468883,-0.0459283,-0.0449388,-0.0439225,-0.0428828,-0.0418228,-0.0407457,-0.0396552,-0.0385545,-0.0374472,-0.0363375,-0.0352259,-0.0341155,-0.0330108,-0.0319134,-0.0308245,-0.0297441,-0.0286709,-0.0276023,-0.0265337,-0.0254589,-0.0243698,-0.0232565,-0.0221083,-0.0209143,-0.0196655,-0.0183563,-0.0169884,-0.0155735,-0.0141369,-0.0127186,-0.0113733,-0.0101663,-0.00916415,-0.00842311,-0.007976,-0.00782237,-0.00792723,-0.00823155,-0.00867292,-0.00867288
0.00635525,0.00635536,0.00647461,0.00655678,0.00659469,0.00657943,0.00650251,0.00635667,0.00613576,0.0058351,0.00545197,0.00498533,0.00443508,0.00380115,0.00308406,0.00228527,0.0014065,0.000449107,-0.00058535,-0.00169436,-0.002875,-0.00412408,-0.00543777,-0.00681178,-0.00824135,-0.00972124,-0.0112455,-0.0128075,-0.014401,-0.01602,-0.0176577,-0.0193068,-0.0209608,-0.0226141,-0.0242608,-0.0258945,-0.0275101,-0.0291032,-0.0306698,-0.032206,-0.0337079,-0.0351726,-0.0365983,-0.0379833,-0.0393256,-0.0406239,-0.0418769,-0.043084,-0.0442447,-0.0453587,-0.0464253,-0.0474439,-0.0484147,-0.0493373,-0.0502113,-0.0510362,-0.0518118,-0.0525379,-0.0532138,-0.0538392,-0.0544137,-0.0549367,-0.0554077,-0.0558262,-0.0561918,-0.0565042,-0.056763,-0.0569678,-0.0571183,-0.057214,-0.057255,-0.0572414,-0.0571767,-0.0570574,-0.0568837,-0.0566559,-0.0563747,-0.0560407,-0.0556543,-0.0552162,-0.0547273,-0.0541886,-0.0536014,-0.0529669,-0.0522864,-0.0515611,-0.0507932,-0.0499842,-0.049136,-0.0482508,-0.0473312,-0.0463795,-0.0453982,-0.0443902,-0.0433588,-0.0423068,-0.0412373,-0.0401544,-0.0390604,-0.0379581,-0.0368497,-0.0357412,-0.0346344,-0.0335315,-0.0324341,-0.031343,-0.0302579,-0.0291768,-0.0280966,-0.0270123,-0.0259168,-0.0248015,-0.0236561,-0.0224695,-0.0212309,-0.0199314,-0.0185668,-0.0171404,-0.0156667,-0.0141739,-0.0127058,-0.0113199,-0.0100836,-0.00906406,-0.00831619,-0.00786964,-0.00772004,-0.00782885,-0.00813466,-0.00857425,-0.00857421
0.00653048,0.00653065,0.00664627,0.00672347,0.00675474,0.00673132,0.0066449,0.00648793,0.00625416,0.00593934,0.00554127,0.00505899,0.00449188,0.00383996,0.00310435,0.00228652,0.00138773,0.000409244,-0.000646829,-0.00177795,-0.00298127,-0.00425337,-0.00559024,-0.0069875,-0.00844026,-0.00994263,-0.0114883,-0.013071,-0.0146846,-0.0163223,-0.0179767,-0.0196411,-0.0213094,-0.0229753,-0.0246322,-0.0262744,-0.0278973,-0.0294964,-0.0310672,-0.0326056,-0.0341083,-0.0355731,-0.0369981,-0.0383812,-0.0397206,-0.0410151,-0.0422639,-0.0434664,-0.0446224,-0.0457311,-0.0467921,-0.0478055,-0.048771,-0.0496883,-0.0505569,-0.0513768,-0.0521477,-0.0528692,-0.0535409,-0.0541622,-0.054733,-0.0552525,-0.0557204,-0.0561362,-0.0564995,-0.0568099,-0.0570672,-0.0572708,-0.0574201,-0.0575153,-0.0575565,-0.0575434,-0.0574795,-0.0573613,-0.0571891,-0.0569634,-0.0566848,-0.0563536,-0.0559705,-0.0555361,-0.0550514,-0.0545175,-0.0539355,-0.0533064,-0.0526316,-0.0519126,-0.0511512,-0.050349,-0.0495078,-0.0486299,-0.0477177,-0.0467736,-0.0457998,-0.0447992,-0.0437754,-0.0427307,-0.0416671,-0.0405884,-0.0394977,-0.0383996,-0.0372964,-0.0361912,-0.0350865,-0.0339841,-0.0328853,-0.0317906,-0.0306988,-0.029608,-0.0285141,-0.0274116,-0.0262928,-0.0251484,-0.0239678,-0.0227396,-0.021453,-0.0200999,-0.0186772,-0.0171906,-0.0156571,-0.0141084,-0.0125914,-0.0111672,-0.0099046,-0.00887081,-0.00811902,-0.00767533,-0.00753136,-0.00764508,-0.00795296,-0.00839105,-0.00839101
0.00673912,0.00673933,0.00685073,0.00692242,0.00694687,0.00691547,0.00681966,0.00665162,0.00640543,0.00607747,0.00566565,0.00516853,0.00458537,0.00391689,0.00316438,0.0023288,0.00141113,0.000413123,-0.000663059,-0.00181488,-0.00303947,-0.00433325,-0.00569211,-0.00711152,-0.00858594,-0.0101092,-0.0116753,-0.0132781,-0.0149108,-0.0165658,-0.0182362,-0.0199157,-0.0215976,-0.023275,-0.0249417,-0.0265926,-0.028223,-0.0298277,-0.0314022,-0.0329428,-0.034447,-0.0359126,-0.037337,-0.0387182,-0.040055,-0.0413464,-0.0425916,-0.0437902,-0.0449417,-0.0460457,-0.047102,-0.0481107,-0.0490713,-0.0499837,-0.0508476,-0.051663,-0.0524296,-0.053147,-0.0538147,-0.0544325,-0.0549998,-0.0555163,-0.0559814,-0.0563947,-0.0567559,-0.0570647,-0.0573205,-0.0575227,-0.0576713,-0.0577663,-0.0578076,-0.0577951,-0.0577318,-0.0576145,-0.0574438,-0.0572202,-0.0569439,-0.0566153,-0.0562352,-0.0558043,-0.0553236,-0.0547941,-0.0542168,-0.0535927,-0.0529233,-0.0522101,-0.0514546,-0.0506586,-0.0498239,-0.0489526,-0.048047,-0.0471103,-0.0461432,-0.0451486,-0.0441294,-0.0430883,-0.0420299,-0.0409567,-0.0398715,-0.0387778,-0.0376781,-0.0365753,-0.0354715,-0.0343684,-0.0332669,-0.0321668,-0.0310667,-0.0299641,-0.0288543,-0.0277311,-0.0265862,-0.0254099,-0.024191,-0.0229179,-0.0215802,-0.0201706,-0.0186877,-0.0171393,-0.0155456,-0.0139416,-0.0123778,-0.0109179,-0.00963223,-0.00858764,-0.0078349,-0.00739652,-0.00725985,-0.00737942,-0.00768979,-0.00812655,-0.00812651
0.00698221,0.00698236,0.00708896,0.00715482,0.00717247,0.0071331,0.00702776,0.00684888,0.0065912,0.0062512,0.00582632,0.00531496,0.00471707,0.00403366,0.00326551,0.00241316,0.00147796,0.000461899,-0.000633003,-0.00180436,-0.00304899,-0.00436317,-0.00574284,-0.00718285,-0.00867741,-0.0102207,-0.0118066,-0.0134284,-0.0150787,-0.0167502,-0.0184363,-0.0201302,-0.0218247,-0.023513,-0.0251897,-0.0268495,-0.0284869,-0.0300967,-0.0316749,-0.0332185,-0.0347248,-0.036191,-0.0376148,-0.0389947,-0.0403294,-0.0416182,-0.0428604,-0.0440555,-0.0452031,-0.046303,-0.0473552,-0.0483594,-0.0493156,-0.0502237,-0.0510835,-0.0518949,-0.0526576,-0.0533712,-0.0540354,-0.0546498,-0.0552141,-0.0557277,-0.0561904,-0.0566015,-0.0569609,-0.057268,-0.0575222,-0.0577233,-0.0578714,-0.0579663,-0.0580077,-0.0579957,-0.0579329,-0.0578167,-0.0576475,-0.0574256,-0.0571514,-0.0568252,-0.056448,-0.0560203,-0.0555432,-0.0550177,-0.0544448,-0.0538254,-0.0531609,-0.0524527,-0.0517024,-0.0509128,-0.050084,-0.0492181,-0.0483181,-0.0473846,-0.0464219,-0.0454327,-0.0444193,-0.0433844,-0.0423313,-0.0412629,-0.0401822,-0.0390918,-0.0379947,-0.0368932,-0.0357893,-0.0346841,-0.0335784,-0.0324713,-0.0313612,-0.0302447,-0.0291167,-0.0279703,-0.0267966,-0.0255853,-0.0243249,-0.0230038,-0.0216121,-0.0201435,-0.0185985,-0.0169872,-0.0153334,-0.0136754,-0.0120671,-0.0105747,-0.00926965,-0.00821793,-0.00746753,-0.0070369,-0.00690912,-0.00703543,-0.00734866,-0.00778417,-0.00778412
0.00726054,0.00726059,0.00736195,0.00742181,0.00743255,0.00738492,0.00727006,0.00708114,0.00681293,0.00646141,0.00602385,0.00549941,0.00488848,0.00419144,0.00340846,0.00254054,0.00158937,0.00055658,-0.00055592,-0.00174553,-0.00300892,-0.00434237,-0.0057414,-0.00720063,-0.00871445,-0.010277,-0.0118817,-0.0135211,-0.0151881,-0.0168757,-0.0185769,-0.0202842,-0.0219906,-0.0236901,-0.0253769,-0.0270449,-0.0286887,-0.0303035,-0.031886,-0.0334331,-0.0349414,-0.0364084,-0.037832,-0.039211,-0.0405443,-0.041831,-0.0430706,-0.0442626,-0.0454068,-0.0465032,-0.0475516,-0.048552,-0.0495043,-0.0504085,-0.0512646,-0.0520724,-0.0528316,-0.0535417,-0.0542027,-0.0548142,-0.0553757,-0.0558868,-0.0563472,-0.0567564,-0.057114,-0.0574193,-0.0576722,-0.0578726,-0.0580203,-0.0581147,-0.0581557,-0.0581451,-0.0580826,-0.0579673,-0.0577993,-0.0575789,-0.0573066,-0.0569829,-0.0566082,-0.0561835,-0.0557097,-0.0551877,-0.054619,-0.0540042,-0.0533437,-0.0526397,-0.0518938,-0.0511069,-0.050282,-0.0494211,-0.0485259,-0.0475984,-0.0466413,-0.0456575,-0.0446493,-0.0436195,-0.0425711,-0.0415068,-0.0404295,-0.0393417,-0.0382462,-0.037145,-0.0360396,-0.0349312,-0.0338197,-0.0327041,-0.0315821,-0.0304496,-0.0293011,-0.0281288,-0.0269234,-0.0256741,-0.024369,-0.0229969,-0.0215484,-0.0200185,-0.0184097,-0.0167353,-0.0150219,-0.0133116,-0.0116618,-0.0101407,-0.00882035,-0.00776548,-0.00702071,-0.00660024,-0.0064829,-0.0066168,-0.00693319,-0.00736744,-0.00736739
0.00757483,0.00757485,0.00767062,0.00772421,0.00772759,0.00767155,0.00754789,0.0073497,0.00707129,0.00670854,0.00625944,0.00572352,0.00510065,0.00439064,0.00359395,0.00271208,0.00174625,0.000697738,-0.000431234,-0.00163782,-0.00291874,-0.0042702,-0.0056873,-0.00716481,-0.00869707,-0.0102778,-0.0118998,-0.0135559,-0.0152391,-0.0169421,-0.0186573,-0.0203775,-0.022096,-0.0238065,-0.0255027,-0.0271784,-0.0288284,-0.0304489,-0.0320363,-0.0335867,-0.0350971,-0.0365651,-0.0379891,-0.0393677,-0.0406999,-0.041985,-0.0432224,-0.0444119,-0.0455533,-0.0466465,-0.0476917,-0.0486887,-0.0496375,-0.0505384,-0.0513912,-0.0521957,-0.0529516,-0.0536587,-0.0543169,-0.0549256,-0.0554846,-0.0559933,-0.0564516,-0.0568589,-0.0572147,-0.0575185,-0.0577704,-0.0579701,-0.0581172,-0.0582112,-0.0582519,-0.0582423,-0.0581803,-0.0580657,-0.0578987,-0.0576796,-0.0574094,-0.0570879,-0.0567156,-0.0562933,-0.0558223,-0.055303,-0.0547361,-0.0541232,-0.0534662,-0.0527662,-0.0520247,-0.0512429,-0.0504228,-0.0495666,-0.0486762,-0.0477537,-0.0468018,-0.0458227,-0.0448191,-0.0437937,-0.0427492,-0.0416882,-0.0406135,-0.0395275,-0.0384326,-0.0373306,-0.0362227,-0.0351096,-0.0339908,-0.032865,-0.0317291,-0.0305785,-0.0294069,-0.0282061,-0.026966,-0.0256756,-0.0243229,-0.0228969,-0.021389,-0.0197959,-0.0181223,-0.0163845,-0.0146128,-0.0128529,-0.011165,-0.0096194,-0.00828824,-0.00723423,-0.0064985,-0.00609064,-0.00598528,-0.00612747,-0.00644724,-0.00688011,-0.00688006
0.00792582,0.00792592,0.00801556,0.0080623,0.00805809,0.00799415,0.00786225,0.00765493,0.00736651,0.00699356,0.0065344,0.00598807,0.00535389,0.00463188,0.00382308,0.00292848,0.00194879,0.0008857,-0.000258352,-0.00148064,-0.00277801,-0.00414625,-0.00558041,-0.00707527,-0.0086249,-0.0102225,-0.0118609,-0.013533,-0.0152316,-0.0169491,-0.0186778,-0.0204108,-0.022141,-0.0238619,-0.0255668,-0.0272501,-0.0289071,-0.0305336,-0.0321256,-0.0336793,-0.035192,-0.0366616,-0.0380864,-0.0394651,-0.0407967,-0.0420806,-0.0433164,-0.0445038,-0.0456427,-0.0467333,-0.0477756,-0.0487696,-0.0497156,-0.0506136,-0.0514634,-0.0522647,-0.0530177,-0.0537223,-0.0543779,-0.054984,-0.0555406,-0.0560472,-0.0565035,-0.0569088,-0.0572629,-0.0575655,-0.0578165,-0.0580153,-0.0581619,-0.0582556,-0.0582961,-0.058287,-0.0582253,-0.0581114,-0.0579451,-0.0577269,-0.0574567,-0.0571359,-0.0567652,-0.056345,-0.0558763,-0.0553597,-0.0547962,-0.0541868,-0.0535334,-0.0528373,-0.0520998,-0.0513222,-0.0505065,-0.0496546,-0.0487686,-0.0478507,-0.0469032,-0.0459283,-0.0449287,-0.0439069,-0.0428656,-0.0418072,-0.0407344,-0.0396493,-0.038554,-0.03745,-0.0363384,-0.0352193,-0.0340919,-0.032954,-0.0318021,-0.0306311,-0.0294339,-0.0282017,-0.0269242,-0.0255897,-0.0241864,-0.0227036,-0.021134,-0.019476,-0.0177371,-0.0159365,-0.0141083,-0.0123018,-0.01058,-0.00901461,-0.00767727,-0.00662844,-0.00590517,-0.00551238,-0.00542043,-0.00557152,-0.00589475,-0.00632604,-0.00632599
0.00831401,0.00831418,0.00839696,0.00843647,0.00842492,0.00835347,0.00821329,0.00799704,0.00769952,0.00731766,0.00684934,0.00629314,0.00564858,0.00491613,0.00409644,0.00318981,0.00219741,0.00112119,-3.67033e-05,-0.0012738,-0.0025865,-0.00397035,-0.00542059,-0.00693181,-0.00849755,-0.0101109,-0.011765,-0.0134524,-0.0151657,-0.016897,-0.0186389,-0.0203841,-0.0221254,-0.0238561,-0.0255697,-0.027261,-0.0289252,-0.0305576,-0.0321541,-0.0337113,-0.0352267,-0.0366983,-0.0381243,-0.0395035,-0.0408351,-0.0421183,-0.0433528,-0.0445385,-0.0456755,-0.0467639,-0.0478038,-0.0487954,-0.049739,-0.0506342,-0.051481,-0.0522796,-0.0530303,-0.0537326,-0.0543856,-0.0549894,-0.0555438,-0.0560484,-0.0565026,-0.0569061,-0.0572588,-0.0575603,-0.0578101,-0.0580075,-0.0581522,-0.0582446,-0.0582847,-0.0582756,-0.0582142,-0.0581005,-0.0579348,-0.0577175,-0.057449,-0.0571299,-0.0567609,-0.0563427,-0.0558762,-0.0553622,-0.0548014,-0.0541954,-0.0535455,-0.0528528,-0.0521186,-0.0513448,-0.050533,-0.049685,-0.0488031,-0.0478892,-0.0469454,-0.0459742,-0.0449781,-0.0439594,-0.0429206,-0.0418641,-0.0407923,-0.0397072,-0.0386106,-0.0375036,-0.036387,-0.0352605,-0.0341226,-0.0329708,-0.0318009,-0.0306071,-0.0293817,-0.0281155,-0.0267974,-0.0254158,-0.0239589,-0.0224168,-0.0207835,-0.0190595,-0.0172551,-0.0153931,-0.013511,-0.0116617,-0.00991049,-0.00833033,-0.00699187,-0.0059526,-0.00524529,-0.00486992,-0.00479268,-0.00495319,-0.00527989,-0.00570933,-0.00570928
0.00873952,0.00873964,0.00881504,0.00884733,0.00882857,0.00874941,0.00860106,0.00837661,0.00807114,0.00768115,0.0072042,0.00663904,0.00598557,0.00524392,0.00441405,0.0034965,0.00249278,0.00140454,0.000233588,-0.00101727,-0.00234409,-0.00374253,-0.00520786,-0.00673422,-0.00831499,-0.00994332,-0.0116122,-0.0133142,-0.0150415,-0.0167862,-0.0185406,-0.0202973,-0.0220493,-0.0237895,-0.0255121,-0.0272115,-0.0288827,-0.0305208,-0.0321219,-0.033683,-0.0352015,-0.0366757,-0.0381034,-0.0394836,-0.0408154,-0.0420983,-0.0433319,-0.0445165,-0.0456521,-0.0467387,-0.0477768,-0.0487664,-0.0497076,-0.0506002,-0.0514445,-0.0522409,-0.0529888,-0.0536877,-0.0543381,-0.0549397,-0.055492,-0.0559944,-0.0564467,-0.0568486,-0.0571998,-0.0574998,-0.0577481,-0.0579444,-0.0580886,-0.0581806,-0.0582206,-0.0582115,-0.05815,-0.0580365,-0.0578714,-0.0576551,-0.0573878,-0.0570701,-0.0567027,-0.0562863,-0.0558218,-0.05531,-0.054752,-0.0541489,-0.0535019,-0.0528121,-0.0520812,-0.0513108,-0.0505025,-0.0496582,-0.0487798,-0.0478693,-0.0469288,-0.0459608,-0.0449675,-0.0439512,-0.0429143,-0.041859,-0.0407874,-0.0397015,-0.0386025,-0.0374915,-0.0363686,-0.0352331,-0.0340832,-0.0329155,-0.0317254,-0.0305063,-0.0292501,-0.0279468,-0.0265852,-0.0251535,-0.0236402,-0.0220366,-0.020338,-0.0185474,-0.016678,-0.0147563,-0.0128235,-0.0109356,-0.00916035,-0.00757092,-0.00623663,-0.00521147,-0.00452351,-0.00416782,-0.00410648,-0.00427688,-0.00460698,-0.00503418,-0.00503414
0.00920216,0.00920221,0.00927002,0.00929496,0.00926869,0.00918185,0.00902596,0.00879422,0.00848144,0.00808385,0.00759914,0.00702639,0.00636511,0.00561492,0.00477585,0.00384874,0.00283479,0.00173536,0.000552336,-0.000710976,-0.00205077,-0.00346293,-0.00494229,-0.0064826,-0.00807741,-0.00971998,-0.0114031,-0.0131189,-0.0148593,-0.0166165,-0.0183828,-0.0201508,-0.0219131,-0.023663,-0.0253945,-0.0271018,-0.0287797,-0.0304235,-0.0320296,-0.0335949,-0.0351169,-0.0365932,-0.0380225,-0.0394039,-0.0407361,-0.042019,-0.0432524,-0.0444364,-0.045571,-0.0466565,-0.047693,-0.0486807,-0.0496196,-0.0505102,-0.0513527,-0.0521469,-0.0528925,-0.0535893,-0.0542377,-0.0548371,-0.0553872,-0.0558876,-0.0563382,-0.0567386,-0.0570882,-0.0573865,-0.0576335,-0.0578289,-0.0579724,-0.058064,-0.0581037,-0.0580942,-0.0580327,-0.0579195,-0.057755,-0.0575394,-0.057273,-0.0569564,-0.0565904,-0.0561757,-0.0557131,-0.0552034,-0.0546478,-0.0540471,-0.0534026,-0.0527156,-0.0519877,-0.0512203,-0.0504152,-0.049574,-0.0486986,-0.047791,-0.0468536,-0.0458883,-0.0448973,-0.0438828,-0.0428471,-0.0417923,-0.0407202,-0.0396325,-0.0385301,-0.0374138,-0.0362833,-0.0351373,-0.0339734,-0.0327878,-0.0315752,-0.0303284,-0.0290386,-0.0276953,-0.0262873,-0.0248025,-0.0232304,-0.0215631,-0.019798,-0.0179406,-0.0160075,-0.0140288,-0.0120493,-0.0101278,-0.0083341,-0.00674127,-0.00541653,-0.00441,-0.0037448,-0.00341095,-0.00336661,-0.00354718,-0.00388048,-0.004305,-0.00430496
0.00970174,0.00970181,0.00976165,0.00977888,0.00974508,0.00965101,0.00948821,0.00924966,0.00893005,0.00852567,0.00803446,0.00745517,0.00678687,0.00602912,0.00518215,0.0042465,0.00322301,0.00211347,0.000919627,-0.000354991,-0.00170705,-0.00313197,-0.00462406,-0.00617715,-0.00778505,-0.00944089,-0.011137,-0.0128652,-0.0146177,-0.0163866,-0.0181644,-0.019943,-0.0217153,-0.0234747,-0.0252149,-0.0269299,-0.0286145,-0.0302643,-0.0318758,-0.0334458,-0.0349717,-0.0364513,-0.0378831,-0.039266,-0.0405994,-0.041883,-0.0431168,-0.0443006,-0.0454347,-0.0465193,-0.0475544,-0.0485404,-0.0494778,-0.0503669,-0.0512076,-0.0519996,-0.052743,-0.053438,-0.0540845,-0.0546818,-0.0552298,-0.0557285,-0.0561773,-0.0565759,-0.0569238,-0.0572207,-0.0574665,-0.0576608,-0.0578035,-0.0578946,-0.0579337,-0.0579239,-0.0578624,-0.0577495,-0.0575853,-0.0573701,-0.0571044,-0.0567889,-0.0564242,-0.056011,-0.0555501,-0.0550423,-0.0544886,-0.05389,-0.0532478,-0.0525635,-0.0518382,-0.0510735,-0.0502711,-0.0494326,-0.0485599,-0.0476551,-0.0467201,-0.0457569,-0.0447677,-0.0437545,-0.0427195,-0.0416644,-0.040591,-0.0395005,-0.0383938,-0.037271,-0.0361314,-0.0349732,-0.0337935,-0.0325878,-0.0313503,-0.0300731,-0.0287468,-0.0273606,-0.0259031,-0.0243626,-0.0227293,-0.0209967,-0.0191644,-0.0172408,-0.0152458,-0.0132133,-0.0111916,-0.00924238,-0.0074364,-0.00584634,-0.00453679,-0.00355353,-0.00291435,-0.00260427,-0.00257783,-0.00276871,-0.00310495,-0.00352631,-0.00352627
0.0102379,0.010238,0.0102894,0.0102987,0.0102576,0.0101566,0.00998726,0.00974242,0.00941675,0.00900671,0.00850995,0.00792499,0.0072505,0.00648639,0.00563277,0.00468909,0.00365659,0.00253712,0.00133392,4.92922e-05,-0.00131331,-0.00274897,-0.00425198,-0.00581672,-0.00743679,-0.00910473,-0.0108126,-0.0125524,-0.0143164,-0.0160968,-0.0178854,-0.0196745,-0.0214567,-0.0232254,-0.0249741,-0.0266968,-0.0283885,-0.0300449,-0.0316624,-0.0332376,-0.0347677,-0.0362508,-0.0376854,-0.0390706,-0.0404059,-0.0416909,-0.0429254,-0.0441095,-0.0452434,-0.0463272,-0.0473614,-0.0483465,-0.0492829,-0.0501705,-0.0510091,-0.0517992,-0.052541,-0.0532342,-0.0538786,-0.0544739,-0.0550202,-0.055517,-0.055964,-0.0563607,-0.056707,-0.0570026,-0.057247,-0.0574402,-0.0575821,-0.0576724,-0.057711,-0.0577009,-0.0576393,-0.0575264,-0.0573623,-0.0571474,-0.0568824,-0.0565679,-0.0562043,-0.0557923,-0.0553328,-0.0548266,-0.0542746,-0.053678,-0.053038,-0.0523559,-0.0516329,-0.0508706,-0.0500705,-0.0492344,-0.0483641,-0.0474616,-0.0465286,-0.0455671,-0.0445792,-0.0435668,-0.0425318,-0.0414757,-0.0404001,-0.039306,-0.0381938,-0.0370631,-0.0359128,-0.0347406,-0.0335431,-0.0323152,-0.0310502,-0.0297398,-0.0283741,-0.0269421,-0.0254323,-0.0238335,-0.022137,-0.020338,-0.0184384,-0.0164497,-0.0143956,-0.0123133,-0.0102548,-0.00828404,-0.00647254,-0.00489172,-0.00360296,-0.00264743,-0.0020374,-0.00175296,-0.00174514,-0.00194636,-0.00228517,-0.00270277,-0.00270274
0.0108098,0.0108099,0.0108525,0.0108539,0.0108055,0.0106979,0.0105224,0.010272,0.0099413,0.00952651,0.00902497,0.00843546,0.00775558,0.00698455,0.00612331,0.00517291,0.00413386,0.00300768,0.00179653,0.000503127,-0.000868495,-0.00231344,-0.00382656,-0.00540209,-0.00703298,-0.00871158,-0.0104302,-0.012181,-0.0139562,-0.0157474,-0.0175463,-0.0193454,-0.0211376,-0.0229154,-0.0246725,-0.0264031,-0.0281024,-0.029766,-0.0313897,-0.0329702,-0.0345049,-0.035992,-0.0374301,-0.0388184,-0.040156,-0.0414428,-0.0426785,-0.0438632,-0.0449972,-0.0460809,-0.0471148,-0.0480994,-0.0490347,-0.0499206,-0.0507578,-0.0515465,-0.0522867,-0.0529779,-0.0536204,-0.0542139,-0.0547584,-0.0552533,-0.0556984,-0.0560934,-0.0564382,-0.0567322,-0.0569753,-0.0571674,-0.0573083,-0.0573977,-0.0574359,-0.0574253,-0.0573634,-0.0572502,-0.057086,-0.0568715,-0.0566071,-0.0562933,-0.0559306,-0.0555196,-0.0550613,-0.0545565,-0.0540061,-0.0534113,-0.0527732,-0.052093,-0.051372,-0.0506118,-0.0498139,-0.0489799,-0.0481118,-0.0472111,-0.0462796,-0.0453194,-0.0443324,-0.0433201,-0.0422844,-0.0412266,-0.0401481,-0.0390493,-0.0379303,-0.0367903,-0.0356277,-0.0344397,-0.0332222,-0.0319696,-0.0306745,-0.0293281,-0.0279201,-0.0264393,-0.0248745,-0.0232153,-0.021454,-0.0195878,-0.0176214,-0.0155696,-0.0134597,-0.0113327,-0.00924346,-0.00725795,-0.00544795,-0.00388298,-0.00262084,-0.0016974,-0.00111939,-0.000862084,-0.000873546,-0.00108503,-0.00142591,-0.00183913,-0.00183911
0.0114165,0.0114167,0.0114502,0.0114434,0.0113878,0.011274,0.0110931,0.0108379,0.0105029,0.0100844,0.0095784,0.00898203,0.00829658,0.00752137,0.00665588,0.00570064,0.00465639,0.00352434,0.00230644,0.00100585,-0.000373333,-0.00182655,-0.00334879,-0.00493371,-0.00657393,-0.00826214,-0.00999084,-0.0117521,-0.0135376,-0.0153387,-0.0171476,-0.0189567,-0.0207582,-0.0225449,-0.0243107,-0.0260497,-0.027757,-0.0294277,-0.0310576,-0.0326438,-0.0341837,-0.0356756,-0.0371179,-0.0385096,-0.0398501,-0.041139,-0.0423764,-0.0435621,-0.0446968,-0.045781,-0.0468151,-0.0477991,-0.0487333,-0.0496182,-0.0504544,-0.0512417,-0.0519801,-0.0526696,-0.0533104,-0.0539022,-0.0544448,-0.0549378,-0.0553811,-0.0557744,-0.0561174,-0.0564099,-0.0566516,-0.0568425,-0.0569821,-0.0570706,-0.0571086,-0.0570973,-0.0570348,-0.0569212,-0.0567571,-0.0565429,-0.0562788,-0.0559654,-0.0556034,-0.0551933,-0.054736,-0.0542324,-0.0536835,-0.0530902,-0.0524537,-0.0517752,-0.051056,-0.0502977,-0.0495017,-0.0486697,-0.0478032,-0.046904,-0.0459738,-0.0450144,-0.0440276,-0.0430149,-0.0419779,-0.0409177,-0.0398351,-0.0387305,-0.0376034,-0.0364525,-0.035276,-0.0340702,-0.0328306,-0.0315507,-0.0302227,-0.0288374,-0.0273842,-0.025852,-0.0242297,-0.0225079,-0.0206806,-0.0187472,-0.0167153,-0.0146032,-0.0124418,-0.0102757,-0.00816256,-0.0061697,-0.00436852,-0.00282629,-0.00159635,-0.00070915,-0.000165848,6.28547e-05,3.18214e-05,-0.000189672,-0.000532092,-0.000940254,-0.000940233
0.0120569,0.0120572,0.012081,0.0120661,0.0120036,0.011884,0.0116984,0.0114391,0.0111003,0.0106754,0.0101642,0.00956502,0.0088767,0.00809841,0.0072299,0.00627127,0.00522295,0.00408605,0.00286282,0.00155655,0.000170998,-0.00128952,-0.00281943,-0.0044121,-0.00606056,-0.00775768,-0.00949568,-0.0112663,-0.013061,-0.0148716,-0.0166901,-0.0185085,-0.0203191,-0.0221148,-0.0238894,-0.0256371,-0.0273522,-0.02903,-0.0306666,-0.0322591,-0.033805,-0.0353021,-0.0367489,-0.0381445,-0.0394884,-0.04078,-0.0420193,-0.0432068,-0.0443428,-0.0454279,-0.046462,-0.0474457,-0.0483795,-0.0492638,-0.050099,-0.0508849,-0.0516217,-0.0523097,-0.0529489,-0.0535389,-0.0540796,-0.0545708,-0.0550123,-0.0554038,-0.0557451,-0.056036,-0.0562764,-0.0564657,-0.056604,-0.0566912,-0.0567296,-0.0567172,-0.0566539,-0.0565399,-0.0563757,-0.0561615,-0.0558976,-0.0555845,-0.055223,-0.0548137,-0.0543573,-0.0538548,-0.053307,-0.0527151,-0.05208,-0.0514031,-0.0506856,-0.0499289,-0.0491345,-0.048304,-0.0474389,-0.0465408,-0.0456115,-0.0446525,-0.0436655,-0.0426518,-0.0416128,-0.0405492,-0.0394616,-0.0383498,-0.0372132,-0.03605,-0.0348576,-0.0336319,-0.0323676,-0.0310579,-0.0296942,-0.0282672,-0.026766,-0.0251796,-0.0234976,-0.0217118,-0.0198178,-0.0178178,-0.0157225,-0.0135536,-0.0113459,-0.00914721,-0.00701757,-0.00502521,-0.00324058,-0.00172778,-0.000535553,0.000311414,0.000817561,0.00101661,0.000965808,0.000734725,0.000391389,-1.09998e-05,-1.09879e-05
0.0127293,0.0127296,0.0127435,0.0127204,0.0126515,0.0125266,0.0123369,0.0120721,0.0117268,0.0112991,0.0107857,0.0101846,0.00949447,0.00871453,0.00784421,0.00688318,0.00583185,0.00469151,0.00346453,0.00215389,0.000763066,-0.000703251,-0.00223919,-0.00383835,-0.00549412,-0.00719908,-0.00894514,-0.0107239,-0.0125273,-0.0143468,-0.0161743,-0.0180015,-0.019821,-0.0216259,-0.0234093,-0.0251653,-0.0268881,-0.0285733,-0.0302173,-0.0318168,-0.0333689,-0.0348716,-0.0363235,-0.0377236,-0.0390712,-0.0403659,-0.0416079,-0.0427977,-0.0439355,-0.0450214,-0.046056,-0.04704,-0.0479737,-0.0488576,-0.0496917,-0.0504764,-0.0512121,-0.0518988,-0.0525364,-0.0531245,-0.0536633,-0.0541527,-0.0545924,-0.0549821,-0.0553218,-0.0556111,-0.0558497,-0.0560375,-0.0561746,-0.0562606,-0.0562983,-0.0562851,-0.0562211,-0.0561067,-0.0559422,-0.0557278,-0.0554639,-0.0551511,-0.0547901,-0.0543813,-0.0539256,-0.053424,-0.0528773,-0.0522865,-0.0516527,-0.0509772,-0.050261,-0.0495057,-0.0487128,-0.0478836,-0.0470195,-0.0461222,-0.0451933,-0.0442343,-0.0432465,-0.0422312,-0.0411893,-0.0401214,-0.0390276,-0.0379075,-0.0367599,-0.0355825,-0.0343721,-0.0331242,-0.0318328,-0.0304905,-0.0290884,-0.0276168,-0.0260648,-0.0244218,-0.0226781,-0.0208272,-0.0188667,-0.0168015,-0.0146456,-0.0124245,-0.0101764,-0.00795247,-0.0058144,-0.00383077,-0.00207043,-0.000593915,0.000555307,0.00135835,0.00182521,0.0019938,0.0019233,0.00168312,0.00133961,0.000943726,0.000943726
0.0134318,0.013432,0.0134359,0.013405,0.0133299,0.0132,0.0130027,0.0127332,0.0123856,0.011956,0.0114412,0.0108392,0.0101486,0.00936818,0.008497,0.00753469,0.00648165,0.00533941,0.00411008,0.00279625,0.00140158,-6.8851e-05,-0.0016094,-0.00321398,-0.00487583,-0.00658728,-0.00834017,-0.0101264,-0.0119375,-0.0137651,-0.0156008,-0.0174365,-0.0192649,-0.0210785,-0.0228705,-0.0246345,-0.0263654,-0.0280587,-0.0297105,-0.031317,-0.0328755,-0.0343844,-0.035842,-0.037247,-0.0385987,-0.0398972,-0.0411427,-0.0423351,-0.0434748,-0.0445621,-0.0455978,-0.0465824,-0.0475162,-0.0483996,-0.0492331,-0.0500171,-0.0507518,-0.0514371,-0.0520729,-0.0526594,-0.0531965,-0.0536841,-0.0541219,-0.0545098,-0.0548478,-0.0551352,-0.0553721,-0.0555585,-0.0556942,-0.0557791,-0.0558157,-0.0558016,-0.0557369,-0.0556219,-0.0554569,-0.0552422,-0.0549783,-0.0546656,-0.0543047,-0.0538964,-0.0534414,-0.0529405,-0.0523947,-0.051805,-0.0511723,-0.0504979,-0.049783,-0.049029,-0.0482372,-0.0474089,-0.0465456,-0.0456488,-0.04472,-0.0437604,-0.0427712,-0.0417534,-0.0407078,-0.0396345,-0.0385334,-0.0374034,-0.0362431,-0.0350497,-0.0338193,-0.0325467,-0.0312255,-0.0298478,-0.0284045,-0.0268855,-0.0252801,-0.0235782,-0.0217716,-0.019855,-0.0178287,-0.0157005,-0.0134879,-0.01122,-0.00893862,-0.00669728,-0.00455933,-0.00259311,-0.000864972,0.000568625,0.00166977,0.00242561,0.00285148,0.00298908,0.00289919,0.0026506,0.00230767,0.00191905,0.00191905
0.014162,0.0141621,0.0141562,0.0141178,0.0140357,0.0138979,0.0136965,0.0134241,0.0130748,0.012644,0.0121288,0.0115271,0.0108371,0.0100571,0.00918618,0.00822382,0.00717069,0.00602807,0.00479758,0.00348195,0.00208522,0.000612273,-0.000931676,-0.00254047,-0.00420693,-0.00592341,-0.00768207,-0.00947462,-0.0112925,-0.0131273,-0.0149707,-0.0168147,-0.0186513,-0.0204731,-0.0222732,-0.0240455,-0.0257849,-0.0274865,-0.0291459,-0.0307597,-0.0323255,-0.0338411,-0.0353045,-0.0367147,-0.0380714,-0.0393744,-0.0406237,-0.0418191,-0.0429612,-0.0440505,-0.0450877,-0.046073,-0.0470072,-0.0478906,-0.0487239,-0.0495073,-0.050241,-0.0509248,-0.0515591,-0.0521441,-0.0526795,-0.0531652,-0.0536012,-0.0539874,-0.0543234,-0.054609,-0.0548442,-0.0550291,-0.0551634,-0.055247,-0.0552823,-0.0552671,-0.0552017,-0.055086,-0.0549205,-0.0547054,-0.0544412,-0.0541285,-0.0537677,-0.0533598,-0.0529053,-0.0524051,-0.05186,-0.0512711,-0.0506394,-0.0499659,-0.0492521,-0.0484992,-0.0477082,-0.0468806,-0.0460178,-0.0451212,-0.0441919,-0.0432312,-0.0422399,-0.0412188,-0.0401684,-0.0390886,-0.0379788,-0.0368376,-0.0356628,-0.0344511,-0.0331983,-0.0318986,-0.0305449,-0.0291291,-0.0276416,-0.0260725,-0.0244113,-0.022649,-0.0207783,-0.0187964,-0.0167059,-0.0145178,-0.0122533,-0.0099451,-0.00763802,-0.00538796,-0.00325927,-0.00131916,0.000368881,0.00175321,0.00280161,0.00350732,0.00389081,0.00399726,0.00388844,0.00363221,0.00329072,0.00291014,0.00291013
0.0149175,0.0149177,0.0149021,0.0148547,0.0147647,0.0146219,0.0144171,0.0141425,0.0137919,0.0133608,0.0128464,0.0122461,0.0115576,0.0107792,0.0099096,0.00894877,0.00789715,0.00675532,0.00552505,0.00420936,0.00281227,0.00133805,-0.000207885,-0.00181915,-0.00348869,-0.00520899,-0.00697218,-0.00876981,-0.0105935,-0.0124347,-0.0142851,-0.0161365,-0.0179806,-0.0198101,-0.0216184,-0.0233993,-0.0251472,-0.0268568,-0.0285241,-0.0301458,-0.0317192,-0.0332415,-0.0347112,-0.0361274,-0.0374898,-0.0387977,-0.0400509,-0.0412499,-0.0423951,-0.0434867,-0.0445256,-0.0455122,-0.0464472,-0.0473311,-0.0481644,-0.0489472,-0.0496798,-0.0503625,-0.0509957,-0.0515791,-0.0521128,-0.0525967,-0.053031,-0.0534153,-0.0537492,-0.054033,-0.0542666,-0.0544499,-0.0545826,-0.0546647,-0.0546987,-0.0546825,-0.0546161,-0.0544996,-0.0543334,-0.0541177,-0.0538532,-0.0535404,-0.0531797,-0.052772,-0.0523179,-0.0518182,-0.0512737,-0.0506855,-0.0500545,-0.049382,-0.0486691,-0.0479169,-0.0471265,-0.0462993,-0.0454367,-0.0445397,-0.0436094,-0.0426468,-0.0416527,-0.0406275,-0.0395713,-0.0384837,-0.0373637,-0.0362094,-0.0350182,-0.0337862,-0.0325085,-0.0311789,-0.02979,-0.0283332,-0.0267989,-0.0251771,-0.0234582,-0.0216341,-0.0196992,-0.0176528,-0.0155005,-0.0132568,-0.0109462,-0.00860494,-0.00628072,-0.00403136,-0.0019213,-1.6158e-05,0.00162416,0.00295302,0.00394442,0.00459753,0.00493783,0.00501318,0.00488613,0.00462322,0.00428404,0.00391226,0.00391223
0.0156957,0.015696,0.0156696,0.0156133,0.0155168,0.0153696,0.0151619,0.0148855,0.0145345,0.0141044,0.0135918,0.0129937,0.0123077,0.0115318,0.0106652,0.00970754,0.00865849,0.00751881,0.00629052,0.00497662,0.00358048,0.00210654,0.000560342,-0.00105176,-0.00272294,-0.00444568,-0.0062119,-0.00801338,-0.00984173,-0.0116885,-0.0135449,-0.0154026,-0.0172537,-0.0190908,-0.0209071,-0.0226962,-0.0244521,-0.0261699,-0.0278456,-0.0294756,-0.0310564,-0.0325858,-0.0340625,-0.0354855,-0.0368539,-0.0381669,-0.0394249,-0.040628,-0.0417764,-0.0428709,-0.043912,-0.0449004,-0.0458366,-0.0467212,-0.0475545,-0.0483369,-0.049069,-0.0497509,-0.0503828,-0.0509647,-0.0514968,-0.0519792,-0.0524115,-0.0527937,-0.0531258,-0.0534079,-0.0536398,-0.0538213,-0.0539522,-0.0540329,-0.0540657,-0.0540483,-0.0539807,-0.0538632,-0.0536961,-0.05348,-0.053215,-0.052902,-0.0525413,-0.0521337,-0.0516798,-0.0511804,-0.0506364,-0.0500488,-0.0494185,-0.0487468,-0.0480344,-0.0472826,-0.0464926,-0.0456656,-0.0448027,-0.0439048,-0.0429729,-0.0420078,-0.04101,-0.0399796,-0.0389164,-0.0378196,-0.0366878,-0.0355185,-0.0343086,-0.0330539,-0.0317489,-0.0303868,-0.0289598,-0.0274592,-0.0258754,-0.0241988,-0.0224206,-0.020534,-0.0185353,-0.0164263,-0.0142158,-0.0119215,-0.00957157,-0.00720546,-0.00487342,-0.00263459,-0.000552805,0.00130855,0.0028936,0.00416138,0.00509205,0.0056907,0.00598721,0.00603192,0.00588758,0.00561899,0.00528303,0.0049208,0.00492076
0.0164935,0.0164938,0.0164565,0.0163918,0.0162894,0.0161381,0.0159279,0.0156506,0.0153001,0.0148719,0.0143621,0.0137671,0.0130846,0.0123128,0.0114507,0.0104972,0.0094521,0.00831629,0.00709181,0.00578111,0.00438755,0.00291565,0.001371,-0.000240285,-0.00191145,-0.00363492,-0.00540278,-0.00720688,-0.00903876,-0.0108897,-0.0127509,-0.0146142,-0.0164716,-0.0183159,-0.0201397,-0.0219365,-0.0237004,-0.0254268,-0.0271109,-0.0287488,-0.0303373,-0.0318746,-0.033359,-0.034789,-0.0361635,-0.0374824,-0.0387456,-0.0399532,-0.0411056,-0.0422035,-0.0432473,-0.0442379,-0.0451756,-0.046061,-0.0468947,-0.0476772,-0.0484089,-0.04909,-0.0497208,-0.0503015,-0.0508322,-0.0513128,-0.0517432,-0.0521236,-0.052454,-0.0527343,-0.0529642,-0.0531437,-0.053273,-0.0533523,-0.0533837,-0.0533649,-0.0532959,-0.0531774,-0.0530096,-0.0527927,-0.0525273,-0.0522139,-0.0518531,-0.0514454,-0.0509916,-0.0504924,-0.0499488,-0.0493617,-0.048732,-0.0480607,-0.0473486,-0.0465971,-0.0458072,-0.0449799,-0.0441161,-0.0432168,-0.0422827,-0.0413142,-0.0403116,-0.0392749,-0.0382033,-0.0370958,-0.0359502,-0.0347639,-0.0335333,-0.0322533,-0.0309182,-0.0295208,-0.028053,-0.0265059,-0.0248703,-0.0231371,-0.0212986,-0.0193495,-0.0172883,-0.0151196,-0.0128553,-0.0105166,-0.00813511,-0.0057533,-0.00342341,-0.00120513,0.000838585,0.00264732,0.00417001,0.00537162,0.00623845,0.00678121,0.00703386,0.00704874,0.00688823,0.00661505,0.00628326,0.00593129,0.00593124
0.0173081,0.0173084,0.0172602,0.0171875,0.0170794,0.0169245,0.0167123,0.016435,0.0160862,0.0156607,0.0151542,0.0145633,0.0138857,0.0131195,0.012263,0.0113149,0.0102753,0.0091453,0.00792623,0.00662032,0.00523112,0.00376328,0.00222197,0.000613179,-0.00105617,-0.00277873,-0.00454674,-0.00635207,-0.00818592,-0.0100395,-0.0119044,-0.0137725,-0.0156356,-0.0174862,-0.0193168,-0.021121,-0.0228931,-0.0246276,-0.0263198,-0.0279657,-0.0295627,-0.0311083,-0.0326005,-0.0340377,-0.0354191,-0.0367443,-0.0380131,-0.0392257,-0.0403827,-0.0414845,-0.0425316,-0.0435246,-0.0444641,-0.0453509,-0.0461854,-0.0469683,-0.0476997,-0.0483803,-0.0490103,-0.0495899,-0.0501192,-0.0505981,-0.0510268,-0.0514055,-0.0517341,-0.0520124,-0.0522402,-0.052418,-0.0525458,-0.0526235,-0.0526532,-0.0526328,-0.0525626,-0.0524431,-0.0522742,-0.0520566,-0.0517906,-0.0514767,-0.0511156,-0.0507078,-0.050254,-0.049755,-0.0492116,-0.0486248,-0.0479954,-0.0473241,-0.0466123,-0.0458608,-0.0450705,-0.0442424,-0.0433773,-0.0424758,-0.0415386,-0.0405658,-0.0395574,-0.038513,-0.0374316,-0.0363115,-0.0351503,-0.0339448,-0.0326909,-0.0313831,-0.0300151,-0.0285797,-0.0270684,-0.0254725,-0.023783,-0.0219919,-0.0200927,-0.0180818,-0.0159604,-0.0137358,-0.0114232,-0.00904738,-0.00664316,-0.00425554,-0.00193827,0.000248909,0.00224481,0.00399266,0.00544649,0.00657729,0.00737775,0.00786378,0.00807303,0.00805916,0.00788372,0.00760717,0.00728049,0.00693948,0.00693942
0.0181364,0.0181367,0.0180777,0.0179972,0.0178838,0.0177256,0.0175123,0.0172358,0.0168893,0.0164671,0.0159649,0.0153794,0.0147081,0.0139485,0.0130987,0.0121577,0.0111257,0.010003,0.00879074,0.00749148,0.00610872,0.0046468,0.00311066,0.00150634,-0.000159386,-0.00187939,-0.00364593,-0.00545058,-0.00728458,-0.00913956,-0.0110072,-0.0128789,-0.0147467,-0.0166026,-0.0184395,-0.0202508,-0.0220304,-0.0237726,-0.0254728,-0.0271272,-0.0287328,-0.0302869,-0.031787,-0.0332318,-0.0346205,-0.0359524,-0.0372275,-0.0384459,-0.039608,-0.040714,-0.0417646,-0.0427605,-0.0437025,-0.0445911,-0.0454268,-0.0462102,-0.0469418,-0.0476222,-0.0482516,-0.0488302,-0.0493581,-0.0498355,-0.0502628,-0.0506398,-0.0509665,-0.0512427,-0.0514688,-0.0516449,-0.0517709,-0.0518468,-0.0518748,-0.0518529,-0.0517815,-0.0516607,-0.0514908,-0.0512723,-0.0510055,-0.0506911,-0.0503296,-0.0499215,-0.0494675,-0.0489686,-0.0484254,-0.0478386,-0.0472091,-0.0465378,-0.0458258,-0.0450739,-0.0442828,-0.0434533,-0.0425862,-0.0416818,-0.0407405,-0.0397624,-0.0387469,-0.0376934,-0.0366004,-0.0354658,-0.0342868,-0.0330598,-0.03178,-0.0304417,-0.0290382,-0.0275619,-0.0260047,-0.0243578,-0.022613,-0.0207633,-0.0188036,-0.0167327,-0.0145543,-0.0122787,-0.00992466,-0.00752004,-0.00510276,-0.00271986,-0.000426138,0.00171938,0.00365801,0.00533699,0.00671595,0.00777225,0.00850447,0.00893356,0.0091002,0.0090589,0.00887005,0.00859136,0.00827072,0.0079413,0.00794123
0.0189752,0.0189755,0.018906,0.0188178,0.0186992,0.0185383,0.0183247,0.0180497,0.0177061,0.017288,0.0167913,0.0162125,0.0155484,0.0147966,0.013955,0.0130229,0.0119998,0.0108859,0.00968246,0.00839193,0.00701762,0.00556349,0.00403452,0.00243667,0.000776399,-0.000939162,-0.00270214,-0.0045041,-0.00633678,-0.00819183,-0.0100607,-0.0119347,-0.0138059,-0.0156663,-0.0175088,-0.0193264,-0.0211128,-0.0228624,-0.0245707,-0.0262337,-0.0278479,-0.0294102,-0.0309185,-0.0323715,-0.0337678,-0.035107,-0.0363889,-0.0376136,-0.038781,-0.0398918,-0.0409466,-0.0419461,-0.0428909,-0.0437815,-0.0446187,-0.0454032,-0.0461354,-0.0468158,-0.0474448,-0.0480226,-0.0485494,-0.0490257,-0.0494515,-0.0498268,-0.0501515,-0.0504259,-0.0506504,-0.0508246,-0.0509487,-0.0510229,-0.0510492,-0.0510258,-0.0509529,-0.0508307,-0.0506597,-0.0504402,-0.0501727,-0.0498576,-0.0494955,-0.0490871,-0.0486329,-0.0481338,-0.0475903,-0.0470033,-0.0463736,-0.0457021,-0.0449895,-0.0442366,-0.0434441,-0.0426126,-0.0417427,-0.0408345,-0.0398882,-0.0389034,-0.0378794,-0.0368151,-0.0357086,-0.0345575,-0.0333584,-0.0321074,-0.0307991,-0.0294275,-0.0279858,-0.0264663,-0.0248608,-0.0231612,-0.0213601,-0.0194518,-0.0174329,-0.0153047,-0.0130737,-0.0107533,-0.00836545,-0.00594138,-0.0035214,-0.00115437,0.00110464,0.00319801,0.00507006,0.00667286,0.00797184,0.00895045,0.00961331,0.00998585,0.0101112,0.0100442,0.00984342,0.00956387,0.00925022,0.00893297,0.00893289
0.0198211,0.0198215,0.0197414,0.0196457,0.0195224,0.0193594,0.0191461,0.0188731,0.018533,0.0181201,0.0176301,0.0170588,0.0164031,0.0156603,0.0148287,0.013907,0.0128944,0.011791,0.0105984,0.00931862,0.00795462,0.00651026,0.0049906,0.00340128,0.00174856,3.96357e-05,-0.00171755,-0.00351504,-0.00534478,-0.00719816,-0.00906646,-0.0109414,-0.0128147,-0.0146786,-0.0165256,-0.0183485,-0.0201411,-0.0218978,-0.023614,-0.0252853,-0.0269078,-0.0284785,-0.0299954,-0.0314567,-0.0328611,-0.034208,-0.0354972,-0.0367284,-0.0379018,-0.0390179,-0.0400775,-0.041081,-0.042029,-0.0429222,-0.0437615,-0.0445474,-0.0452806,-0.0459613,-0.0465901,-0.0471674,-0.0476935,-0.0481688,-0.0485932,-0.0489667,-0.0492898,-0.0495626,-0.0497852,-0.0499575,-0.0500798,-0.0501524,-0.050177,-0.0501519,-0.0500774,-0.0499539,-0.0497817,-0.0495611,-0.0492926,-0.0489767,-0.048614,-0.048205,-0.0477504,-0.0472508,-0.0467069,-0.0461194,-0.0454892,-0.044817,-0.0441033,-0.0433489,-0.0425544,-0.0417202,-0.0408465,-0.0399335,-0.0389808,-0.037988,-0.0369539,-0.0358769,-0.0347549,-0.033585,-0.0323635,-0.0310858,-0.0297464,-0.028339,-0.0268565,-0.0252914,-0.0236358,-0.0218823,-0.0200246,-0.0180584,-0.0159827,-0.013801,-0.0115228,-0.00916476,-0.00675212,-0.00431879,-0.00190736,0.000432257,0.0026454,0.00467631,0.00647313,0.00799314,0.00920765,0.0101064,0.0106996,0.0110165,0.0111022,0.0110113,0.0108004,0.0105213,0.0102155,0.00991094,0.00991085
0.0206706,0.0206711,0.0205805,0.0204775,0.02035,0.0201855,0.0199729,0.0197024,0.0193668,0.0189601,0.0184775,0.0179148,0.0172687,0.0165365,0.0157162,0.0148063,0.0138057,0.012715,0.0115352,0.0102681,0.00891639,0.00748416,0.00597601,0.00439733,0.00275444,0.00105458,-0.000694792,-0.00248601,-0.00431072,-0.00616036,-0.00802644,-0.0099006,-0.0117747,-0.0136407,-0.0154908,-0.017318,-0.0191162,-0.0208797,-0.0226032,-0.0242821,-0.0259127,-0.0274921,-0.0290176,-0.0304874,-0.0319002,-0.0332553,-0.034552,-0.0357902,-0.0369701,-0.0380923,-0.0391571,-0.040165,-0.0411167,-0.0420131,-0.042855,-0.0436428,-0.0443772,-0.0450586,-0.0456877,-0.0462648,-0.0467905,-0.0472648,-0.0476878,-0.04806,-0.0483817,-0.0486529,-0.0488736,-0.0490441,-0.0491647,-0.0492357,-0.0492584,-0.0492315,-0.0491555,-0.0490305,-0.048857,-0.0486352,-0.0483657,-0.0480489,-0.0476853,-0.0472756,-0.0468203,-0.0463199,-0.0457753,-0.0451871,-0.044556,-0.0438824,-0.0431671,-0.0424107,-0.0416133,-0.0407754,-0.039897,-0.0389778,-0.0380174,-0.0370149,-0.0359689,-0.0348772,-0.0337376,-0.0325466,-0.0313001,-0.0299931,-0.0286199,-0.0271741,-0.0256486,-0.0240359,-0.0223289,-0.020521,-0.0186072,-0.016585,-0.0144557,-0.0122255,-0.00990681,-0.00751965,-0.00509209,-0.00266054,-0.000269392,0.00203108,0.00418714,0.00614584,0.00785956,0.00929087,0.0104175,0.0112351,0.0117589,0.0120217,0.0120698,0.0119571,0.0117378,0.0114605,0.0111634,0.010872,0.0108719
0.02152,0.0215205,0.0214195,0.0213096,0.0211784,0.0210128,0.0208013,0.0205342,0.0202039,0.0198041,0.0193298,0.0187767,0.0181414,0.0174213,0.0166138,0.0157171,0.0147305,0.0136545,0.0124893,0.0112368,0.00989972,0.00848181,0.00698736,0.00542171,0.00379116,0.00210257,0.000363126,-0.00141948,-0.00323688,-0.00508074,-0.00694269,-0.00881436,-0.0106875,-0.0125538,-0.0144057,-0.0162364,-0.0180393,-0.0198086,-0.0215386,-0.0232248,-0.0248634,-0.0264512,-0.0279851,-0.0294636,-0.0308851,-0.0322485,-0.0335531,-0.0347989,-0.0359859,-0.0371145,-0.0381849,-0.0391977,-0.0401539,-0.0410541,-0.041899,-0.0426892,-0.0434251,-0.0441077,-0.0447375,-0.0453149,-0.0458403,-0.0463137,-0.0467358,-0.047107,-0.0474273,-0.0476968,-0.0479159,-0.0480846,-0.0482031,-0.0482731,-0.0482938,-0.0482652,-0.0481874,-0.0480609,-0.0478859,-0.0476629,-0.0473922,-0.0470743,-0.0467097,-0.0462989,-0.0458426,-0.0453413,-0.0447957,-0.0442062,-0.0435735,-0.0428981,-0.0421806,-0.0414211,-0.0406201,-0.0397774,-0.038893,-0.0379663,-0.0369967,-0.0359828,-0.0349227,-0.0338144,-0.0326548,-0.0314402,-0.030166,-0.0288272,-0.0274179,-0.0259313,-0.0243607,-0.022699,-0.0209398,-0.0190777,-0.0171092,-0.0150339,-0.0128555,-0.010583,-0.00823185,-0.00582506,-0.00339339,-0.000975417,0.00138339,0.00363287,0.00572114,0.00759844,0.00922178,0.0105596,0.0115958,0.0123318,0.0127874,0.0129981,0.0130111,0.0128788,0.012653,0.0123787,0.012091,0.0118131,0.011813
0.0223654,0.0223659,0.0222549,0.0221386,0.0220039,0.0218376,0.0216278,0.0213647,0.0210404,0.0206483,0.0201832,0.0196409,0.0190178,0.0183108,0.0175173,0.0166357,0.0156652,0.0146055,0.0134569,0.0122212,0.010901,0.00949964,0.00802131,0.00647126,0.00485552,0.00318056,0.00145345,-0.000318058,-0.00212581,-0.00396173,-0.00581756,-0.00768473,-0.00955478,-0.0114197,-0.0132721,-0.0151049,-0.0169113,-0.0186852,-0.0204209,-0.0221139,-0.0237601,-0.0253557,-0.0268982,-0.0283854,-0.0298156,-0.0311875,-0.0325004,-0.0337542,-0.0349487,-0.036084,-0.0371606,-0.0381791,-0.0391402,-0.0400447,-0.0408931,-0.041686,-0.0424241,-0.0431084,-0.0437394,-0.0443173,-0.0448425,-0.0453156,-0.0457373,-0.0461075,-0.0464265,-0.0466946,-0.0469121,-0.0470791,-0.0471958,-0.0472643,-0.0472832,-0.0472527,-0.0471733,-0.0470451,-0.0468686,-0.0466442,-0.0463721,-0.0460528,-0.0456869,-0.0452749,-0.0448174,-0.0443147,-0.0437675,-0.0431762,-0.0425415,-0.0418636,-0.0411429,-0.0403796,-0.0395737,-0.0387251,-0.0378333,-0.0368976,-0.0359169,-0.0348896,-0.0338135,-0.0326863,-0.0315042,-0.0302634,-0.0289592,-0.0275861,-0.0261381,-0.0246088,-0.0229916,-0.0212801,-0.0194688,-0.0175536,-0.0155329,-0.0134086,-0.0111868,-0.00887945,-0.00650489,-0.00408894,-0.00166482,0.000727335,0.00304151,0.00522848,0.0072386,0.00902603,0.0105529,0.0117935,0.0127378,0.0133926,0.0137817,0.0139429,0.0139234,0.013774,0.0135434,0.0132733,0.0129959,0.0127318,0.0127317
0.023203,0.0232035,0.023083,0.0229604,0.0228228,0.0226563,0.0224488,0.0221903,0.0218725,0.0214889,0.0210341,0.0205036,0.0198938,0.0192012,0.0184233,0.0175585,0.0166057,0.015564,0.0144341,0.0132176,0.0119165,0.010534,0.00907434,0.00754251,0.00594406,0.00428528,0.00257312,0.000815301,-0.000980486,-0.00280617,-0.00465341,-0.00651365,-0.00837856,-0.0102404,-0.0120917,-0.013925,-0.0157334,-0.0175106,-0.0192512,-0.0209502,-0.022603,-0.0242062,-0.0257571,-0.0272528,-0.0286915,-0.0300721,-0.0313936,-0.0326556,-0.0338578,-0.0350004,-0.0360838,-0.0371085,-0.0380752,-0.0389844,-0.0398366,-0.0406328,-0.0413739,-0.0420604,-0.0426927,-0.0432714,-0.043797,-0.0442705,-0.0446918,-0.0450612,-0.0453792,-0.0456462,-0.0458621,-0.0460275,-0.0461427,-0.0462094,-0.0462264,-0.0461942,-0.046113,-0.0459832,-0.045805,-0.0455789,-0.0453052,-0.0449844,-0.0446169,-0.0442034,-0.0437441,-0.0432396,-0.0426902,-0.0420966,-0.0414591,-0.0407778,-0.040053,-0.0392848,-0.0384728,-0.0376168,-0.0367161,-0.0357696,-0.034776,-0.0337332,-0.032639,-0.0314904,-0.0302834,-0.029014,-0.0276773,-0.0262676,-0.024779,-0.0232053,-0.0215405,-0.019779,-0.0179166,-0.0159506,-0.0138815,-0.0117133,-0.00945511,-0.00712148,-0.00473374,-0.0023201,8.4272e-05,0.00243802,0.00469539,0.00680862,0.00873102,0.0104211,0.0118463,0.0129871,0.0138391,0.014414,0.0147391,0.0148537,0.0148046,0.0146405,0.0144069,0.0141424,0.0138757,0.0136256,0.0136255
0.024029,0.0240296,0.0238998,0.0237716,0.0236314,0.0234651,0.0232604,0.0230069,0.0226964,0.0223221,0.0218785,0.0213609,0.0207653,0.0200884,0.0193278,0.0184815,0.0175479,0.0165262,0.0154173,0.014222,0.0129423,0.0115812,0.0101428,0.00863169,0.00705308,0.00541308,0.0037187,0.00197717,0.000195955,-0.00161678,-0.00345276,-0.0053036,-0.00716137,-0.00901817,-0.0108663,-0.0126981,-0.0145068,-0.0162861,-0.0180303,-0.019734,-0.0213928,-0.0230032,-0.0245617,-0.0260655,-0.0275127,-0.028902,-0.0302322,-0.0315026,-0.0327129,-0.0338632,-0.0349539,-0.0359854,-0.036958,-0.0378722,-0.038729,-0.0395293,-0.0402738,-0.0409628,-0.0415969,-0.042177,-0.0427038,-0.0431776,-0.0435987,-0.0439677,-0.0442851,-0.0445509,-0.0447657,-0.0449298,-0.0450433,-0.0451082,-0.0451234,-0.0450894,-0.0450064,-0.0448747,-0.0446947,-0.0444667,-0.0441911,-0.0438685,-0.0434992,-0.0430836,-0.042622,-0.0421151,-0.0415631,-0.0409663,-0.0403251,-0.0396395,-0.0389095,-0.038135,-0.0373156,-0.0364507,-0.0355393,-0.0345802,-0.0335716,-0.0325114,-0.0313966,-0.030224,-0.0289899,-0.0276895,-0.0263179,-0.0248696,-0.0233388,-0.0217199,-0.0200073,-0.0181966,-0.0162849,-0.0142715,-0.0121588,-0.00995348,-0.00766704,-0.00531704,-0.00292728,-0.000528131,0.00184372,0.0041465,0.00633522,0.00836415,0.0101901,0.0117764,0.0130962,0.0141357,0.0148959,0.0153931,0.0156573,0.0157287,0.015653,0.0154767,0.015242,0.014984,0.0147287,0.0144927,0.0144926
0.0248397,0.0248402,0.0247019,0.0245685,0.024426,0.0242603,0.0240588,0.023811,0.0235085,0.0231442,0.0227125,0.0222086,0.0216285,0.0209688,0.020227,0.0194005,0.0184877,0.0174883,0.0164023,0.0152304,0.0139744,0.0126374,0.0112229,0.00973493,0.0081788,0.00656052,0.00488671,0.00316415,0.00140039,-0.000396562,-0.00221856,-0.00405764,-0.00590586,-0.00775516,-0.00959773,-0.011426,-0.0132333,-0.0150131,-0.0167593,-0.0184666,-0.0201305,-0.0217469,-0.0233123,-0.0248239,-0.0262794,-0.0276771,-0.0290159,-0.0302949,-0.0315135,-0.032672,-0.0337704,-0.0348088,-0.0357876,-0.0367076,-0.0375698,-0.0383747,-0.0391228,-0.0398147,-0.0404513,-0.0410335,-0.0415616,-0.0420361,-0.0424575,-0.0428266,-0.0431434,-0.0434085,-0.0436223,-0.043785,-0.043897,-0.04396,-0.0439735,-0.0439377,-0.0438527,-0.043719,-0.0435369,-0.0433068,-0.0430292,-0.0427044,-0.0423327,-0.0419144,-0.0414502,-0.0409401,-0.0403846,-0.0397839,-0.0391379,-0.0384469,-0.0377105,-0.0369284,-0.0361,-0.0352244,-0.0343006,-0.0333269,-0.0323012,-0.031221,-0.0300834,-0.0288847,-0.0276209,-0.0262874,-0.0248791,-0.0233906,-0.0218167,-0.0201521,-0.0183924,-0.0165343,-0.0145765,-0.0125202,-0.0103702,-0.00813546,-0.00583031,-0.00347473,-0.00109496,0.00127695,0.00360343,0.00584279,0.00795132,0.00988613,0.0116081,0.0130857,0.0142974,0.0152352,0.0159052,0.0163276,0.0165345,0.0165663,0.0164673,0.0162813,0.0160471,0.0157967,0.0155531,0.0153313,0.0153312
0.0256313,0.0256319,0.0254855,0.0253472,0.0252029,0.0250382,0.0248405,0.024599,0.024305,0.0239513,0.0235323,0.0230431,0.0224796,0.0218383,0.0211165,0.0203113,0.0194214,0.0184461,0.0173849,0.0162386,0.0150089,0.0136984,0.0123101,0.0108481,0.00931747,0.00772385,0.0060733,0.00437264,0.0026294,0.0008513,-0.000954073,-0.00277876,-0.0046147,-0.00645384,-0.00828837,-0.0101111,-0.0119149,-0.0136931,-0.0154396,-0.0171491,-0.0188167,-0.0204381,-0.0220096,-0.0235282,-0.0249914,-0.0263973,-0.0277445,-0.0290319,-0.0302592,-0.031426,-0.0325321,-0.0335777,-0.0345634,-0.03549,-0.036358,-0.0371677,-0.0379199,-0.0386155,-0.0392553,-0.0398398,-0.0403695,-0.0408452,-0.0412675,-0.0416367,-0.0419533,-0.042218,-0.0424309,-0.0425923,-0.0427028,-0.0427643,-0.042776,-0.0427382,-0.0426511,-0.0425152,-0.0423309,-0.0420985,-0.0418183,-0.0414908,-0.0411161,-0.0406948,-0.040227,-0.0397131,-0.0391532,-0.0385475,-0.0378958,-0.037198,-0.0364537,-0.0356624,-0.0348234,-0.0339355,-0.0329972,-0.0320067,-0.0309617,-0.0298594,-0.0286965,-0.0274695,-0.026174,-0.0248055,-0.0233589,-0.0218294,-0.020212,-0.0185024,-0.0166972,-0.0147947,-0.012795,-0.0107018,-0.00852185,-0.00626685,-0.00395354,-0.00160429,0.000752878,0.00308454,0.0053527,0.00751646,0.00953424,0.0113663,0.0129781,0.014343,0.0154452,0.0162823,0.0168648,0.017216,0.0173696,0.0173656,0.0172466,0.0170532,0.0168213,0.0165792,0.0163479,0.0161402,0.01614
0.0264003,0.026401,0.026247,0.0261044,0.0259587,0.0257955,0.0256019,0.0253671,0.025082,0.0247397,0.0243342,0.0238606,0.0233147,0.0226931,0.0219924,0.0212102,0.0203449,0.0193954,0.018361,0.0172427,0.0160417,0.01476,0.0134005,0.0119673,0.010465,0.00889872,0.00727444,0.00559898,0.00387939,0.00212287,0.000337062,-0.00147016,-0.00329082,-0.00511698,-0.006941,-0.00875559,-0.0105535,-0.0123279,-0.0140729,-0.0157828,-0.0174525,-0.0190775,-0.020654,-0.0221787,-0.0236489,-0.0250624,-0.0264177,-0.0277136,-0.0289493,-0.0301243,-0.0312383,-0.0322917,-0.0332848,-0.0342182,-0.035092,-0.0359071,-0.0366642,-0.037364,-0.0380072,-0.0385945,-0.0391265,-0.0396039,-0.0400272,-0.040397,-0.0407138,-0.0409782,-0.0411903,-0.0413507,-0.0414599,-0.0415198,-0.0415295,-0.0414895,-0.0414002,-0.041262,-0.0410752,-0.0408401,-0.0405569,-0.0402261,-0.039848,-0.0394228,-0.0389508,-0.0384321,-0.0378668,-0.0372548,-0.0365961,-0.0358901,-0.0351365,-0.0343344,-0.033483,-0.0325807,-0.0316259,-0.0306165,-0.0295499,-0.0284233,-0.0272332,-0.0259758,-0.0246468,-0.0232418,-0.0217561,-0.0201853,-0.018525,-0.016772,-0.0149241,-0.0129811,-0.0109454,-0.00882236,-0.00662136,-0.00435634,-0.00204645,0.00028394,0.00260538,0.00488358,0.00708084,0.00915769,0.0110751,0.012797,0.0142934,0.0155432,0.0165362,0.0172745,0.017773,0.0180573,0.0181619,0.0181261,0.0179903,0.017792,0.0175637,0.0173309,0.0171119,0.0169182,0.016918
0.0271433,0.027144,0.0269831,0.0268366,0.02669,0.0265287,0.0263397,0.0261118,0.0258363,0.025506,0.0251146,0.0246573,0.0241301,0.0235291,0.0228509,0.0220933,0.0212541,0.020332,0.0193267,0.0182386,0.0170683,0.0158178,0.01449,0.0130883,0.011617,0.0100811,0.00848639,0.00683921,0.00514615,0.00341428,0.00165124,-0.000135304,-0.00193756,-0.00374777,-0.00555848,-0.00736215,-0.00915145,-0.0109198,-0.0126612,-0.0143694,-0.0160394,-0.0176664,-0.0192465,-0.0207761,-0.0222523,-0.0236728,-0.0250357,-0.0263395,-0.0275832,-0.0287663,-0.0298885,-0.0309498,-0.0319505,-0.0328907,-0.033771,-0.034592,-0.0353543,-0.0360587,-0.0367058,-0.0372964,-0.0378311,-0.0383105,-0.0387353,-0.0391061,-0.0394233,-0.0396875,-0.0398991,-0.0400587,-0.0401667,-0.0402248,-0.0402325,-0.0401904,-0.0400987,-0.0399579,-0.0397681,-0.0395297,-0.039243,-0.0389085,-0.0385262,-0.0380964,-0.0376192,-0.0370947,-0.0365228,-0.0359034,-0.0352362,-0.0345206,-0.0337559,-0.0329413,-0.0320755,-0.0311568,-0.0301835,-0.029153,-0.0280628,-0.0269099,-0.0256906,-0.0244012,-0.0230374,-0.0215952,-0.0200701,-0.0184585,-0.0167569,-0.0149631,-0.0130765,-0.0110987,-0.00903378,-0.00688949,-0.00467738,-0.0024138,-0.000119726,0.00217883,0.00445117,0.00666299,0.00877743,0.0107569,0.0125654,0.014171,0.0155487,0.0166825,0.0175675,0.0182102,0.0186288,0.0188509,0.0189112,0.0188477,0.0186982,0.0184972,0.0182739,0.018051,0.0178446,0.0176647,0.0176645
0.027857,0.0278577,0.0276905,0.0275407,0.0273937,0.0272347,0.0270505,0.02683,0.0265645,0.0262465,0.0258698,0.0254299,0.0249222,0.0243427,0.0236883,0.0229565,0.0221449,0.0212523,0.020278,0.0192218,0.0180845,0.0168678,0.0155741,0.0142066,0.0127692,0.0112668,0.00970469,0.00808873,0.00642536,0.00472162,0.00298475,0.00122215,-0.000558565,-0.00234983,-0.00414406,-0.00593371,-0.00771175,-0.00947154,-0.0112065,-0.0129107,-0.0145789,-0.0162061,-0.0177881,-0.0193212,-0.0208023,-0.0222286,-0.0235981,-0.0249092,-0.0261607,-0.0273517,-0.028482,-0.0295512,-0.0305593,-0.0315066,-0.0323937,-0.0332209,-0.0339888,-0.0346982,-0.0353498,-0.035944,-0.0364817,-0.0369636,-0.0373902,-0.0377622,-0.03808,-0.0383443,-0.0385557,-0.0387145,-0.0388212,-0.0388775,-0.0388833,-0.0388388,-0.0387445,-0.0386006,-0.0384075,-0.0381653,-0.0378747,-0.0375357,-0.0371483,-0.0367129,-0.0362295,-0.035698,-0.0351183,-0.0344901,-0.0338129,-0.033086,-0.0323086,-0.0314796,-0.0305975,-0.0296605,-0.0286665,-0.027613,-0.0264974,-0.0253163,-0.0240663,-0.0227436,-0.0213444,-0.0198648,-0.018301,-0.0166502,-0.0149099,-0.0130794,-0.0111595,-0.00915354,-0.00706773,-0.00491188,-0.00269987,-0.00044983,0.00181544,0.00406863,0.00627877,0.00841187,0.0104323,0.0123051,0.0139976,0.0154824,0.0167394,0.0177576,0.018537,0.0190882,0.0194319,0.019597,0.0196178,0.0195306,0.0193704,0.0191688,0.0189518,0.0187393,0.0185455,0.0183791,0.0183789
0.0285383,0.028539,0.0283664,0.0282139,0.0280669,0.0279103,0.0277312,0.0275187,0.0272635,0.0269581,0.0265969,0.026175,0.0256874,0.0251304,0.024501,0.0237962,0.0230138,0.0221522,0.0212105,0.0201883,0.0190863,0.0179056,0.0166485,0.0153179,0.0139173,0.0124514,0.0109247,0.00934312,0.0077129,0.00604069,0.00433332,0.00259797,0.000842064,-0.000926853,-0.00270121,-0.00447377,-0.00623758,-0.00798568,-0.00971155,-0.0114092,-0.0130732,-0.0146984,-0.0162804,-0.0178153,-0.0192996,-0.0207304,-0.0221056,-0.0234231,-0.0246817,-0.0258802,-0.027018,-0.0280948,-0.0291104,-0.030065,-0.0309589,-0.0317924,-0.0325663,-0.033281,-0.0339372,-0.0345354,-0.0350765,-0.0355612,-0.0359899,-0.0363633,-0.036682,-0.0369467,-0.0371579,-0.0373159,-0.0374213,-0.0374759,-0.0374795,-0.0374325,-0.0373351,-0.0371878,-0.0369908,-0.0367445,-0.0364491,-0.0361047,-0.0357114,-0.0352694,-0.0347787,-0.034239,-0.0336501,-0.0330115,-0.0323228,-0.031583,-0.0307911,-0.0299458,-0.0290455,-0.0280881,-0.0270717,-0.0259935,-0.0248507,-0.0236401,-0.0223584,-0.0210019,-0.0195672,-0.018051,-0.0164502,-0.0147628,-0.0129879,-0.0111258,-0.00917923,-0.00715321,-0.00505606,-0.0028996,-0.000699618,0.00152397,0.00374702,0.0059417,0.00807675,0.0101193,0.0120356,0.0137936,0.0153646,0.0167257,0.0178615,0.0187662,0.0194438,0.0199083,0.0201827,0.0202962,0.0202823,0.0201753,0.0200074,0.0198071,0.0195974,0.0193958,0.0192145,0.0190612,0.019061
0.0291846,0.0291853,0.0290081,0.0288535,0.0287067,0.028553,0.0283795,0.0281749,0.0279301,0.027638,0.0272929,0.0268892,0.0264224,0.025889,0.0252855,0.0246089,0.023857,0.0230279,0.0221205,0.0211342,0.0200694,0.0189271,0.017709,0.0164179,0.015057,0.0136301,0.012142,0.0105982,0.00900443,0.00736698,0.0056924,0.00398774,0.00226021,0.000517272,-0.00123388,-0.0029861,-0.00473227,-0.0064655,-0.00817934,-0.00986764,-0.0115247,-0.0131455,-0.0147252,-0.0162598,-0.0177455,-0.0191793,-0.0205587,-0.0218816,-0.0231461,-0.0243513,-0.0254961,-0.0265801,-0.027603,-0.0285647,-0.0294653,-0.0303054,-0.0310853,-0.0318054,-0.0324663,-0.0330688,-0.0336136,-0.0341012,-0.0345322,-0.0349073,-0.0352272,-0.0354924,-0.0357033,-0.0358606,-0.0359647,-0.0360175,-0.0360187,-0.0359687,-0.035868,-0.0357168,-0.0355154,-0.0352641,-0.0349632,-0.0346125,-0.0342123,-0.0337627,-0.0332634,-0.0327141,-0.0321145,-0.0314641,-0.0307622,-0.0300077,-0.0291996,-0.0283362,-0.0274158,-0.0264365,-0.025396,-0.0242916,-0.0231204,-0.0218795,-0.0205656,-0.0191755,-0.0177063,-0.0161552,-0.0145201,-0.0128003,-0.0109958,-0.00910873,-0.00714335,-0.0051067,-0.0030089,-0.000863674,0.00131151,0.0034953,0.00566282,0.00778579,0.00983366,0.011775,0.0135784,0.0152152,0.0166608,0.0178968,0.0189127,0.0197069,0.0202875,0.0206711,0.0208819,0.0209494,0.0209057,0.0207827,0.0206098,0.0204124,0.0202109,0.0200205,0.0198517,0.0197111,0.0197109
0.0297933,0.0297941,0.0296132,0.0294569,0.0293108,0.0291603,0.0289924,0.028796,0.0285621,0.0282837,0.0279547,0.0275697,0.0271245,0.0266153,0.0260385,0.0253912,0.0246709,0.0238757,0.0230041,0.0220555,0.0210299,0.019928,0.0187513,0.0175022,0.0161833,0.0147985,0.0133521,0.0118492,0.010295,0.00869565,0.00705734,0.00538694,0.00369148,0.00197801,0.000253564,-0.0014747,-0.00319971,-0.00491476,-0.00661324,-0.00828902,-0.00993636,-0.0115499,-0.0131247,-0.0146566,-0.0161416,-0.0175766,-0.0189585,-0.0202851,-0.0215545,-0.0227653,-0.0239163,-0.0250068,-0.0260364,-0.0270047,-0.027912,-0.0287585,-0.0295442,-0.0302696,-0.0309355,-0.0315425,-0.032091,-0.0325816,-0.0330151,-0.033392,-0.0337131,-0.0339787,-0.0341894,-0.034346,-0.0344487,-0.0344994,-0.0344979,-0.0344447,-0.0343401,-0.0341845,-0.0339781,-0.0337211,-0.0334136,-0.0330557,-0.0326476,-0.032189,-0.0316798,-0.0311196,-0.030508,-0.0298442,-0.0291275,-0.0283567,-0.0275305,-0.0266473,-0.0257054,-0.0247026,-0.0236367,-0.022505,-0.0213048,-0.0200333,-0.0186876,-0.0172651,-0.0157632,-0.0141801,-0.0125149,-0.0107678,-0.00894026,-0.00703608,-0.00506115,-0.00302437,-0.000937652,0.00118376,0.00332089,0.00545153,0.00755027,0.00958907,0.0115386,0.0133693,0.0150526,0.0165635,0.0178816,0.0189928,0.0198913,0.0205795,0.0210686,0.0213775,0.021531,0.0215581,0.0214892,0.0213538,0.0211784,0.0209855,0.0207929,0.0206138,0.0204574,0.020329,0.0203288
0.0303626,0.0303633,0.0301795,0.0300222,0.0298772,0.0297302,0.029568,0.0293799,0.0291572,0.0288926,0.0285799,0.0282141,0.0277909,0.0273065,0.0267572,0.02614,0.0254524,0.0246922,0.0238578,0.0229485,0.0219638,0.0209043,0.0197712,0.0185663,0.0172921,0.0159521,0.0145504,0.0130912,0.0115798,0.0100218,0.00842333,0.00679086,0.00513104,0.00345062,0.00175659,5.59762e-05,-0.00164432,-0.00333756,-0.00501726,-0.00667718,-0.00831146,-0.00991465,-0.0114818,-0.0130083,-0.0144903,-0.015924,-0.0173065,-0.0186351,-0.0199078,-0.0211228,-0.0222788,-0.0233748,-0.0244103,-0.0253848,-0.0262982,-0.0271505,-0.0279417,-0.0286725,-0.0293433,-0.0299546,-0.0305066,-0.0310004,-0.0314363,-0.031815,-0.0321371,-0.0324031,-0.0326137,-0.0327694,-0.0328704,-0.0329187,-0.0329143,-0.0328574,-0.0327485,-0.0325877,-0.0323755,-0.0321118,-0.031797,-0.0314309,-0.0310136,-0.0305449,-0.0300245,-0.0294519,-0.0288266,-0.028148,-0.0274149,-0.0266262,-0.0257804,-0.0248761,-0.0239113,-0.022884,-0.0217919,-0.0206324,-0.0194033,-0.0181018,-0.0167257,-0.0152726,-0.0137411,-0.0121302,-0.0104401,-0.0086721,-0.00682944,-0.00491724,-0.00294325,-0.000917884,0.00114533,0.00322979,0.00531551,0.00737971,0.00939697,0.0113401,0.0131814,0.0148936,0.0164513,0.0178333,0.0190232,0.0200116,0.0207967,0.0213843,0.0217884,0.0220291,0.0221317,0.0221239,0.0220344,0.0218899,0.0217142,0.0215271,0.021344,0.0211762,0.0210316,0.0209151,0.0209149
0.0308905,0.0308913,0.0307054,0.0305477,0.0304043,0.0302608,0.0301045,0.029925,0.0297135,0.0294626,0.0291664,0.0288202,0.0284194,0.0279601,0.0274388,0.0268525,0.0261984,0.0254742,0.0246783,0.0238096,0.0228675,0.0218522,0.0207645,0.019606,0.018379,0.0170865,0.0157319,0.0143195,0.012854,0.0113407,0.00978555,0.00819443,0.00657374,0.00493007,0.00327025,0.00160107,-7.07191e-05,-0.00173845,-0.00339569,-0.00503611,-0.00665382,-0.00824337,-0.0097997,-0.011318,-0.012794,-0.0142239,-0.0156046,-0.0169331,-0.0182071,-0.0194247,-0.0205842,-0.0216846,-0.0227249,-0.0237045,-0.0246232,-0.0254805,-0.0262769,-0.0270128,-0.0276881,-0.0283032,-0.0288588,-0.0293555,-0.0297936,-0.030174,-0.030497,-0.0307632,-0.0309734,-0.0311278,-0.0312269,-0.0312726,-0.0312647,-0.0312036,-0.0310896,-0.0309231,-0.0307041,-0.030433,-0.0301098,-0.0297343,-0.0293067,-0.0288265,-0.0282936,-0.0277073,-0.027067,-0.026372,-0.0256211,-0.0248131,-0.0239466,-0.02302,-0.0220315,-0.020979,-0.0198604,-0.0186735,-0.0174162,-0.0160863,-0.0146818,-0.0132015,-0.0116446,-0.0100113,-0.00830282,-0.00652192,-0.00467311,-0.00276328,-0.000801502,0.00120013,0.00322688,0.00526102,0.00728214,0.00926712,0.0111911,0.0130284,0.0147529,0.0163402,0.0177685,0.0190202,0.0200833,0.0209525,0.0216292,0.0221227,0.0224487,0.0226282,0.0226861,0.0226489,0.022543,0.0223924,0.0222184,0.0220382,0.0218649,0.0217085,0.0215754,0.0214701,0.0214699
0.0313758,0.0313766,0.0311896,0.0310321,0.0308905,0.0307508,0.0306006,0.0304297,0.0302292,0.029992,0.0297127,0.029386,0.0290077,0.028574,0.0280812,0.0275262,0.0269062,0.026219,0.0254626,0.0246357,0.0237374,0.0227679,0.0217274,0.0206174,0.0194397,0.0181969,0.0168921,0.0155292,0.0141126,0.0126473,0.0111386,0.00959229,0.00801434,0.00641117,0.00478932,0.00315541,0.00151597,-0.000122403,-0.00175328,-0.00337043,-0.00496802,-0.00654047,-0.00808249,-0.00958916,-0.0110561,-0.0124794,-0.0138556,-0.0151816,-0.0164546,-0.0176727,-0.018834,-0.019937,-0.0209807,-0.0219641,-0.0228868,-0.0237486,-0.0245495,-0.0252895,-0.0259686,-0.0265872,-0.0271459,-0.0276451,-0.0280851,-0.0284667,-0.0287903,-0.0290566,-0.0292659,-0.0294186,-0.0295154,-0.029558,-0.0295461,-0.0294802,-0.0293605,-0.0291873,-0.0289608,-0.0286812,-0.0283485,-0.0279625,-0.0275233,-0.0270305,-0.0264837,-0.0258823,-0.0252257,-0.0245131,-0.0237432,-0.0229149,-0.0220268,-0.0210773,-0.0200646,-0.0189869,-0.0178424,-0.0166292,-0.0153454,-0.0139895,-0.0125602,-0.0110571,-0.00948035,-0.0078312,-0.00611218,-0.00432726,-0.00248254,-0.000586264,0.00135103,0.00331607,0.00529314,0.00726385,0.00920747,0.0111013,0.0129215,0.0146438,0.0162447,0.0177028,0.0189998,0.0201219,0.021061,0.0218155,0.0223902,0.0227967,0.0230518,0.0231771,0.0231966,0.0231351,0.0230167,0.0228629,0.0226923,0.0225197,0.0223567,0.0222116,0.0220894,0.0219947,0.0219945
0.0318175,0.0318183,0.0316312,0.0314746,0.0313351,0.0311993,0.0310553,0.0308928,0.0307032,0.0304799,0.0302172,0.0299101,0.0295544,0.0291463,0.0286822,0.0281589,0.0275737,0.026924,0.0262079,0.0254236,0.0245704,0.0236479,0.0226563,0.0215965,0.02047,0.0192791,0.0180265,0.0167157,0.0153509,0.0139364,0.0124774,0.0109792,0.00944742,0.00788834,0.00630827,0.00471342,0.00311024,0.00150522,-9.53815e-05,-0.00168543,-0.00325908,-0.00481056,-0.00633456,-0.00782608,-0.00928067,-0.0106942,-0.0120629,-0.0133833,-0.0146529,-0.0158692,-0.01703,-0.0181337,-0.0191788,-0.0201645,-0.02109,-0.0219551,-0.0227592,-0.0235022,-0.0241843,-0.0248058,-0.0253668,-0.0258678,-0.0263092,-0.0266915,-0.0270153,-0.0272809,-0.0274887,-0.0276395,-0.0277334,-0.0277723,-0.0277558,-0.0276842,-0.027558,-0.0273773,-0.0271423,-0.0268532,-0.0265099,-0.0261124,-0.0256604,-0.0251537,-0.0245919,-0.0239743,-0.0233003,-0.022569,-0.0217793,-0.02093,-0.0200198,-0.0190472,-0.0180107,-0.0169087,-0.0157396,-0.0145019,-0.0131944,-0.0118161,-0.0103666,-0.00884628,-0.0072564,-0.0055993,-0.00387871,-0.0020999,-0.000270439,0.00160025,0.00350042,0.0054159,0.0073302,0.00922464,0.0110787,0.0128705,0.0145776,0.0161777,0.0176501,0.0189764,0.0201419,0.0211367,0.0219562,0.022602,0.0230818,0.0234087,0.0236007,0.0236787,0.0236658,0.0235848,0.0234575,0.0233028,0.023137,0.0229729,0.02282,0.0226854,0.0225743,0.0224897,0.0224895
0.0322151,0.0322159,0.0320296,0.0318744,0.0317374,0.0316058,0.0314679,0.0313137,0.031135,0.0309254,0.0306791,0.0303915,0.0300583,0.0296758,0.0292404,0.028749,0.0281988,0.027587,0.0269115,0.0261708,0.0253636,0.0244892,0.0235477,0.0225395,0.0214659,0.0203288,0.0191306,0.0178743,0.0165637,0.0152029,0.0137965,0.0123495,0.0108674,0.00935603,0.00782129,0.00626931,0.00470632,0.00313854,0.00157216,1.32037e-05,-0.00153238,-0.00305895,-0.0045611,-0.0060338,-0.00747244,-0.00887256,-0.0102303,-0.0115423,-0.0128055,-0.0140172,-0.0151749,-0.0162768,-0.0173213,-0.0183074,-0.0192342,-0.0201007,-0.0209064,-0.0216513,-0.0223354,-0.0229586,-0.0235209,-0.0240229,-0.0244649,-0.0248472,-0.0251702,-0.0254345,-0.0256403,-0.0257884,-0.0258788,-0.0259132,-0.0258913,-0.0258134,-0.0256797,-0.0254905,-0.0252462,-0.0249464,-0.0245915,-0.0241812,-0.0237155,-0.0231939,-0.022616,-0.0219813,-0.0212891,-0.0205385,-0.0197284,-0.018858,-0.0179258,-0.0169307,-0.0158714,-0.0147466,-0.0135551,-0.0122959,-0.0109685,-0.00957259,-0.00810865,-0.00657798,-0.00498285,-0.00332675,-0.00161453,0.000147007,0.00194935,0.00378202,0.00563218,0.00748512,0.00932399,0.0111302,0.0128837,0.0145641,0.0161504,0.0176229,0.0189636,0.0201574,0.0211932,0.0220645,0.02277,0.0233142,0.0237067,0.0239621,0.0240983,0.0241359,0.0240963,0.0240003,0.0238673,0.0237139,0.0235541,0.0233989,0.0232566,0.0231322,0.0230312,0.022956,0.0229558
0.0325686,0.0325694,0.0323849,0.0322316,0.0320974,0.0319701,0.0318381,0.0316921,0.0315242,0.0313279,0.0310978,0.0308294,0.0305185,0.0301613,0.0297546,0.0292951,0.0287798,0.0282061,0.0275718,0.0268751,0.0261144,0.0252889,0.0243984,0.0234431,0.0224238,0.0213421,0.0202002,0.0190005,0.0177465,0.0164418,0.0150907,0.0136979,0.0122687,0.0108083,0.00932249,0.00781707,0.00629801,0.00477137,0.00324319,0.00171941,0.000205938,-0.0012917,-0.00276801,-0.00421794,-0.00563662,-0.00701967,-0.0083631,-0.00966323,-0.0109167,-0.0121205,-0.0132722,-0.0143698,-0.0154114,-0.0163956,-0.0173212,-0.0181871,-0.0189929,-0.0197382,-0.0204226,-0.021046,-0.0216085,-0.0221104,-0.0225519,-0.0229331,-0.0232545,-0.0235165,-0.0237195,-0.0238639,-0.0239499,-0.0239791,-0.023951,-0.0238658,-0.0237237,-0.0235252,-0.0232702,-0.0229589,-0.0225914,-0.0221675,-0.021687,-0.0211496,-0.020555,-0.0199025,-0.0191915,-0.0184213,-0.017591,-0.0166998,-0.0157464,-0.01473,-0.0136498,-0.0125047,-0.011294,-0.0100175,-0.00867506,-0.00726745,-0.005796,-0.00426288,-0.00267143,-0.00102625,0.000666593,0.00239923,0.00416221,0.00594407,0.00773152,0.00950943,0.0112609,0.0129679,0.0146115,0.0161725,0.0176322,0.0189735,0.0201813,0.0212438,0.0221533,0.0229063,0.0235046,0.0239549,0.0242684,0.0244602,0.0245482,0.0245519,0.0244908,0.0243839,0.024248,0.0240978,0.0239449,0.0237988,0.0236662,0.0235523,0.023461,0.0233947,0.0233945
0.0328782,0.0328791,0.0326971,0.0325464,0.0324155,0.0322924,0.0321664,0.0320284,0.0318709,0.0316876,0.0314733,0.0312237,0.0309346,0.0306025,0.0302241,0.0297961,0.0293156,0.02878,0.0281869,0.0275343,0.0268205,0.0260445,0.0252058,0.0243042,0.0233404,0.0223155,0.0212312,0.0200899,0.0188944,0.0176481,0.0163549,0.0150191,0.0136456,0.0122393,0.0108058,0.00935037,0.00787891,0.00639724,0.00491125,0.00342669,0.00194933,0.000484739,-0.000961659,-0.00238466,-0.00377944,-0.00514157,-0.00646686,-0.00775135,-0.0089914,-0.0101841,-0.0113267,-0.012417,-0.0134527,-0.0144323,-0.0153542,-0.0162175,-0.0170212,-0.0177648,-0.0184477,-0.0190698,-0.0196309,-0.0201313,-0.0205707,-0.0209496,-0.0212682,-0.0215269,-0.021726,-0.0218657,-0.0219464,-0.0219695,-0.0219341,-0.0218406,-0.0216892,-0.0214803,-0.0212138,-0.02089,-0.020509,-0.0200705,-0.0195745,-0.0190208,-0.0184088,-0.0177382,-0.0170085,-0.016219,-0.0153691,-0.0144581,-0.0134851,-0.0124497,-0.0113511,-0.0101891,-0.0089636,-0.00767473,-0.0063234,-0.00491109,-0.00344001,-0.00191333,-0.000335429,0.00128804,0.00294995,0.00464164,0.00635288,0.00807148,0.00978391,0.0114748,0.0131281,0.0147263,0.0162519,0.0176875,0.0190168,0.0202253,0.021301,0.0222351,0.0230231,0.0236644,0.0241631,0.0245278,0.0247707,0.0249069,0.0249539,0.0249297,0.0248521,0.0247379,0.0246016,0.0244559,0.0243108,0.0241742,0.0240512,0.0239472,0.023865,0.0238067,0.0238065
0.0331448,0.0331456,0.0329672,0.0328197,0.0326922,0.0325734,0.0324532,0.032323,0.0321755,0.0320048,0.0318059,0.0315745,0.0313068,0.0309993,0.0306487,0.0302518,0.0298057,0.0293079,0.0287557,0.028147,0.0274802,0.0267539,0.0259673,0.02512,0.0242124,0.0232453,0.02222,0.0211384,0.0200032,0.0188171,0.0175839,0.0163076,0.0149924,0.0136432,0.0122649,0.0108628,0.00944247,0.00800949,0.00656941,0.00512794,0.00369073,0.00226327,0.000850989,-0.000540976,-0.00190779,-0.00324499,-0.00454811,-0.00581294,-0.00703591,-0.00821391,-0.009344,-0.0104236,-0.0114503,-0.0124222,-0.0133378,-0.0141957,-0.0149949,-0.0157345,-0.0164138,-0.0170325,-0.0175904,-0.0180874,-0.0185233,-0.0188984,-0.0192129,-0.0194668,-0.0196606,-0.0197945,-0.0198689,-0.0198848,-0.019841,-0.0197382,-0.0195765,-0.0193561,-0.0190772,-0.0187402,-0.0183448,-0.0178912,-0.0173792,-0.0168088,-0.0161794,-0.0154909,-0.0147429,-0.013935,-0.0130668,-0.0121377,-0.0111474,-0.0100959,-0.00898265,-0.00780819,-0.00657299,-0.00527801,-0.00392478,-0.00251571,-0.00105386,0.000456584,0.0020103,0.00360073,0.00522003,0.00685872,0.0085059,0.0101492,0.011775,0.0133684,0.0149139,0.0163953,0.0177967,0.0191028,0.0202998,0.0213758,0.0223218,0.0231321,0.0238048,0.0243419,0.0247494,0.0250371,0.0252177,0.0253062,0.025319,0.0252725,0.0251828,0.0250644,0.0249299,0.02479,0.0246532,0.0245259,0.0244126,0.0243178,0.0242441,0.0241933,0.0241931
0.0333694,0.0333702,0.0331963,0.0330525,0.0329287,0.0328142,0.0326998,0.032577,0.0324391,0.0322805,0.0320964,0.0318826,0.0316355,0.0313519,0.0310284,0.030662,0.0302498,0.0297891,0.0292773,0.0287123,0.0280922,0.0274154,0.026681,0.0258883,0.0250373,0.0241285,0.023163,0.0221424,0.0210686,0.0199444,0.0187731,0.0175582,0.0163037,0.015014,0.0136937,0.012348,0.0109821,0.00960108,0.00821053,0.00681594,0.00542276,0.00403647,0.00266237,0.00130547,-2.93515e-05,-0.00133734,-0.00261408,-0.00385527,-0.00505731,-0.00621677,-0.00733062,-0.00839597,-0.00941016,-0.0103712,-0.0112773,-0.012127,-0.0129188,-0.0136518,-0.0143252,-0.0149383,-0.0154908,-0.0159823,-0.0164129,-0.0167824,-0.017091,-0.0173387,-0.0175258,-0.0176527,-0.0177194,-0.0177268,-0.0176737,-0.0175604,-0.0173873,-0.0171546,-0.0168626,-0.0165115,-0.0161013,-0.0156321,-0.015104,-0.0145168,-0.0138704,-0.0131647,-0.0123995,-0.0115746,-0.01069,-0.00974543,-0.00874109,-0.00767704,-0.00655378,-0.00537233,-0.00413365,-0.00283954,-0.00149241,-9.5281e-05,0.00134768,0.00283149,0.00435005,0.00589603,0.00746088,0.00903462,0.0106061,0.0121628,0.0136916,0.0151782,0.0166081,0.0179665,0.0192393,0.0204138,0.0214784,0.0224241,0.0232447,0.023937,0.0245018,0.0249429,0.0252679,0.0254873,0.0256139,0.0256621,0.025647,0.0255834,0.0254854,0.0253656,0.0252347,0.0251016,0.0249734,0.024855,0.0247514,0.0246656,0.0245998,0.0245557,0.0245555
0.0335535,0.0335544,0.0333858,0.0332462,0.0331263,0.0330163,0.0329073,0.0327916,0.032663,0.0325159,0.0323458,0.0321489,0.0319218,0.0316612,0.0313639,0.0310272,0.0306479,0.0302235,0.0297515,0.0292295,0.0286555,0.0280278,0.0273453,0.026607,0.0258127,0.0249626,0.0240573,0.0230982,0.0220869,0.0210259,0.0199178,0.018766,0.017574,0.016346,0.0150863,0.0137997,0.0124909,0.011165,0.00982737,0.00848316,0.00713774,0.00579646,0.0044644,0.00314658,0.0018479,0.000573244,-0.000672987,-0.00188646,-0.0030635,-0.00420057,-0.00529426,-0.00634146,-0.00733956,-0.00828633,-0.00917969,-0.0100178,-0.0107993,-0.0115228,-0.0121875,-0.0127925,-0.0133371,-0.0138211,-0.0142442,-0.0146061,-0.0149068,-0.0151466,-0.0153256,-0.0154438,-0.0155016,-0.0154992,-0.0154356,-0.0153107,-0.0151253,-0.0148796,-0.0145737,-0.0142079,-0.0137826,-0.0132978,-0.0127536,-0.0121502,-0.0114876,-0.0107659,-0.00998507,-0.00914538,-0.00824705,-0.00729032,-0.00627579,-0.00520403,-0.0040762,-0.00289392,-0.00165881,-0.000373389,0.000959046,0.00233463,0.00374857,0.00519514,0.00666746,0.00815759,0.00965652,0.011154,0.0126389,0.0140991,0.0155218,0.0168938,0.0182018,0.0194329,0.0205752,0.0216178,0.0225519,0.0233712,0.0240719,0.0246534,0.0251183,0.0254722,0.0257236,0.0258833,0.0259638,0.0259786,0.0259414,0.0258653,0.0257624,0.0256435,0.0255176,0.0253921,0.025273,0.0251637,0.0250691,0.0249917,0.0249332,0.0248952,0.024895
0.0336992,0.0337,0.0335374,0.0334026,0.0332869,0.0331814,0.0330777,0.0329688,0.0328488,0.0327126,0.0325558,0.0323751,0.032167,0.0319284,0.0316564,0.0313481,0.0310008,0.0306118,0.0301785,0.0296985,0.0291697,0.0285904,0.0279591,0.0272748,0.0265369,0.0257453,0.0249003,0.0240029,0.0230548,0.0220575,0.0210137,0.0199262,0.0187984,0.0176339,0.0164368,0.0152114,0.0139623,0.0126944,0.0114127,0.0101221,0.00882785,0.00753505,0.00624868,0.00497385,0.0037154,0.00247808,0.00126643,8.46496e-05,-0.00106348,-0.00217402,-0.00324342,-0.00426871,-0.00524699,-0.00617579,-0.00705282,-0.00787612,-0.00864398,-0.00935505,-0.0100081,-0.0106021,-0.0111363,-0.0116102,-0.0120233,-0.0123755,-0.0126665,-0.0128965,-0.0130655,-0.0131735,-0.013221,-0.0132076,-0.0131321,-0.0129947,-0.012796,-0.0125364,-0.0122161,-0.0118356,-0.0113951,-0.0108949,-0.0103352,-0.00971652,-0.00903902,-0.00830298,-0.00750888,-0.00665723,-0.00574856,-0.00478368,-0.00376362,-0.00268965,-0.00156352,-0.00038729,0.000836542,0.00210471,0.00341323,0.00475759,0.00613224,0.00753083,0.0089459,0.0103692,0.0117914,0.0132022,0.0145909,0.0159458,0.017255,0.0185065,0.0196885,0.0207901,0.0218013,0.0227138,0.0235211,0.0242193,0.024807,0.0252856,0.0256594,0.0259351,0.0261217,0.02623,0.0262719,0.0262597,0.0262055,0.0261209,0.0260161,0.0259001,0.0257804,0.0256631,0.0255522,0.0254526,0.0253669,0.0252974,0.0252458,0.0252132,0.025213
0.0338084,0.0338092,0.0336535,0.0335239,0.0334126,0.0333114,0.0332129,0.0331105,0.0329986,0.0328725,0.0327284,0.0325628,0.0323727,0.032155,0.0319071,0.0316262,0.0313096,0.0309546,0.0305588,0.0301195,0.0296349,0.0291029,0.0285219,0.0278906,0.0272084,0.0264747,0.0256898,0.0248542,0.0239691,0.023036,0.022057,0.0210347,0.0199721,0.0188723,0.0177394,0.0165772,0.01539,0.0141824,0.0129592,0.0117251,0.010485,0.00924393,0.00800688,0.00677863,0.00556406,0.00436791,0.00319469,0.0020485,0.000933409,-0.000146523,-0.00118779,-0.00218729,-0.00314198,-0.00404905,-0.00490605,-0.00571101,-0.00646194,-0.00715724,-0.00779549,-0.00837554,-0.00889653,-0.00935773,-0.00975857,-0.0100987,-0.0103778,-0.0105959,-0.0107531,-0.0108494,-0.0108851,-0.0108592,-0.0107706,-0.0106197,-0.0104071,-0.010133,-0.00979814,-0.00940268,-0.00894722,-0.00843224,-0.00785816,-0.00722553,-0.00653497,-0.00578696,-0.00498246,-0.00412218,-0.00320724,-0.00223896,-0.00121884,-0.000148749,0.000968879,0.00213155,0.0033359,0.00457795,0.0058532,0.00715641,0.00848153,0.00982166,0.011169,0.0125151,0.0138507,0.0151658,0.01645,0.0176926,0.0188827,0.0200097,0.0210636,0.0220353,0.022917,0.0237028,0.0243885,0.0249723,0.0254548,0.0258392,0.0261309,0.0263373,0.0264677,0.0265325,0.0265426,0.0265091,0.0264427,0.026353,0.0262487,0.0261373,0.0260247,0.0259161,0.0258141,0.0257235,0.0256463,0.0255843,0.0255389,0.0255111,0.0255109
0.0338837,0.0338845,0.0337363,0.0336123,0.0335056,0.0334089,0.0333154,0.033219,0.0331146,0.032998,0.0328657,0.0327143,0.032541,0.0323431,0.032118,0.031863,0.0315756,0.0312533,0.0308933,0.0304935,0.0300515,0.0295654,0.0290333,0.028454,0.0278263,0.0271497,0.0264241,0.0256498,0.0248274,0.0239583,0.0230442,0.0220875,0.0210907,0.0200567,0.018989,0.0178914,0.0167678,0.0156224,0.0144598,0.0132846,0.0121014,0.010915,0.0097303,0.00855184,0.00738464,0.00623322,0.00510203,0.00399523,0.00291714,0.0018716,0.000862255,-0.000107669,-0.00103489,-0.00191647,-0.00274989,-0.00353295,-0.0042635,-0.00493971,-0.00555999,-0.00612308,-0.00662791,-0.0070737,-0.00745963,-0.00778522,-0.00805023,-0.00825453,-0.00839799,-0.00848077,-0.00850337,-0.00846351,-0.00836079,-0.00819552,-0.00796814,-0.0076794,-0.00732973,-0.00691966,-0.00644991,-0.00592109,-0.00533397,-0.00468937,-0.00398799,-0.00323092,-0.00241935,-0.00155453,-0.000638008,0.000328438,0.00134269,0.00240227,0.00350426,0.00464541,0.00582173,0.00702869,0.00826126,0.00951362,0.0107793,0.0120511,0.0133211,0.0145808,0.0158212,0.0170328,0.018206,0.0193311,0.0203983,0.0213988,0.0223243,0.0231678,0.0239235,0.0245876,0.0251581,0.0256352,0.0260211,0.0263203,0.0265389,0.0266849,0.0267673,0.0267958,0.0267804,0.0267307,0.0266559,0.0265641,0.0264624,0.0263567,0.026252,0.0261514,0.0260592,0.0259776,0.0259085,0.0258535,0.0258139,0.0257905,0.0257903
0.0339277,0.0339286,0.0337884,0.0336704,0.0335686,0.0334764,0.0333876,0.0332968,0.0331994,0.0330917,0.0329701,0.0328319,0.0326743,0.0324949,0.0322912,0.0320607,0.0318009,0.0315095,0.0311838,0.0308215,0.0304205,0.0299786,0.0294939,0.0289649,0.0283904,0.0277696,0.0271022,0.026388,0.0256276,0.024822,0.0239726,0.0230813,0.0221504,0.0211825,0.0201808,0.0191487,0.0180897,0.0170081,0.0159079,0.0147935,0.0136694,0.0125401,0.0114103,0.0102846,0.00916783,0.00806428,0.00697843,0.00591463,0.00487703,0.00386947,0.00289565,0.00195901,0.00106303,0.000210508,-0.000595812,-0.00135345,-0.00206012,-0.0027139,-0.00331307,-0.00385611,-0.00434194,-0.00476957,-0.00513797,-0.00544669,-0.00569536,-0.00588367,-0.00601153,-0.00607899,-0.00608721,-0.00603211,-0.00591416,-0.00573366,-0.0054912,-0.00518758,-0.00482333,-0.00439921,-0.0039161,-0.00337484,-0.00277653,-0.00212213,-0.00141275,-0.000649934,0.000164768,0.00102965,0.0019427,0.00290151,0.00390356,0.00494572,0.00602456,0.00713616,0.00827594,0.00943898,0.0106197,0.011812,0.0130091,0.0142036,0.0153877,0.0165531,0.0176912,0.0187934,0.0198508,0.0208549,0.0217976,0.0226716,0.0234704,0.0241889,0.0248236,0.0253724,0.0258353,0.0262141,0.0265123,0.0267354,0.0268899,0.0269839,0.0270258,0.0270247,0.0269893,0.0269279,0.0268481,0.0267566,0.0266591,0.0265603,0.026464,0.0263723,0.0262892,0.0262162,0.026155,0.0261067,0.0260724,0.0260529,0.0260528
0.0339434,0.0339442,0.0338125,0.033701,0.0336042,0.0335165,0.0334322,0.0333467,0.0332558,0.0331561,0.0330445,0.0329183,0.0327753,0.032613,0.0324291,0.0322215,0.0319876,0.0317252,0.0314319,0.0311054,0.0307433,0.0303436,0.0299043,0.0294238,0.0289007,0.0283341,0.0277232,0.0270679,0.0263682,0.0256251,0.0248396,0.0240132,0.0231478,0.022246,0.0213104,0.0203442,0.0193506,0.0183336,0.017297,0.0162449,0.0151815,0.0141113,0.0130386,0.0119682,0.0109043,0.00985144,0.00881398,0.00779623,0.00680221,0.00583596,0.00490107,0.00400122,0.00313978,0.00231978,0.00154401,0.000815189,0.000135667,-0.00049249,-0.0010674,-0.00158754,-0.00205153,-0.00245821,-0.00280654,-0.00309605,-0.00332615,-0.00349648,-0.00360703,-0.00365769,-0.00364959,-0.00357824,-0.00344415,-0.0032479,-0.00299011,-0.00267168,-0.00229332,-0.00185603,-0.00136083,-0.000808886,-0.000201487,0.000460081,0.00117421,0.00193904,0.00275258,0.00361269,0.00451679,0.00546212,0.0064454,0.00746306,0.00851124,0.0095853,0.0106804,0.0117911,0.0129116,0.0140353,0.0151555,0.0162649,0.0173559,0.0184206,0.0194511,0.0204396,0.0213783,0.0222602,0.0230785,0.0238278,0.0245033,0.0251019,0.0256218,0.0260628,0.0264265,0.0267158,0.0269355,0.0270914,0.0271905,0.0272403,0.0272488,0.027224,0.0271734,0.0271041,0.0270221,0.0269329,0.0268409,0.0267497,0.0266613,0.0265794,0.0265054,0.026441,0.0263872,0.0263453,0.026316,0.0263,0.0262998
0.0339337,0.0339344,0.0338117,0.0337069,0.0336153,0.033532,0.0334521,0.0333715,0.0332866,0.0331942,0.0330916,0.0329765,0.0328467,0.0327001,0.0325345,0.032348,0.0321382,0.0319029,0.03164,0.0313469,0.0310216,0.0306619,0.0302658,0.0298317,0.0293579,0.0288433,0.0282871,0.0276888,0.0270485,0.0263664,0.0256434,0.0248808,0.0240803,0.0232439,0.0223741,0.0214737,0.0205457,0.0195937,0.0186214,0.0176325,0.016631,0.0156212,0.0146074,0.013594,0.0125851,0.0115853,0.0105987,0.00962957,0.008682,0.00775991,0.00686699,0.00600691,0.00518321,0.00439883,0.00365681,0.00295988,0.0023106,0.00171106,0.00116322,0.000668822,0.000229484,-0.000153674,-0.000479609,-0.000747656,-0.000957083,-0.00110756,-0.00119899,-0.00123155,-0.00120568,-0.00111695,-0.00096604,-0.000753633,-0.000480498,-0.000147579,0.000244104,0.000693455,0.00119914,0.00175978,0.00237382,0.00303955,0.00375494,0.00451777,0.00532559,0.00617588,0.0070656,0.00799124,0.00894926,0.00993559,0.0109458,0.0119748,0.0130175,0.0140681,0.0151206,0.0161683,0.0172047,0.0182226,0.0192148,0.0201741,0.0210934,0.0219659,0.0227851,0.0235453,0.0242413,0.0248694,0.0254266,0.0259116,0.0263241,0.0266656,0.0269388,0.0271479,0.0272981,0.0273956,0.0274472,0.0274601,0.0274414,0.0273981,0.0273366,0.0272624,0.0271806,0.0270953,0.0270097,0.0269263,0.0268471,0.0267744,0.0267093,0.0266531,0.0266065,0.0265706,0.026546,0.0265333,0.0265331
0.0339015,0.0339022,0.0337888,0.033691,0.0336048,0.0335259,0.0334503,0.0333743,0.0332948,0.033209,0.0331146,0.0330094,0.0328916,0.0327592,0.0326104,0.0324432,0.0322555,0.0320453,0.0318105,0.0315486,0.0312577,0.0309356,0.0305802,0.0301899,0.029763,0.0292982,0.0287944,0.028251,0.0276678,0.0270449,0.0263829,0.0256827,0.0249457,0.0241736,0.0233687,0.0225335,0.0216708,0.0207837,0.0198757,0.0189503,0.0180115,0.0170631,0.0161092,0.0151541,0.0142018,0.0132568,0.012323,0.0114046,0.0105058,0.00963028,0.00878188,0.00796425,0.00718093,0.00643497,0.00572946,0.00506726,0.00445091,0.00388264,0.00336458,0.00289858,0.00248629,0.00212894,0.00182761,0.00158318,0.00139635,0.00126738,0.00119651,0.00118335,0.00122836,0.00133533,0.00150353,0.00173228,0.00202056,0.00236734,0.00277143,0.0032314,0.00374575,0.00431288,0.00493084,0.00559747,0.00631046,0.0070671,0.00786468,0.0087001,0.00956977,0.0104698,0.0113963,0.0123447,0.01331,0.0142871,0.0152705,0.0162542,0.0172321,0.0181978,0.0191447,0.0200663,0.0209558,0.0218068,0.0226132,0.0233693,0.0240699,0.0247107,0.0252882,0.0258002,0.0262456,0.0266242,0.0269376,0.0271884,0.0273803,0.0275182,0.0276076,0.0276549,0.0276666,0.0276491,0.0276087,0.0275514,0.0274824,0.0274061,0.0273262,0.0272459,0.0271676,0.0270922,0.0270222,0.0269586,0.0269023,0.0268539,0.0268143,0.0267841,0.026764,0.0267544,0.0267542
0.03385,0.0338507,0.0337469,0.0336562,0.0335754,0.033501,0.0334295,0.0333579,0.0332833,0.0332035,0.0331164,0.0330201,0.032913,0.0327935,0.0326598,0.0325101,0.0323426,0.0321553,0.0319462,0.0317131,0.031454,0.0311668,0.0308496,0.0305005,0.0301177,0.0296999,0.0292459,0.0287549,0.0282265,0.0276605,0.0270573,0.0264175,0.0257423,0.0250331,0.0242919,0.0235208,0.0227224,0.0218996,0.0210555,0.0201936,0.0193174,0.0184307,0.0175372,0.0166412,0.0157466,0.0148574,0.0139779,0.0131119,0.0122635,0.0114365,0.0106346,0.00986157,0.00912086,0.00841563,0.007749,0.00712386,0.00654274,0.00600812,0.00552218,0.00508685,0.00470365,0.00437415,0.00409947,0.00388047,0.00371776,0.00361185,0.00356275,0.00357024,0.00363535,0.0037612,0.00394699,0.00419196,0.00449496,0.00485477,0.00527006,0.00573909,0.00626014,0.00683131,0.00745025,0.00811451,0.00882135,0.0095677,0.0103505,0.011166,0.0120103,0.0128792,0.0137683,0.0146726,0.015587,0.0165062,0.0174243,0.0183355,0.0192336,0.0201125,0.020966,0.021788,0.0225727,0.0233143,0.0240079,0.0246489,0.0252336,0.0257591,0.0262234,0.0266259,0.0269666,0.0272472,0.0274703,0.0276394,0.027759,0.0278345,0.0278716,0.0278764,0.0278548,0.0278127,0.0277555,0.027688,0.0276143,0.0275378,0.0274613,0.0273866,0.0273155,0.0272491,0.0271882,0.0271336,0.0270856,0.0270448,0.0270118,0.0269872,0.0269714,0.0269648,0.0269646
0.0337823,0.033783,0.0336888,0.0336055,0.0335303,0.0334604,0.0333929,0.0333252,0.0332551,0.0331807,0.0331,0.0330117,0.0329142,0.0328061,0.0326858,0.0325518,0.0324024,0.0322358,0.0320501,0.0318433,0.0316134,0.0313584,0.0310764,0.0307655,0.0304239,0.0300502,0.0296431,0.0292017,0.0287253,0.0282136,0.0276667,0.027085,0.0264694,0.0258211,0.0251417,0.0244332,0.0236978,0.0229381,0.0221572,0.021358,0.020544,0.0197186,0.0188856,0.0180489,0.0172122,0.0163796,0.0155551,0.0147425,0.0139456,0.0131685,0.0124147,0.0116878,0.0109914,0.0103287,0.00970277,0.00911647,0.00857256,0.00807355,0.00762161,0.00721866,0.00686643,0.00656651,0.00632,0.00612782,0.00599069,0.00590896,0.00588272,0.00591183,0.00599768,0.00614275,0.00634619,0.00660709,0.00692415,0.00729601,0.00772105,0.00819743,0.0087231,0.00929575,0.00991277,0.0105713,0.0112683,0.0120004,0.0127639,0.0135549,0.0143689,0.0152016,0.0160481,0.0169032,0.0177615,0.0186177,0.0194658,0.0203,0.0211144,0.0219034,0.0226612,0.0233823,0.0240616,0.0246946,0.0252773,0.0258065,0.0262795,0.0266952,0.0270529,0.0273531,0.0275976,0.0277889,0.0279306,0.0280271,0.0280834,0.0281049,0.0280974,0.0280665,0.0280178,0.0279561,0.0278861,0.0278115,0.0277355,0.0276605,0.0275884,0.0275205,0.0274567,0.0273988,0.0273467,0.0273005,0.0272604,0.0272269,0.0272002,0.0271809,0.0271694,0.0271659,0.0271658
0.0337013,0.033702,0.0336175,0.0335415,0.033472,0.0334066,0.033343,0.0332792,0.0332133,0.0331435,0.0330686,0.0329872,0.0328981,0.0328,0.0326916,0.0325716,0.0324383,0.0322902,0.0321255,0.0319423,0.0317389,0.0315132,0.0312634,0.0309876,0.030684,0.0303512,0.0299879,0.0295929,0.0291655,0.0287051,0.0282116,0.0276853,0.0271268,0.026537,0.0259173,0.0252693,0.024595,0.023897,0.0231776,0.02244,0.0216871,0.0209224,0.0201493,0.0193715,0.0185926,0.0178167,0.0170474,0.0162885,0.0155439,0.0148172,0.0141123,0.0134326,0.0127817,0.0121627,0.0115787,0.0110327,0.0105275,0.0100654,0.00964883,0.00927962,0.0089598,0.00869073,0.00847357,0.00830931,0.00819873,0.00814208,0.00813955,0.00819079,0.00829777,0.00846212,0.00868309,0.00895932,0.00928961,0.00967234,0.0101057,0.0105876,0.0111156,0.0116872,0.0122994,0.0129491,0.0136328,0.0143468,0.0150871,0.0158493,0.0166288,0.0174209,0.0182203,0.0190219,0.01982,0.0206093,0.0213839,0.0221383,0.0228669,0.0235644,0.0242257,0.0248461,0.0254215,0.0259483,0.0264236,0.0268455,0.0272127,0.0275252,0.0277838,0.0279901,0.028147,0.028258,0.0283274,0.0283602,0.0283616,0.028337,0.028292,0.0282318,0.0281611,0.0280842,0.0280048,0.0279257,0.0278491,0.0277766,0.027709,0.0276473,0.027592,0.0275425,0.0274987,0.0274605,0.0274279,0.0274012,0.0273805,0.0273664,0.0273591,0.027359,0.0273588
0.0336099,0.0336106,0.0335357,0.0334672,0.0334034,0.0333425,0.0332828,0.0332226,0.0331604,0.0330949,0.033025,0.0329496,0.0328678,0.0327785,0.0326804,0.0325725,0.0324534,0.0323216,0.0321755,0.0320134,0.0318336,0.0316342,0.0314135,0.0311696,0.0309008,0.0306056,0.0302826,0.0299307,0.0295489,0.0291365,0.0286933,0.0282193,0.0277149,0.0271808,0.0266181,0.0260282,0.0254129,0.0247743,0.0241147,0.0234369,0.0227438,0.0220385,0.0213241,0.0206043,0.0198827,0.0191628,0.0184484,0.0177431,0.0170506,0.0163748,0.0157191,0.015087,0.0144821,0.0139074,0.0133661,0.0128612,0.0123954,0.0119712,0.0115908,0.0112564,0.0109697,0.0107322,0.0105452,0.0104097,0.0103262,0.0102953,0.0103168,0.0103904,0.0105186,0.0107022,0.0109401,0.011231,0.0115734,0.0119658,0.0124059,0.0128914,0.0134196,0.0139876,0.0145923,0.0152302,0.0158976,0.0165901,0.0173037,0.0180336,0.018775,0.0195228,0.0202718,0.0210165,0.0217516,0.0224714,0.0231705,0.0238436,0.0244856,0.0250917,0.0256575,0.0261792,0.0266536,0.0270781,0.0274511,0.0277716,0.0280398,0.0282568,0.0284244,0.0285455,0.0286238,0.0286636,0.0286696,0.0286471,0.0286015,0.0285381,0.028462,0.0283779,0.0282898,0.0282014,0.0281153,0.0280336,0.0279577,0.0278885,0.0278265,0.0277715,0.0277235,0.0276816,0.0276455,0.0276147,0.027589,0.0275686,0.0275537,0.0275446,0.0275415,0.0275449,0.0275447
0.0335108,0.0335115,0.0334462,0.033385,0.0333269,0.0332706,0.0332147,0.0331579,0.0330992,0.0330375,0.032972,0.0329018,0.0328263,0.0327444,0.0326552,0.0325578,0.032451,0.0323333,0.0322034,0.0320598,0.0319009,0.0317249,0.0315301,0.0313148,0.0310774,0.0308163,0.0305301,0.0302176,0.0298777,0.0295098,0.0291134,0.0286884,0.0282349,0.0277533,0.0272446,0.02671,0.0261509,0.0255693,0.0249673,0.0243473,0.023712,0.0230642,0.0224071,0.021744,0.0210783,0.0204135,0.0197531,0.0191006,0.0184598,0.0178343,0.0172275,0.0166429,0.0160839,0.0155536,0.0150552,0.0145916,0.0141656,0.0137795,0.0134358,0.0131365,0.0128833,0.0126779,0.0125214,0.0124148,0.0123587,0.0123535,0.0123992,0.0124953,0.0126445,0.0128467,0.0131008,0.0134055,0.0137591,0.0141596,0.0146048,0.0150919,0.0156183,0.0161806,0.0167754,0.0173989,0.018047,0.0187154,0.0193993,0.020094,0.0207946,0.0214955,0.0221916,0.0228774,0.0235476,0.0241968,0.0248198,0.0254116,0.0259678,0.0264842,0.0269571,0.0273835,0.0277613,0.0280888,0.0283655,0.0285917,0.0287686,0.0288983,0.0289838,0.0290287,0.0290373,0.0290146,0.0289658,0.0288961,0.0288108,0.0287151,0.0286136,0.0285103,0.0284087,0.0283116,0.0282209,0.0281381,0.0280638,0.0279981,0.0279415,0.0278932,0.027852,0.0278172,0.0277879,0.0277638,0.0277444,0.0277299,0.0277203,0.027716,0.0277173,0.0277244,0.0277242
0.0334066,0.0334072,0.0333512,0.0332973,0.033245,0.0331932,0.0331411,0.0330876,0.0330321,0.0329738,0.0329121,0.0328464,0.0327761,0.0327006,0.032619,0.0325304,0.0324339,0.0323284,0.0322125,0.0320849,0.0319441,0.0317885,0.0316165,0.0314265,0.031217,0.0309864,0.0307333,0.0304565,0.0301549,0.0298277,0.0294744,0.0290946,0.0286884,0.0282559,0.0277979,0.0273154,0.0268096,0.0262822,0.025735,0.0251702,0.0245904,0.0239981,0.0233962,0.022788,0.0221766,0.0215653,0.0209575,0.0203568,0.0197666,0.0191904,0.0186317,0.0180939,0.0175803,0.0170939,0.016638,0.0162154,0.0158289,0.0154808,0.0151736,0.0149092,0.0146894,0.014516,0.0143898,0.0143119,0.0142831,0.0143035,0.0143731,0.0144914,0.014661,0.014881,0.0151505,0.0154679,0.0158314,0.0162387,0.0166873,0.0171745,0.0176971,0.0182517,0.0188345,0.0194413,0.020068,0.0207099,0.0213621,0.0220196,0.0226774,0.0233298,0.0239717,0.0245977,0.0252027,0.0257813,0.0263289,0.0268411,0.0273137,0.0277434,0.0281272,0.0284631,0.0287498,0.0289867,0.0291744,0.029314,0.0294079,0.029459,0.0294712,0.0294487,0.0293966,0.0293199,0.0292242,0.0291146,0.0289964,0.0288741,0.028752,0.0286336,0.0285217,0.0284183,0.0283248,0.0282418,0.0281694,0.0281076,0.0280565,0.0280139,0.0279787,0.0279499,0.0279266,0.0279083,0.0278946,0.0278854,0.0278808,0.0278811,0.0278867,0.027898,0.0278978
0.0332996,0.0333003,0.0332532,0.0332064,0.0331598,0.0331125,0.033064,0.0330138,0.0329613,0.032906,0.0328477,0.0327858,0.0327199,0.0326497,0.0325743,0.0324931,0.0324053,0.0323099,0.0322058,0.0320918,0.0319664,0.0318284,0.0316761,0.0315081,0.031323,0.0311193,0.0308955,0.0306506,0.0303834,0.0300931,0.0297789,0.0294405,0.0290777,0.0286907,0.0282798,0.027846,0.02739,0.0269136,0.0264182,0.0259058,0.0253787,0.0248394,0.0242904,0.0237348,0.0231756,0.022616,0.0220591,0.0215084,0.0209672,0.0204391,0.0199272,0.019435,0.0189656,0.0185223,0.018108,0.0177256,0.0173778,0.0170671,0.0167957,0.0165656,0.0163788,0.0162366,0.0161402,0.0160906,0.0160884,0.0161338,0.0162267,0.0163666,0.0165557,0.0167927,0.0170766,0.0174055,0.0177774,0.0181901,0.0186408,0.0191264,0.0196436,0.0201887,0.0207577,0.0213463,0.0219499,0.0225638,0.0231829,0.0238021,0.024416,0.0250194,0.0256069,0.0261734,0.0267138,0.0272234,0.0276977,0.0281329,0.0285256,0.0288728,0.0291726,0.0294239,0.029626,0.0297796,0.029886,0.0299474,0.0299669,0.0299483,0.029896,0.0298149,0.0297104,0.0295878,0.0294525,0.0293098,0.0291644,0.0290207,0.0288822,0.0287521,0.0286323,0.0285244,0.0284292,0.0283466,0.0282766,0.028219,0.0281721,0.0281342,0.028104,0.0280802,0.0280619,0.0280487,0.0280399,0.0280354,0.0280354,0.0280401,0.0280501,0.0280658,0.0280656
0.033192,0.0331926,0.0331542,0.0331144,0.0330732,0.0330304,0.0329856,0.0329385,0.0328887,0.0328363,0.0327808,0.0327221,0.03266,0.032594,0.0325237,0.0324486,0.0323679,0.0322809,0.0321865,0.0320836,0.0319712,0.0318479,0.0317124,0.0315632,0.0313991,0.0312186,0.0310206,0.0308037,0.0305669,0.0303093,0.0300303,0.0297293,0.0294059,0.0290603,0.0286927,0.0283037,0.0278941,0.0274652,0.0270182,0.0265551,0.0260777,0.0255884,0.0250897,0.0245842,0.0240748,0.0235644,0.0230563,0.0225537,0.0220597,0.0215777,0.021111,0.0206628,0.0202363,0.0198345,0.0194605,0.019117,0.0188068,0.0185322,0.0182956,0.0180988,0.0179438,0.0178319,0.0177644,0.0177422,0.0177657,0.0178353,0.0179506,0.0181111,0.0183186,0.0185715,0.0188685,0.0192076,0.0195868,0.0200036,0.0204549,0.0209375,0.021448,0.0219824,0.0225363,0.0231055,0.023685,0.0242701,0.0248554,0.0254357,0.0260059,0.0265607,0.0270947,0.0276031,0.028081,0.0285241,0.0289284,0.0292906,0.0296077,0.0298779,0.0300999,0.0302731,0.030398,0.0304761,0.0305095,0.0305012,0.0304551,0.0303755,0.0302673,0.030136,0.029987,0.0298258,0.0296577,0.0294878,0.0293204,0.0291595,0.0290082,0.028869,0.0287434,0.0286323,0.028536,0.0284539,0.0283863,0.0283323,0.0282889,0.0282545,0.0282279,0.028208,0.028194,0.0281849,0.0281803,0.0281798,0.0281838,0.0281927,0.0282071,0.0282276,0.0282274
0.0330856,0.0330862,0.033056,0.033023,0.0329872,0.0329487,0.0329075,0.0328633,0.0328163,0.0327663,0.0327134,0.0326574,0.0325983,0.0325357,0.0324695,0.0323991,0.0323241,0.0322437,0.0321571,0.0320634,0.0319615,0.0318503,0.0317286,0.0315952,0.0314488,0.0312881,0.031112,0.0309193,0.030709,0.0304802,0.0302322,0.0299643,0.0296764,0.0293681,0.0290397,0.0286916,0.0283245,0.0279393,0.0275372,0.0271198,0.0266889,0.0262465,0.025795,0.0253367,0.0248743,0.0244108,0.023949,0.023492,0.023043,0.0226051,0.0221815,0.0217754,0.0213899,0.0210279,0.0206925,0.0203864,0.0201121,0.0198722,0.0196689,0.0195041,0.0193795,0.0192967,0.0192568,0.0192605,0.0193086,0.019401,0.0195376,0.0197177,0.0199423,0.0202097,0.0205185,0.0208666,0.0212518,0.0216714,0.0221222,0.0226008,0.0231035,0.0236261,0.0241643,0.0247133,0.0252684,0.0258244,0.0263761,0.0269182,0.0274456,0.027953,0.0284354,0.028888,0.0293064,0.0296866,0.0300251,0.0303191,0.0305665,0.0307658,0.0309166,0.0310192,0.0310748,0.0310855,0.0310543,0.0309849,0.0308817,0.0307496,0.0305938,0.0304201,0.0302339,0.0300408,0.0298458,0.0296539,0.029469,0.0292945,0.0291333,0.0289871,0.0288571,0.0287437,0.0286467,0.0285655,0.0285003,0.0284479,0.0284063,0.0283742,0.0283505,0.0283338,0.0283229,0.0283169,0.0283154,0.0283183,0.0283259,0.0283386,0.0283574,0.0283829,0.0283827
0.0329822,0.0329828,0.0329602,0.0329336,0.0329031,0.0328689,0.0328311,0.0327899,0.0327454,0.0326977,0.0326469,0.0325932,0.0325364,0.0324766,0.0324135,0.0323468,0.0322761,0.0322008,0.0321203,0.0320337,0.0319401,0.0318386,0.0317281,0.0316075,0.0314756,0.0313314,0.0311737,0.0310015,0.0308138,0.0306097,0.0303886,0.0301498,0.029893,0.0296178,0.0293244,0.0290131,0.0286844,0.0283389,0.0279779,0.0276026,0.0272146,0.0268157,0.0264081,0.0259939,0.0255757,0.0251561,0.0247379,0.0243241,0.0239176,0.0235214,0.0231387,0.0227725,0.0224258,0.0221016,0.0218029,0.0215321,0.021292,0.021085,0.0209132,0.0207786,0.0206829,0.0206275,0.0206136,0.0206419,0.0207129,0.0208268,0.0209833,0.0211817,0.0214219,0.0217024,0.0220217,0.0223776,0.0227676,0.0231889,0.0236382,0.0241119,0.0246061,0.0251164,0.0256385,0.0261673,0.0266981,0.0272255,0.0277445,0.0282497,0.028736,0.0291983,0.0296317,0.0300318,0.0303946,0.0307164,0.0309941,0.0312257,0.0314094,0.0315447,0.0316316,0.0316712,0.0316654,0.0316171,0.0315297,0.0314076,0.0312556,0.0310789,0.0308833,0.0306743,0.0304576,0.0302385,0.030022,0.0298125,0.0296137,0.0294288,0.0292598,0.0291083,0.0289748,0.0288594,0.0287613,0.0286817,0.0286167,0.0285644,0.0285241,0.0284937,0.0284717,0.0284568,0.0284479,0.028444,0.0284448,0.0284503,0.0284609,0.0284772,0.0285001,0.0285307,0.0285306
0.0328832,0.0328838,0.0328683,0.0328477,0.0328222,0.0327921,0.0327577,0.0327193,0.0326772,0.0326315,0.0325827,0.0325308,0.032476,0.0324182,0.0323574,0.0322934,0.0322259,0.0321544,0.0320783,0.031997,0.0319098,0.0318157,0.0317139,0.0316033,0.0314831,0.0313521,0.0312094,0.0310541,0.0308853,0.0307021,0.0305038,0.0302899,0.03006,0.0298137,0.0295511,0.0292723,0.0289778,0.028668,0.0283441,0.0280069,0.0276581,0.0272991,0.0269318,0.0265584,0.0261812,0.0258025,0.025425,0.0250515,0.0246848,0.0243278,0.0239835,0.0236548,0.0233447,0.0230562,0.0227918,0.0225544,0.0223465,0.0221703,0.0220282,0.0219218,0.0218531,0.0218234,0.0218336,0.0218847,0.0219771,0.0221109,0.0222857,0.0225009,0.0227552,0.0230474,0.0233759,0.0237383,0.024132,0.0245542,0.0250012,0.0254694,0.0259547,0.0264527,0.0269586,0.0274678,0.0279749,0.028475,0.0289627,0.0294329,0.0298805,0.0303006,0.0306886,0.0310402,0.0313519,0.0316203,0.031843,0.0320183,0.0321451,0.0322234,0.032254,0.0322384,0.0321794,0.0320801,0.0319447,0.0317779,0.0315849,0.0313713,0.0311428,0.030905,0.0306636,0.0304238,0.0301902,0.0299669,0.0297574,0.0295643,0.0293893,0.0292334,0.029097,0.0289799,0.0288809,0.0288001,0.0287344,0.0286823,0.0286421,0.0286121,0.0285906,0.0285764,0.0285682,0.0285654,0.0285676,0.028575,0.028588,0.0286074,0.0286344,0.0286701,0.02867
0.0327897,0.0327903,0.0327814,0.0327663,0.0327455,0.0327194,0.0326883,0.0326526,0.0326127,0.032569,0.0325218,0.0324714,0.032418,0.0323618,0.0323026,0.0322404,0.032175,0.0321061,0.0320331,0.0319556,0.0318728,0.0317842,0.0316888,0.0315858,0.0314745,0.0313538,0.0312231,0.0310813,0.0309277,0.0307616,0.0305823,0.0303892,0.030182,0.0299604,0.0297244,0.0294739,0.0292092,0.028931,0.0286399,0.0283369,0.0280232,0.0277003,0.0273698,0.0270337,0.026694,0.026353,0.0260131,0.0256769,0.0253472,0.0250267,0.0247182,0.0244246,0.0241487,0.0238933,0.0236612,0.0234548,0.0232769,0.0231295,0.0230149,0.0229349,0.0228912,0.0228852,0.0229178,0.0229899,0.0231019,0.0232538,0.0234452,0.0236757,0.0239425,0.024245,0.0245814,0.0249493,0.0253459,0.0257681,0.0262123,0.0266747,0.0271511,0.0276368,0.0281273,0.0286175,0.0291023,0.0295766,0.0300352,0.0304729,0.0308848,0.0312662,0.0316127,0.0319205,0.032186,0.0324067,0.0325805,0.0327059,0.0327828,0.0328114,0.0327932,0.0327303,0.0326257,0.0324834,0.0323077,0.0321038,0.0318771,0.0316333,0.0313781,0.0311174,0.0308565,0.0306004,0.0303535,0.0301196,0.0299018,0.0297021,0.0295223,0.0293628,0.0292234,0.0291033,0.029003,0.0289205,0.0288536,0.0288004,0.0287592,0.0287282,0.0287059,0.0286911,0.0286827,0.02868,0.0286828,0.0286913,0.0287061,0.0287282,0.0287589,0.0287996,0.0287994
0.0327029,0.0327035,0.0327006,0.0326906,0.0326742,0.0326517,0.0326236,0.0325905,0.0325528,0.0325109,0.0324651,0.0324159,0.0323636,0.0323083,0.0322501,0.0321891,0.0321249,0.0320575,0.0319864,0.0319112,0.0318313,0.0317463,0.0316553,0.0315578,0.0314529,0.0313399,0.0312181,0.0310868,0.0309451,0.0307926,0.0306285,0.0304524,0.030264,0.030063,0.0298492,0.0296227,0.0293838,0.0291328,0.0288704,0.0285973,0.0283148,0.028024,0.0277265,0.0274239,0.0271182,0.0268115,0.026506,0.0262041,0.0259084,0.0256215,0.0253461,0.0250849,0.0248406,0.0246161,0.0244138,0.0242364,0.0240862,0.0239655,0.0238764,0.0238206,0.0238,0.0238156,0.0238687,0.02396,0.0240897,0.024258,0.0244646,0.0247087,0.0249865,0.0252981,0.0256413,0.0260136,0.0264123,0.026834,0.0272751,0.0277317,0.0281993,0.0286735,0.0291493,0.0296219,0.030086,0.0305366,0.0309685,0.0313766,0.0317563,0.0321029,0.0324123,0.0326811,0.032906,0.0330847,0.0332157,0.0332981,0.0333319,0.033318,0.0332584,0.0331555,0.033013,0.032835,0.0326263,0.0323921,0.0321383,0.0318704,0.0315943,0.0313156,0.0310396,0.0307709,0.0305138,0.0302717,0.0300474,0.0298424,0.0296586,0.0294949,0.0293509,0.0292287,0.0291266,0.0290417,0.0289724,0.0289168,0.0288734,0.0288403,0.0288161,0.0287996,0.02879,0.0287865,0.0287891,0.0287981,0.0288141,0.0288383,0.0288723,0.0289175,0.0289174
0.0326237,0.0326243,0.0326266,0.0326213,0.0326088,0.0325897,0.0325645,0.0325337,0.0324979,0.0324576,0.0324131,0.0323649,0.0323133,0.0322586,0.0322009,0.0321402,0.0320766,0.0320097,0.0319395,0.0318654,0.0317872,0.0317041,0.0316159,0.0315218,0.0314212,0.0313135,0.0311981,0.0310743,0.0309416,0.0307993,0.0306471,0.0304844,0.0303109,0.0301265,0.029931,0.0297244,0.029507,0.029279,0.029041,0.0287938,0.0285383,0.0282755,0.028007,0.0277342,0.0274588,0.0271828,0.0269082,0.0266374,0.0263727,0.0261165,0.0258714,0.0256399,0.0254248,0.0252287,0.0250539,0.024903,0.0247784,0.0246822,0.0246166,0.0245831,0.0245836,0.0246191,0.0246908,0.0247994,0.0249452,0.0251283,0.0253483,0.0256045,0.025892,0.0262114,0.0265604,0.0269364,0.0273366,0.0277576,0.0281955,0.0286464,0.0291058,0.0295692,0.0300316,0.0304881,0.0309335,0.0313627,0.0317707,0.0321526,0.0325037,0.0328197,0.0330968,0.0333315,0.0335213,0.033664,0.0337585,0.0338042,0.0338018,0.0337524,0.0336584,0.0335227,0.0333491,0.0331422,0.032907,0.032649,0.0323737,0.0320871,0.0317949,0.0315025,0.0312149,0.0309368,0.0306719,0.0304234,0.0301941,0.029984,0.0297949,0.0296269,0.0294802,0.0293556,0.0292499,0.0291614,0.0290885,0.0290295,0.0289826,0.0289463,0.0289193,0.0289003,0.0288885,0.0288836,0.0288853,0.0288941,0.0289108,0.0289366,0.0289732,0.0290224,0.0290222
0.0325528,0.0325534,0.0325603,0.0325589,0.03255,0.0325339,0.0325113,0.0324826,0.0324485,0.0324095,0.0323662,0.0323187,0.0322675,0.032213,0.0321554,0.0320947,0.0320309,0.0319639,0.0318936,0.0318196,0.0317417,0.0316595,0.0315724,0.0314801,0.0313819,0.0312774,0.0311661,0.0310474,0.0309209,0.030786,0.0306424,0.0304898,0.0303278,0.0301563,0.0299752,0.0297846,0.0295846,0.0293755,0.0291578,0.0289322,0.0286996,0.0284609,0.0282173,0.0279703,0.0277215,0.0274726,0.0272255,0.0269824,0.0267454,0.0265168,0.0262991,0.0260947,0.0259062,0.0257359,0.0255863,0.0254597,0.0253586,0.0252849,0.0252407,0.0252277,0.0252474,0.025301,0.0253897,0.0255139,0.0256742,0.0258704,0.0261023,0.0263692,0.0266654,0.0269917,0.0273457,0.0277249,0.0281262,0.0285462,0.0289811,0.0294267,0.0298787,0.0303323,0.0307828,0.0312249,0.0316538,0.0320643,0.0324514,0.0328105,0.0331369,0.0334266,0.033676,0.0338819,0.034042,0.0341544,0.0342184,0.0342338,0.0342016,0.0341232,0.0340014,0.0338393,0.0336411,0.0334115,0.0331556,0.032879,0.0325875,0.0322868,0.0319824,0.0316798,0.0313836,0.0310984,0.0308276,0.0305735,0.030339,0.0301237,0.0299303,0.0297583,0.0296089,0.02948,0.0293698,0.0292768,0.0291993,0.0291358,0.0290846,0.0290443,0.0290135,0.0289913,0.0289769,0.0289698,0.0289701,0.0289782,0.028995,0.0290217,0.0290603,0.0291125,0.0291124
0.0324907,0.0324913,0.0325021,0.0325042,0.0324982,0.0324848,0.0324644,0.0324377,0.0324051,0.0323672,0.0323246,0.0322776,0.0322266,0.032172,0.032114,0.0320528,0.0319883,0.0319206,0.0318495,0.0317748,0.0316964,0.0316138,0.0315267,0.0314347,0.0313374,0.0312343,0.0311251,0.0310094,0.0308867,0.0307566,0.0306189,0.0304733,0.0303196,0.0301577,0.0299875,0.0298091,0.0296226,0.0294285,0.0292272,0.0290192,0.0288053,0.0285865,0.028364,0.0281389,0.0279128,0.0276872,0.027464,0.0272451,0.0270326,0.0268285,0.0266353,0.0264551,0.0262904,0.0261435,0.0260168,0.0259124,0.0258326,0.0257795,0.0257548,0.0257604,0.0257977,0.0258678,0.0259718,0.0261103,0.0262836,0.0264916,0.0267341,0.0270104,0.0273145,0.0276469,0.0280054,0.0283873,0.0287897,0.0292089,0.029641,0.0300821,0.0305276,0.0309728,0.0314128,0.0318426,0.0322573,0.0326518,0.0330212,0.0333609,0.0336666,0.0339342,0.0341605,0.0343425,0.0344781,0.0345658,0.0346051,0.0345961,0.03454,0.0344386,0.0342949,0.0341123,0.0338951,0.0336481,0.0333766,0.0330862,0.0327826,0.0324715,0.0321583,0.0318481,0.0315455,0.0312549,0.0309789,0.0307195,0.0304798,0.0302605,0.0300628,0.0298869,0.029733,0.0295989,0.0294833,0.0293848,0.0293019,0.0292331,0.0291769,0.0291319,0.0290969,0.029071,0.0290534,0.0290438,0.0290423,0.0290493,0.0290657,0.0290928,0.0291323,0.0291865,0.0291864
0.032438,0.0324386,0.0324524,0.0324573,0.0324538,0.0324426,0.0324241,0.032399,0.0323676,0.0323307,0.0322886,0.0322419,0.0321908,0.0321358,0.0320771,0.0320149,0.0319493,0.0318803,0.0318079,0.0317319,0.031652,0.0315682,0.03148,0.0313872,0.0312895,0.0311865,0.0310778,0.0309631,0.0308422,0.0307148,0.0305806,0.0304394,0.0302912,0.0301358,0.0299732,0.0298037,0.0296273,0.0294445,0.0292557,0.0290614,0.0288624,0.0286597,0.0284541,0.0282471,0.0280398,0.0278338,0.0276308,0.0274327,0.0272412,0.0270585,0.0268866,0.0267278,0.0265843,0.0264583,0.026352,0.0262675,0.0262071,0.0261725,0.0261657,0.0261882,0.0262415,0.0263267,0.0264447,0.0265961,0.0267812,0.0269999,0.0272518,0.0275364,0.0278481,0.0281862,0.0285489,0.0289335,0.0293369,0.0297556,0.0301857,0.030623,0.0310631,0.0315013,0.0319327,0.0323523,0.0327551,0.0331364,0.0334912,0.033815,0.0341037,0.0343535,0.0345611,0.0347239,0.0348399,0.034908,0.0349278,0.0348998,0.0348252,0.0347062,0.0345458,0.0343478,0.0341164,0.0338566,0.0335737,0.0332733,0.032961,0.0326424,0.0323229,0.0320074,0.0316993,0.0314044,0.0311232,0.0308594,0.0306151,0.0303914,0.0301889,0.0300086,0.0298489,0.0297087,0.029587,0.0294823,0.0293934,0.0293188,0.0292571,0.029207,0.0291675,0.0291376,0.0291168,0.0291046,0.0291011,0.0291067,0.0291222,0.0291489,0.0291885,0.0292433,0.0292432
0.032395,0.0323956,0.0324117,0.0324186,0.0324171,0.0324075,0.0323906,0.0323667,0.0323364,0.0323001,0.0322583,0.0322116,0.0321602,0.0321045,0.0320448,0.0319813,0.0319142,0.0318436,0.0317693,0.0316913,0.0316095,0.0315237,0.0314337,0.0313392,0.03124,0.0311358,0.0310263,0.0309114,0.0307906,0.030664,0.0305312,0.0303923,0.030247,0.0300955,0.0299378,0.0297741,0.0296046,0.0294298,0.02925,0.0290658,0.0288781,0.0286875,0.0284953,0.0283024,0.0281102,0.0279201,0.0277338,0.0275528,0.027379,0.0272143,0.0270607,0.0269203,0.0267952,0.0266875,0.0265992,0.0265325,0.0264893,0.0264715,0.0264807,0.0265187,0.0265865,0.0266855,0.0268163,0.0269796,0.0271755,0.0274039,0.0276644,0.0279559,0.0282766,0.0286195,0.0289863,0.0293737,0.0297785,0.0301973,0.0306262,0.0310608,0.0314969,0.0319296,0.0323542,0.0327657,0.0331593,0.03353,0.0338733,0.0341846,0.0344599,0.0346957,0.0348888,0.0350367,0.0351377,0.0351908,0.0351959,0.0351535,0.0350651,0.0349331,0.0347606,0.0345513,0.0343097,0.0340408,0.0337498,0.0334424,0.0331239,0.0327999,0.0324756,0.0321563,0.0318443,0.0315443,0.0312588,0.0309906,0.0307415,0.0305128,0.0303053,0.030119,0.0299528,0.029806,0.0296776,0.0295664,0.0294711,0.0293903,0.029323,0.0292678,0.0292237,0.02919,0.0291659,0.0291511,0.0291456,0.0291497,0.029164,0.0291897,0.0292284,0.0292822,0.0292821
0.0323621,0.0323627,0.0323801,0.0323883,0.032388,0.0323797,0.0323639,0.0323409,0.0323113,0.0322754,0.0322337,0.0321867,0.0321347,0.0320781,0.0320171,0.0319521,0.0318832,0.0318105,0.031734,0.0316537,0.0315695,0.0314812,0.0313888,0.0312919,0.0311904,0.0310841,0.0309728,0.0308563,0.0307345,0.0306071,0.0304742,0.0303356,0.0301913,0.0300415,0.0298863,0.0297258,0.0295604,0.0293905,0.0292167,0.0290394,0.0288594,0.0286777,0.0284951,0.0283128,0.0281321,0.0279544,0.027781,0.0276137,0.0274542,0.0273043,0.0271659,0.0270409,0.0269314,0.0268393,0.0267666,0.0267154,0.0266874,0.0266844,0.0267081,0.0267599,0.0268411,0.0269526,0.0270953,0.0272696,0.0274756,0.0277132,0.0279818,0.0282805,0.028608,0.0289569,0.0293281,0.0297189,0.0301259,0.0305457,0.0309743,0.0314076,0.031841,0.0322701,0.0326899,0.0330956,0.0334823,0.0338453,0.0341799,0.0344819,0.0347474,0.0349727,0.035155,0.035292,0.035382,0.0354242,0.0354185,0.0353658,0.0352676,0.0351264,0.0349453,0.0347282,0.0344795,0.0342042,0.0339076,0.0335951,0.0332724,0.032944,0.0326172,0.0322934,0.0319773,0.0316728,0.0313828,0.0311097,0.0308555,0.0306212,0.0304077,0.0302146,0.0300415,0.0298876,0.0297522,0.0296342,0.0295324,0.0294456,0.0293726,0.0293125,0.0292642,0.0292269,0.0292,0.029183,0.0291757,0.0291784,0.0291914,0.0292155,0.0292521,0.0293031,0.029303
0.0323394,0.0323399,0.0323576,0.0323663,0.0323667,0.0323592,0.0323441,0.0323218,0.0322926,0.0322568,0.0322149,0.0321673,0.0321144,0.0320566,0.0319941,0.0319273,0.0318563,0.0317813,0.0317023,0.0316193,0.0315324,0.0314413,0.0313459,0.0312462,0.0311419,0.0310329,0.030919,0.0308001,0.0306761,0.0305469,0.0304124,0.0302727,0.0301279,0.0299779,0.0298231,0.0296637,0.0295001,0.0293326,0.0291619,0.0289887,0.0288135,0.0286374,0.0284613,0.0282863,0.0281138,0.0279449,0.0277812,0.0276242,0.0274757,0.0273373,0.0272109,0.0270984,0.0270016,0.0269226,0.0268631,0.026825,0.0268101,0.0268201,0.0268566,0.0269208,0.027014,0.0271371,0.0272908,0.0274754,0.0276911,0.0279375,0.0282141,0.0285199,0.0288538,0.0292093,0.0295858,0.0299807,0.0303909,0.0308127,0.0312425,0.0316759,0.0321086,0.0325359,0.032953,0.0333552,0.0337376,0.0340955,0.0344245,0.0347202,0.0349789,0.0351971,0.035372,0.0355014,0.0355839,0.0356186,0.0356057,0.0355459,0.0354411,0.0352936,0.0351067,0.0348841,0.0346304,0.0343505,0.0340497,0.0337332,0.0334075,0.0330769,0.0327454,0.0324173,0.0320968,0.0317875,0.0314924,0.0312138,0.0309537,0.0307131,0.0304927,0.0302923,0.0301119,0.0299508,0.0298083,0.0296835,0.0295753,0.0294827,0.0294047,0.0293401,0.0292881,0.0292478,0.0292186,0.0292,0.0291915,0.0291931,0.0292049,0.0292271,0.0292606,0.0293069,0.0293068
0.0323266,0.0323271,0.0323439,0.0323524,0.032353,0.0323459,0.0323314,0.0323094,0.0322803,0.0322443,0.0322019,0.0321535,0.0320994,0.0320401,0.0319758,0.0319069,0.0318336,0.031756,0.0316743,0.0315885,0.0314986,0.0314044,0.0313059,0.031203,0.0310955,0.0309833,0.0308663,0.0307444,0.0306175,0.0304856,0.0303487,0.0302068,0.03006,0.0299084,0.0297525,0.0295924,0.0294285,0.0292614,0.0290916,0.0289199,0.028747,0.0285737,0.0284013,0.0282306,0.0280631,0.0279,0.0277428,0.027593,0.0274524,0.0273224,0.0272051,0.0271021,0.0270154,0.0269467,0.0268979,0.0268707,0.0268669,0.0268881,0.0269356,0.0270109,0.0271149,0.0272486,0.0274125,0.027607,0.027832,0.0280872,0.0283719,0.0286849,0.0290249,0.0293888,0.0297711,0.0301712,0.0305858,0.0310114,0.0314439,0.0318793,0.0323132,0.0327409,0.0331577,0.0335588,0.0339396,0.0342952,0.0346213,0.0349136,0.0351685,0.0353826,0.0355532,0.035678,0.0357558,0.0357859,0.0357683,0.035704,0.0355948,0.035443,0.0352519,0.0350254,0.0347678,0.034484,0.0341791,0.0338606,0.0335316,0.0331965,0.0328602,0.0325272,0.0322014,0.0318865,0.0315853,0.0313003,0.0310334,0.0307856,0.0305576,0.0303497,0.0301618,0.0299935,0.029844,0.0297127,0.0295986,0.0295008,0.0294181,0.0293498,0.0292948,0.0292524,0.0292217,0.0292023,0.0291935,0.0291947,0.0292056,0.0292259,0.0292557,0.0292955,0.0292954
0.0323232,0.0323238,0.0323385,0.0323461,0.0323467,0.0323399,0.0323257,0.0323039,0.0322746,0.0322382,0.032195,0.0321453,0.0320897,0.0320286,0.0319623,0.0318911,0.0318152,0.0317349,0.0316504,0.0315615,0.0314684,0.031371,0.0312692,0.0311629,0.031052,0.0309364,0.030816,0.0306907,0.0305604,0.0304252,0.0302851,0.0301401,0.0299904,0.0298362,0.0296779,0.0295157,0.02935,0.0291815,0.0290108,0.0288386,0.0286657,0.028493,0.0283217,0.0281529,0.0279877,0.0278277,0.0276742,0.0275287,0.027393,0.0272688,0.0271577,0.0270615,0.0269821,0.0269213,0.0268807,0.0268623,0.0268675,0.026898,0.026955,0.0270399,0.0271537,0.0272971,0.0274706,0.0276746,0.0279088,0.0281729,0.0284661,0.0287871,0.0291344,0.029506,0.029896,0.030303,0.0307237,0.0311548,0.0315922,0.0320319,0.0324693,0.0329,0.0333191,0.0337219,0.0341038,0.0344599,0.034786,0.0350779,0.0353318,0.0355446,0.0357134,0.0358362,0.0359117,0.0359392,0.0359189,0.0358517,0.0357393,0.0355843,0.0353898,0.0351596,0.034898,0.0346099,0.0343027,0.0339796,0.0336451,0.0333044,0.0329621,0.0326228,0.0322903,0.0319684,0.0316599,0.0313674,0.0310926,0.0308367,0.0306008,0.0303852,0.0301898,0.0300143,0.0298583,0.029721,0.0296015,0.029499,0.0294126,0.0293413,0.0292842,0.0292406,0.0292096,0.0291905,0.0291824,0.0291843,0.0291954,0.0292144,0.0292402,0.0292721,0.029272
0.0323278,0.0323283,0.0323401,0.0323468,0.0323475,0.0323412,0.0323273,0.0323055,0.0322759,0.0322387,0.0321942,0.0321431,0.0320856,0.0320223,0.0319536,0.0318798,0.0318012,0.0317181,0.0316305,0.0315385,0.0314422,0.0313415,0.0312363,0.0311266,0.0310122,0.030893,0.030769,0.03064,0.0305061,0.0303672,0.0302234,0.0300748,0.0299216,0.0297639,0.0296022,0.0294368,0.0292682,0.029097,0.0289238,0.0287494,0.0285748,0.0284008,0.0282286,0.0280593,0.0278943,0.0277349,0.0275827,0.0274391,0.0273058,0.0271846,0.0270772,0.0269853,0.0269108,0.0268555,0.026821,0.0268092,0.0268215,0.0268595,0.0269246,0.0270178,0.0271402,0.0272925,0.0274752,0.0276884,0.0279319,0.0282053,0.0285077,0.0288376,0.0291936,0.0295734,0.029973,0.0303887,0.0308178,0.0312567,0.0317016,0.0321482,0.0325921,0.0330286,0.0334532,0.0338608,0.0342469,0.0346067,0.0349358,0.0352301,0.0354859,0.0356999,0.0358694,0.0359923,0.0360673,0.0360938,0.0360718,0.0360025,0.0358874,0.035729,0.0355306,0.0352958,0.0350291,0.034737,0.0344236,0.0340935,0.0337516,0.0334031,0.0330527,0.0327049,0.0323639,0.0320331,0.0317156,0.0314141,0.0311302,0.0308657,0.0306215,0.0303979,0.0301951,0.0300128,0.0298506,0.0297079,0.0295838,0.0294775,0.0293882,0.0293148,0.0292567,0.0292129,0.0291827,0.029165,0.029159,0.0291633,0.0291762,0.0291954,0.0292183,0.029242,0.0292419
0.0323372,0.0323377,0.0323467,0.0323535,0.0323552,0.0323499,0.0323365,0.0323147,0.0322845,0.0322461,0.0322001,0.0321469,0.0320872,0.0320214,0.0319499,0.0318733,0.0317918,0.0317056,0.0316149,0.0315197,0.0314202,0.0313162,0.0312076,0.0310945,0.0309766,0.0308538,0.0307261,0.0305934,0.0304556,0.0303128,0.0301651,0.0300124,0.0298551,0.0296934,0.0295277,0.0293583,0.0291858,0.0290108,0.028834,0.0286562,0.0284783,0.0283014,0.0281266,0.0279552,0.0277883,0.0276276,0.0274745,0.0273305,0.0271975,0.0270771,0.0269711,0.0268813,0.0268095,0.0267575,0.026727,0.0267198,0.0267375,0.0267815,0.0268531,0.0269535,0.0270837,0.0272442,0.0274357,0.027658,0.0279112,0.0281945,0.0285069,0.0288472,0.0292135,0.0296034,0.030014,0.0304408,0.0308809,0.0313306,0.0317859,0.0322428,0.0326965,0.0331426,0.0335761,0.0339922,0.0343861,0.0347531,0.0350886,0.0353885,0.035649,0.0358667,0.0360391,0.0361639,0.0362397,0.036266,0.0362428,0.0361712,0.0360527,0.0358899,0.035686,0.0354447,0.0351713,0.0348709,0.0345481,0.0342079,0.0338555,0.0334961,0.0331345,0.0327754,0.032423,0.032081,0.0317526,0.0314404,0.0311465,0.0308725,0.0306194,0.0303878,0.0301777,0.029989,0.0298212,0.0296738,0.0295459,0.0294366,0.0293453,0.0292708,0.0292126,0.0291696,0.0291412,0.0291264,0.0291241,0.0291328,0.02915,0.0291725,0.0291955,0.0292129,0.0292128
0.032346,0.0323465,0.0323556,0.0323651,0.0323697,0.0323665,0.0323541,0.0323323,0.0323011,0.0322611,0.032213,0.0321573,0.0320947,0.0320259,0.0319514,0.0318717,0.0317869,0.0316975,0.0316036,0.0315053,0.0314025,0.0312953,0.0311834,0.0310669,0.0309456,0.0308193,0.0306879,0.0305515,0.0304098,0.030263,0.030111,0.0299541,0.0297924,0.0296262,0.0294559,0.0292818,0.0291047,0.028925,0.0287436,0.0285613,0.028379,0.0281979,0.0280191,0.0278439,0.0276736,0.0275098,0.027354,0.0272078,0.027073,0.0269515,0.0268448,0.0267551,0.026684,0.0266334,0.0266051,0.0266008,0.0266222,0.0266706,0.0267476,0.0268541,0.0269912,0.0271595,0.0273595,0.0275912,0.0278543,0.0281484,0.0284722,0.0288245,0.0292032,0.0296058,0.0300294,0.0304701,0.0309241,0.0313879,0.0318575,0.0323285,0.0327963,0.0332561,0.0337029,0.0341317,0.0345375,0.0349156,0.0352612,0.0355702,0.0358385,0.0360627,0.03624,0.0363683,0.036446,0.0364724,0.0364477,0.0363728,0.0362494,0.03608,0.0358679,0.035617,0.0353325,0.0350195,0.0346831,0.0343287,0.0339615,0.0335871,0.0332104,0.0328364,0.0324695,0.0321134,0.0317717,0.031447,0.0311417,0.0308573,0.0305949,0.030355,0.0301378,0.0299431,0.0297704,0.029619,0.0294881,0.0293768,0.0292843,0.0292096,0.029152,0.0291108,0.0290853,0.0290746,0.0290778,0.0290932,0.0291184,0.029149,0.0291781,0.0291955,0.0291954
0.0323455,0.032346,0.032355,0.0323646,0.0323692,0.032366,0.0323536,0.0323317,0.0323006,0.0322606,0.0322124,0.0321567,0.0320942,0.0320254,0.0319509,0.0318711,0.0317864,0.031697,0.0316031,0.0315048,0.031402,0.0312947,0.0311829,0.0310664,0.030945,0.0308187,0.0306874,0.0305509,0.0304093,0.0302624,0.0301105,0.0299536,0.0297919,0.0296257,0.0294553,0.0292813,0.0291042,0.0289245,0.0287431,0.0285608,0.0283786,0.0281975,0.0280186,0.0278434,0.0276731,0.0275093,0.0273535,0.0272074,0.0270726,0.0269511,0.0268444,0.0267547,0.0266836,0.026633,0.0266047,0.0266005,0.0266218,0.0266703,0.0267472,0.0268538,0.0269909,0.0271592,0.0273591,0.0275908,0.027854,0.028148,0.0284719,0.0288241,0.0292028,0.0296054,0.030029,0.0304696,0.0309237,0.0313875,0.031857,0.032328,0.0327958,0.0332556,0.0337023,0.0341311,0.0345369,0.034915,0.0352606,0.0355695,0.0358378,0.0360621,0.0362394,0.0363676,0.0364453,0.0364718,0.0364471,0.0363722,0.0362488,0.0360794,0.0358673,0.0356165,0.035332,0.035019,0.0346826,0.0343282,0.0339611,0.0335866,0.03321,0.032836,0.0324691,0.0321131,0.0317714,0.0314467,0.0311414,0.030857,0.0305946,0.0303547,0.0301376,0.0299429,0.0297702,0.0296188,0.0294879,0.0293766,0.0292841,0.0292095,0.0291519,0.0291107,0.0290851,0.0290745,0.0290776,0.0290931,0.0291183,0.0291489,0.029178,0.0291954,0.0291953
