-0.0364777,-0.0364995,-0.0279356,-0.0227855,-0.0192483,-0.0166001,-0.0145049,-0.0127855,-0.0113387,-0.0100993,-0.00902352,-0.0080805,-0.00724759,-0.00650765,-0.00584734,-0.00525603,-0.00472511,-0.00424743,-0.00381701,-0.00342877,-0.00307831,-0.00276185,-0.00247604,-0.00221792,-0.00198489,-0.0017746,-0.00158493,-0.00141397,-0.00126002,-0.0011215,-0.00099699,-0.000885189,-0.000784914,-0.000695084,-0.00061471,-0.00054289,-0.000478797,-0.000421679,-0.000370848,-0.000325677,-0.000285593,-0.000250076,-0.000218654,-0.000190895,-0.000166412,-0.00014485,-0.00012589,-0.000109245,-9.46553e-05,-8.18866e-05,-7.07292e-05,-6.09946e-05,-5.25143e-05,-4.51372e-05,-3.87286e-05,-3.31681e-05,-2.83485e-05,-2.4174e-05,-2.05594e-05,-1.74284e-05,-1.4713e-05,-1.23518e-05,-1.02895e-05,-8.47567e-06,-6.86394e-06,-5.41093e-06,-4.07547e-06,-2.8176e-06,-1.59774e-06,-3.75647e-07,8.90481e-07,2.24509e-06,3.73631e-06,5.41715e-06,7.34673e-06,9.59159e-06,1.22272e-05,1.53393e-05,1.90259e-05,2.3399e-05,2.85862e-05,3.47334e-05,4.20067e-05,5.05947e-05,6.07116e-05,7.25994e-05,8.65313e-05,0.000102815,0.000121794,0.000143856,0.00016943,0.000198996,0.000233086,0.000272288,0.000317255,0.000368703,0.000427423,0.000494283,0.000570235,0.000656324,0.000753692,0.000863591,0.00098739,0.00112659,0.00128283,0.00145792,0.00165384,0.00187279,0.00211718,0.00238973,0.00269345,0.00303175,0.0034085,0.00382812,0.00429576,0.00481744,0.00540031,0.00605301,0.00678618,0.00761314,0.00855101,0.00962239,0.0108581,0.0123019,0.0140188,0.0161121,0.0187588,0.0222948,0.0274439,0.0360069,0.0359843
-0.0364995,-0.0365211,-0.0279571,-0.0228068,-0.0192694,-0.0166209,-0.0145253,-0.0128055,-0.0113583,-0.0101185,-0.00904219,-0.00809863,-0.00726516,-0.00652463,-0.00586371,-0.00527179,-0.00474023,-0.00426191,-0.00383084,-0.00344194,-0.00309083,-0.00277372,-0.00248727,-0.00222853,-0.00199488,-0.00178398,-0.00159372,-0.0014222,-0.0012677,-0.00112865,-0.00100363,-0.000891346,-0.000790609,-0.000700339,-0.000619549,-0.000547336,-0.000482873,-0.000425408,-0.000374253,-0.000328778,-0.000288411,-0.000252633,-0.000220968,-0.000192985,-0.000168295,-0.000146544,-0.000127411,-0.000110607,-9.58727e-05,-8.29724e-05,-7.16955e-05,-6.18528e-05,-5.32746e-05,-4.58094e-05,-3.93213e-05,-3.36894e-05,-2.88056e-05,-2.45734e-05,-2.0907e-05,-1.77294e-05,-1.49718e-05,-1.25725e-05,-1.04754e-05,-8.62965e-06,-6.98816e-06,-5.50707e-06,-4.14461e-06,-2.86029e-06,-1.61391e-06,-3.64656e-07,9.29917e-07,2.3149e-06,3.83913e-06,5.55634e-06,7.52642e-06,9.81676e-06,1.25036e-05,1.56739e-05,1.94264e-05,2.38742e-05,2.91462e-05,3.53893e-05,4.27708e-05,5.14806e-05,6.17342e-05,7.3775e-05,8.78776e-05,0.000104351,0.00012354,0.000145833,0.000171662,0.000201506,0.0002359,0.000275432,0.000320755,0.000372588,0.000431721,0.000499022,0.000575444,0.000662031,0.000759926,0.000870378,0.000994756,0.00113456,0.00129143,0.00146717,0.00166376,0.00188339,0.00212848,0.00240174,0.00270617,0.00304519,0.00342266,0.003843,0.00431134,0.00483371,0.00541726,0.00607062,0.00680442,0.00763198,0.00857042,0.00964233,0.0108785,0.0123228,0.0140401,0.0161338,0.0187807,0.022317,0.0274663,0.0360295,0.0360069
-0.0279356,-0.0279571,-0.0245932,-0.0212434,-0.0184291,-0.016116,-0.0141967,-0.0125792,-0.0111962,-0.00999899,-0.00895238,-0.00803019,-0.00721252,-0.00648395,-0.00583222,-0.00524746,-0.00472154,-0.0042477,-0.0038202,-0.00343417,-0.00308536,-0.00277008,-0.0024851,-0.00222752,-0.0019948,-0.00178462,-0.00159491,-0.00142381,-0.00126961,-0.00113078,-0.0010059,-0.000893689,-0.00079298,-0.000702699,-0.000621866,-0.000549586,-0.000485039,-0.000427475,-0.000376212,-0.000330624,-0.000290141,-0.000254245,-0.000222464,-0.000194367,-0.000169567,-0.00014771,-0.000128475,-0.000111576,-9.67519e-05,-8.37674e-05,-7.24122e-05,-6.24969e-05,-5.38518e-05,-4.6325e-05,-3.97804e-05,-3.40968e-05,-2.91658e-05,-2.48906e-05,-2.1185e-05,-1.79717e-05,-1.51815e-05,-1.27522e-05,-1.06276e-05,-8.75611e-06,-7.09051e-06,-5.58645e-06,-4.20178e-06,-2.89557e-06,-1.6272e-06,-3.55418e-07,9.62688e-07,2.37268e-06,3.92389e-06,5.67056e-06,7.67311e-06,9.99947e-06,1.27265e-05,1.59416e-05,1.97442e-05,2.42479e-05,2.95821e-05,3.58943e-05,4.33522e-05,5.21462e-05,6.2492e-05,7.46332e-05,8.88443e-05,0.000105434,0.000124747,0.000147172,0.000173137,0.000203123,0.00023766,0.000277336,0.0003228,0.000374766,0.000434021,0.000501426,0.000577927,0.00066456,0.000762456,0.000872854,0.000997108,0.0011367,0.00129325,0.00146853,0.00166451,0.00188332,0.00212735,0.00239924,0.00270194,0.00303877,0.00341347,0.00383033,0.00429429,0.0048111,0.00538756,0.0060318,0.00675371,0.00756552,0.00848265,0.00952494,0.0107185,0.0120986,0.0137137,0.0156311,0.0179427,0.0207558,0.0241047,0.0274677,0.0274453
-0.0227855,-0.0228068,-0.0212434,-0.0191724,-0.017115,-0.0152445,-0.0135927,-0.0121445,-0.0108736,-0.00975367,-0.00876222,-0.00788054,-0.00709337,-0.0063882,-0.00575474,-0.00518444,-0.00467009,-0.0042056,-0.00378571,-0.00340591,-0.00306223,-0.0027512,-0.00246973,-0.00221508,-0.00198478,-0.00177661,-0.00158858,-0.00141886,-0.00126581,-0.00112792,-0.00100382,-0.00089224,-0.000792043,-0.000702174,-0.000621668,-0.000549644,-0.000485295,-0.000427881,-0.000376726,-0.000331213,-0.000290779,-0.00025491,-0.000223138,-0.000195038,-0.000170223,-0.000148343,-0.000129081,-0.000112149,-9.72898e-05,-8.42689e-05,-7.28767e-05,-6.29247e-05,-5.42436e-05,-4.66818e-05,-4.01039e-05,-3.43886e-05,-2.94276e-05,-2.51243e-05,-2.13923e-05,-1.81543e-05,-1.53411e-05,-1.28902e-05,-1.07452e-05,-8.85453e-06,-7.17056e-06,-5.64878e-06,-4.24678e-06,-2.92337e-06,-1.63765e-06,-3.48096e-07,9.88496e-07,2.41798e-06,3.98999e-06,5.75905e-06,7.78587e-06,1.01386e-05,1.28944e-05,1.61408e-05,1.99774e-05,2.45179e-05,2.98916e-05,3.62459e-05,4.37482e-05,5.25884e-05,6.29814e-05,7.517e-05,8.94273e-05,0.00010606,0.000125412,0.000147867,0.000173852,0.000203842,0.000238364,0.000277999,0.000323388,0.000375239,0.000434326,0.0005015,0.000577693,0.000663923,0.000761303,0.000871049,0.000994485,0.00113306,0.00128836,0.00146211,0.00165621,0.00187273,0.00211399,0.0023825,0.0026811,0.00301292,0.00338151,0.00379088,0.00424561,0.00475096,0.00531306,0.00593913,0.00663772,0.00741911,0.00829579,0.00928298,0.0103993,0.0116674,0.0131132,0.0147632,0.0166322,0.0186884,0.0207585,0.0223211,0.0222989
-0.0192483,-0.0192694,-0.0184291,-0.017115,-0.0156414,-0.0141811,-0.0128113,-0.0115584,-0.0104251,-0.00940438,-0.00848609,-0.00765949,-0.00691456,-0.00624231,-0.00563489,-0.00508542,-0.00458792,-0.00413717,-0.00372858,-0.00335813,-0.00302223,-0.00271769,-0.00244166,-0.00219158,-0.00196513,-0.00176022,-0.00157493,-0.00140753,-0.00125643,-0.00112019,-0.000997479,-0.000887072,-0.000787858,-0.000698812,-0.000618995,-0.000547543,-0.000483668,-0.000426645,-0.000375811,-0.000330559,-0.000290336,-0.000254636,-0.000222998,-0.000195002,-0.000170267,-0.000148447,-0.000129228,-0.000112327,-9.7487e-05,-8.44769e-05,-7.30888e-05,-6.31356e-05,-5.44493e-05,-4.68794e-05,-4.02912e-05,-3.45641e-05,-2.95904e-05,-2.52738e-05,-2.15283e-05,-1.82768e-05,-1.54501e-05,-1.2986e-05,-1.0828e-05,-8.92458e-06,-7.22807e-06,-5.69388e-06,-4.2795e-06,-2.94364e-06,-1.6453e-06,-3.42808e-07,1.00715e-06,2.45053e-06,4.03707e-06,5.82137e-06,7.86415e-06,1.02336e-05,1.30067e-05,1.62708e-05,2.01253e-05,2.46834e-05,3.00738e-05,3.64432e-05,4.39579e-05,5.28064e-05,6.32021e-05,7.53854e-05,8.96271e-05,0.000106231,0.000125536,0.000147922,0.000173811,0.000203671,0.000238021,0.000277432,0.000322537,0.000374027,0.000432664,0.000499282,0.00057479,0.000660183,0.000756545,0.000865058,0.000987008,0.0011238,0.00127695,0.00144813,0.00163915,0.001852,0.00208885,0.0023521,0.00264436,0.00296858,0.00332798,0.0037262,0.00416732,0.00465595,0.00519735,0.00579749,0.00646326,0.00720252,0.0080242,0.00893831,0.00995549,0.0110859,0.0123366,0.0137045,0.0151634,0.0166359,0.0179491,0.0187885,0.0187666
-0.0166001,-0.0166209,-0.016116,-0.0152445,-0.0141811,-0.0130535,-0.011939,-0.010878,-0.0098887,-0.00897689,-0.0081418,-0.00737959,-0.00668513,-0.00605292,-0.0054776,-0.00495414,-0.0044779,-0.00404465,-0.00365057,-0.00329221,-0.00296645,-0.00267043,-0.00240161,-0.00215762,-0.00193634,-0.00173583,-0.00155428,-0.00139007,-0.00124169,-0.00110777,-0.000987032,-0.000878309,-0.000780527,-0.000692699,-0.000613915,-0.00054334,-0.000480205,-0.000423807,-0.000373498,-0.000328688,-0.000288833,-0.00025344,-0.000222056,-0.000194271,-0.000169708,-0.000148029,-0.000128924,-0.000112114,-9.7347e-05,-8.43942e-05,-7.30506e-05,-6.31313e-05,-5.44703e-05,-4.69186e-05,-4.03429e-05,-3.46238e-05,-2.96544e-05,-2.53393e-05,-2.1593e-05,-1.8339e-05,-1.55085e-05,-1.30395e-05,-1.08759e-05,-8.9662e-06,-7.26298e-06,-5.72169e-06,-4.29991e-06,-2.9564e-06,-1.65018e-06,-3.39618e-07,1.01854e-06,2.47021e-06,4.065e-06,5.85736e-06,7.90781e-06,1.02842e-05,1.30632e-05,1.63315e-05,2.01879e-05,2.47446e-05,3.01293e-05,3.64871e-05,4.39826e-05,5.28023e-05,6.31567e-05,7.52833e-05,8.94488e-05,0.000105952,0.000125128,0.000147349,0.00017303,0.000202629,0.000236654,0.000275667,0.000320282,0.000371177,0.000429093,0.000494841,0.000569303,0.000653443,0.00074831,0.00085504,0.000974871,0.00110914,0.00125931,0.00142696,0.00161379,0.00182168,0.00205264,0.00230888,0.00259282,0.00290709,0.00325458,0.00363847,0.00406226,0.00452979,0.00504532,0.0056135,0.00623935,0.00692824,0.00768564,0.00851663,0.00942502,0.0104115,0.0114703,0.012583,0.0137092,0.0147716,0.0156422,0.0161463,0.0161247
-0.0145049,-0.0145253,-0.0141967,-0.0135927,-0.0128113,-0.011939,-0.0110386,-0.0101508,-0.0092993,-0.00849649,-0.0077478,-0.00705442,-0.00641519,-0.00582763,-0.0052887,-0.00479509,-0.00434352,-0.00393078,-0.00355385,-0.0032099,-0.00289628,-0.00261057,-0.00235048,-0.00211395,-0.00189903,-0.00170395,-0.00152706,-0.00136684,-0.00122188,-0.0010909,-0.000972678,-0.000866117,-0.00077019,-0.00068395,-0.000606526,-0.000537114,-0.000474974,-0.000419422,-0.000369835,-0.000325638,-0.000286303,-0.000251349,-0.000220336,-0.000192862,-0.000168561,-0.000147101,-0.000128178,-0.000111519,-9.68767e-05,-8.40265e-05,-7.27668e-05,-6.29155e-05,-5.43095e-05,-4.68018e-05,-4.02609e-05,-3.45691e-05,-2.96208e-05,-2.53217e-05,-2.15872e-05,-1.83415e-05,-1.55166e-05,-1.3051e-05,-1.0889e-05,-8.97955e-06,-7.2754e-06,-5.73232e-06,-4.3081e-06,-2.96169e-06,-1.65232e-06,-3.38539e-07,1.0227e-06,2.47706e-06,4.07386e-06,5.8672e-06,7.91711e-06,1.02909e-05,1.30645e-05,1.63237e-05,2.01663e-05,2.47031e-05,3.006e-05,3.63802e-05,4.38259e-05,5.25805e-05,6.28511e-05,7.4871e-05,8.89018e-05,0.000105237,0.000124204,0.000146166,0.00017153,0.000200743,0.000234299,0.000272745,0.000316678,0.000366755,0.000423693,0.000488275,0.000561353,0.000643852,0.000736776,0.000841213,0.000958339,0.00108943,0.00123584,0.00139907,0.00158071,0.00178248,0.00200623,0.00225396,0.00252783,0.00283017,0.00316346,0.0035304,0.00393387,0.00437691,0.00486275,0.0053947,0.00597604,0.00660983,0.0072985,0.00804319,0.00884267,0.00969149,0.0105771,0.0114757,0.0123467,0.0131271,0.0137302,0.0140581,0.0140369
-0.0127855,-0.0128055,-0.0125792,-0.0121445,-0.0115584,-0.010878,-0.0101508,-0.009412,-0.00868519,-0.00798538,-0.00732124,-0.00669721,-0.00611495,-0.00557438,-0.00507436,-0.00461313,-0.00418863,-0.00379863,-0.00344088,-0.00311318,-0.00281336,-0.00253941,-0.00228938,-0.00206145,-0.00185392,-0.00166519,-0.00149376,-0.00133825,-0.00119735,-0.00106987,-0.000954665,-0.000850705,-0.00075702,-0.000672712,-0.000596952,-0.000528971,-0.00046806,-0.000413565,-0.000364883,-0.00032146,-0.000282788,-0.000248399,-0.000217867,-0.000190802,-0.000166848,-0.00014568,-0.000127005,-0.000110554,-9.60861e-05,-8.33819e-05,-7.22439e-05,-6.24938e-05,-5.39714e-05,-4.65326e-05,-4.00483e-05,-3.44025e-05,-2.94916e-05,-2.52225e-05,-2.1512e-05,-1.82854e-05,-1.54754e-05,-1.30213e-05,-1.0868e-05,-8.96503e-06,-7.26564e-06,-5.72598e-06,-4.30421e-06,-2.95961e-06,-1.65175e-06,-3.39531e-07,1.01974e-06,2.47129e-06,4.06398e-06,5.85132e-06,7.89269e-06,1.02545e-05,1.30118e-05,1.62491e-05,2.00626e-05,2.45613e-05,2.98693e-05,3.61268e-05,4.34931e-05,5.21479e-05,6.22939e-05,7.41592e-05,8.79995e-05,0.000104101,0.000122782,0.000144399,0.000169344,0.000198052,0.000231003,0.000268724,0.000311794,0.000360845,0.000416567,0.00047971,0.000551091,0.000631591,0.000722165,0.000823844,0.000937735,0.00106503,0.00120701,0.00136505,0.00154061,0.00173526,0.00195066,0.0021886,0.00245096,0.00273974,0.00305703,0.00340501,0.00378594,0.00420211,0.00465575,0.00514896,0.00568347,0.00626042,0.00687987,0.00754013,0.00823671,0.00896088,0.00969762,0.0104231,0.0111022,0.0116874,0.0121213,0.0123469,0.0123262
-0.0113387,-0.0113583,-0.0111962,-0.0108736,-0.0104251,-0.0098887,-0.0092993,-0.00868519,-0.00806761,-0.00746153,-0.00687689,-0.00631988,-0.00579399,-0.00530082,-0.00484072,-0.0044132,-0.00401722,-0.00365144,-0.00331431,-0.0030042,-0.00271945,-0.00245841,-0.00221949,-0.00200113,-0.00180185,-0.00162025,-0.00145498,-0.0013048,-0.00116852,-0.00104502,-0.000933279,-0.000832314,-0.000741221,-0.000659157,-0.000585337,-0.000519033,-0.000459569,-0.000406322,-0.000358716,-0.000316218,-0.000278341,-0.000244634,-0.000214687,-0.000188121,-0.000164593,-0.000143789,-0.000125422,-0.000109234,-9.49879e-05,-8.24712e-05,-7.14909e-05,-6.18734e-05,-5.34621e-05,-4.61161e-05,-3.9709e-05,-3.41274e-05,-2.92695e-05,-2.50441e-05,-2.13695e-05,-1.81721e-05,-1.53859e-05,-1.29512e-05,-1.08136e-05,-8.92325e-06,-7.23418e-06,-5.70303e-06,-4.28847e-06,-2.95029e-06,-1.6485e-06,-3.42508e-07,1.00985e-06,2.45325e-06,4.03587e-06,5.81047e-06,7.83552e-06,1.01764e-05,1.29067e-05,1.61097e-05,1.98795e-05,2.43231e-05,2.95617e-05,3.57327e-05,4.29914e-05,5.15134e-05,6.14963e-05,7.31619e-05,8.6759e-05,0.000102566,0.000120891,0.000142079,0.000166509,0.000194603,0.000226822,0.000263674,0.000305714,0.000353548,0.000407836,0.000469293,0.000538693,0.000616873,0.000704733,0.000803241,0.000913431,0.00103641,0.00117336,0.00132554,0.00149427,0.00168096,0.00188709,0.00211421,0.00236393,0.00263791,0.00293786,0.00326547,0.00362242,0.00401028,0.00443042,0.00488388,0.00537116,0.0058919,0.00644446,0.00702534,0.0076283,0.00824334,0.00885543,0.00944325,0.0099784,0.010426,0.0107479,0.0109094,0.0108891
-0.0100993,-0.0101185,-0.00999899,-0.00975367,-0.00940438,-0.00897689,-0.00849649,-0.00798538,-0.00746153,-0.00693866,-0.00642673,-0.00593261,-0.0054608,-0.005014,-0.0045936,-0.00420007,-0.00383323,-0.00349244,-0.00317679,-0.00288518,-0.00261637,-0.00236911,-0.0021421,-0.00193406,-0.00174372,-0.00156987,-0.00141134,-0.00126701,-0.00113582,-0.00101674,-0.000908842,-0.000811216,-0.000723025,-0.00064348,-0.000571846,-0.000507438,-0.000449618,-0.000397794,-0.000351417,-0.000309983,-0.000273022,-0.000240105,-0.000210838,-0.000184856,-0.000161829,-0.000141453,-0.000123453,-0.000107577,-9.35976e-05,-8.13071e-05,-7.05187e-05,-6.10635e-05,-5.27891e-05,-4.55586e-05,-3.92485e-05,-3.37481e-05,-2.89581e-05,-2.47894e-05,-2.11619e-05,-1.80037e-05,-1.52499e-05,-1.28421e-05,-1.07268e-05,-8.85505e-06,-7.18165e-06,-5.66393e-06,-4.26121e-06,-2.93388e-06,-1.64259e-06,-3.47338e-07,9.93358e-07,2.42344e-06,3.99026e-06,5.74564e-06,7.74694e-06,1.00582e-05,1.27516e-05,1.59084e-05,1.96207e-05,2.39928e-05,2.9143e-05,3.52049e-05,4.23299e-05,5.06883e-05,6.04718e-05,7.18958e-05,8.5201e-05,0.000100656,0.000118559,0.000139243,0.000163072,0.000190451,0.000221823,0.000257674,0.000298534,0.000344981,0.00039764,0.000457189,0.00052436,0.000599938,0.000684766,0.000779745,0.000885835,0.00100405,0.00113548,0.00128125,0.00144254,0.00162062,0.00181675,0.00203226,0.00226851,0.00252683,0.00280856,0.00311495,0.00344716,0.00380612,0.00419248,0.00460645,0.00504754,0.00551436,0.00600418,0.00651248,0.00703234,0.00755375,0.00806293,0.00854183,0.00896818,0.00931661,0.00956125,0.00968015,0.0096604
-0.00902352,-0.00904219,-0.00895238,-0.00876222,-0.00848609,-0.0081418,-0.0077478,-0.00732124,-0.00687689,-0.00642673,-0.00598004,-0.0055437,-0.00512263,-0.00472012,-0.00433825,-0.00397818,-0.00364036,-0.00332476,-0.00303095,-0.00275831,-0.00250598,-0.00227305,-0.00205851,-0.00186132,-0.00168045,-0.00151485,-0.00136351,-0.00122545,-0.00109973,-0.000985432,-0.000881696,-0.000787703,-0.000702677,-0.000625891,-0.000556659,-0.00049434,-0.000438336,-0.000388089,-0.000343082,-0.000302833,-0.000266899,-0.00023487,-0.000206369,-0.000181048,-0.000158589,-0.000138703,-0.000121122,-0.000105605,-9.19328e-05,-7.99045e-05,-6.93395e-05,-6.00744e-05,-5.19613e-05,-4.48673e-05,-3.86727e-05,-3.32697e-05,-2.85618e-05,-2.44619e-05,-2.08922e-05,-1.77825e-05,-1.50693e-05,-1.26955e-05,-1.06089e-05,-8.76146e-06,-7.10884e-06,-5.60927e-06,-4.22281e-06,-2.91061e-06,-1.63403e-06,-3.53849e-07,9.7063e-07,2.38247e-06,3.92805e-06,5.65807e-06,7.62859e-06,9.90219e-06,1.25491e-05,1.56487e-05,1.92905e-05,2.3576e-05,2.862e-05,3.45521e-05,4.15188e-05,4.96851e-05,5.92364e-05,7.03802e-05,8.33488e-05,9.84005e-05,0.000115823,0.000135933,0.000159083,0.000185657,0.00021608,0.000250813,0.00029036,0.000335268,0.000386129,0.000443579,0.000508305,0.000581041,0.000662569,0.000753723,0.000855382,0.000968476,0.00109398,0.0012329,0.0013863,0.00155526,0.00174087,0.00194425,0.00216648,0.00240864,0.00267169,0.00295652,0.00326381,0.00359399,0.00394712,0.00432277,0.00471976,0.00513603,0.00556822,0.00601142,0.00645869,0.00690071,0.00732543,0.00771802,0.00806125,0.00833658,0.00852613,0.00861542,0.00859623
-0.0080805,-0.00809863,-0.00803019,-0.00788054,-0.00765949,-0.00737959,-0.00705442,-0.00669721,-0.00631988,-0.00593261,-0.0055437,-0.00515965,-0.00478537,-0.00442441,-0.00407925,-0.00375148,-0.00344203,-0.00315129,-0.00287927,-0.0026257,-0.00239007,-0.00217176,-0.00197001,-0.00178403,-0.00161297,-0.00145597,-0.00131216,-0.0011807,-0.00106075,-0.000951512,-0.000852202,-0.00076208,-0.000680441,-0.000606614,-0.000539966,-0.000479902,-0.000425863,-0.000377328,-0.00033381,-0.000294856,-0.000260046,-0.000228991,-0.000201333,-0.000176742,-0.000154913,-0.000135569,-0.000118456,-0.000103341,-9.00132e-05,-7.82801e-05,-6.79676e-05,-5.89179e-05,-5.09885e-05,-4.40507e-05,-3.79887e-05,-3.26981e-05,-2.80852e-05,-2.40657e-05,-2.05639e-05,-1.75113e-05,-1.48465e-05,-1.25135e-05,-1.04615e-05,-8.64366e-06,-7.0167e-06,-5.53973e-06,-4.17373e-06,-2.8807e-06,-1.62285e-06,-3.61834e-07,9.42127e-07,2.33109e-06,3.85031e-06,5.5492e-06,7.48238e-06,9.7107e-06,1.23025e-05,1.53346e-05,1.8894e-05,2.30789e-05,2.80003e-05,3.37835e-05,4.05699e-05,4.85183e-05,5.78072e-05,6.86363e-05,8.12281e-05,9.58307e-05,0.000112719,0.000132195,0.000154596,0.000180287,0.000209671,0.000243185,0.000281305,0.000324546,0.000373463,0.000428654,0.000490757,0.000560453,0.000638463,0.000725552,0.000822521,0.000930209,0.00104949,0.00118125,0.00132642,0.00148593,0.00166069,0.00185162,0.00205958,0.00228536,0.00252966,0.002793,0.0030757,0.00337778,0.00369885,0.00403801,0.00439365,0.00476331,0.00514339,0.00552895,0.00591346,0.00628857,0.00664405,0.00696789,0.0072468,0.00746712,0.00761622,0.00768421,0.00766562
-0.00724759,-0.00726516,-0.00721252,-0.00709337,-0.00691456,-0.00668513,-0.00641519,-0.00611495,-0.00579399,-0.0054608,-0.00512263,-0.00478537,-0.00445369,-0.00413119,-0.00382048,-0.00352343,-0.00324126,-0.00297469,-0.00272403,-0.00248932,-0.00227034,-0.00206669,-0.00187786,-0.00170326,-0.00154222,-0.00139403,-0.00125798,-0.00113334,-0.00101938,-0.000915409,-0.000820725,-0.000734664,-0.000656586,-0.00058588,-0.000521965,-0.000464292,-0.000412344,-0.000365635,-0.000323709,-0.000286143,-0.00025254,-0.000222535,-0.000195788,-0.000171986,-0.000150841,-0.000132088,-0.000115485,-0.00010081,-8.78601e-05,-7.64519e-05,-6.64181e-05,-5.7607e-05,-4.98816e-05,-4.31178e-05,-3.72041e-05,-3.20396e-05,-2.75339e-05,-2.36053e-05,-2.01805e-05,-1.71933e-05,-1.45838e-05,-1.2298e-05,-1.02862e-05,-8.50303e-06,-6.90626e-06,-5.45609e-06,-4.11449e-06,-2.84443e-06,-1.60908e-06,-3.71054e-07,9.08369e-07,2.27013e-06,3.75822e-06,5.42067e-06,7.31044e-06,9.48655e-06,1.20151e-05,1.49705e-05,1.84367e-05,2.25083e-05,2.72924e-05,3.29096e-05,3.94957e-05,4.72032e-05,5.62033e-05,6.66868e-05,7.88668e-05,9.29797e-05,0.000109287,0.000128078,0.00014967,0.00017441,0.000202678,0.000234888,0.000271485,0.000312953,0.00035981,0.000412611,0.000471948,0.000538448,0.000612772,0.000695616,0.000787703,0.000889786,0.00100263,0.00112704,0.00126378,0.00141365,0.00157741,0.00175579,0.00194943,0.00215892,0.00238467,0.00262696,0.00288578,0.00316085,0.00345146,0.0037564,0.00407381,0.00440104,0.0047345,0.00506948,0.00540004,0.0057189,0.0060175,0.0062862,0.00651473,0.00669288,0.00681156,0.0068638,0.00684583
-0.00650765,-0.00652463,-0.00648395,-0.0063882,-0.00624231,-0.00605292,-0.00582763,-0.00557438,-0.00530082,-0.005014,-0.00472012,-0.00442441,-0.00413119,-0.00384388,-0.00356514,-0.00329693,-0.00304067,-0.00279727,-0.00256729,-0.00235098,-0.00214835,-0.00195921,-0.00178325,-0.00162004,-0.00146907,-0.0013298,-0.00120162,-0.00108393,-0.000976115,-0.000877552,-0.000787635,-0.000705771,-0.000631385,-0.000563923,-0.000502858,-0.000447685,-0.000397928,-0.000353137,-0.000312888,-0.000276786,-0.000244461,-0.000215569,-0.000189791,-0.000166831,-0.000146416,-0.000128296,-0.00011224,-9.80379e-05,-8.54961e-05,-7.44392e-05,-6.47074e-05,-5.61555e-05,-4.86522e-05,-4.20786e-05,-3.63272e-05,-3.13014e-05,-2.69137e-05,-2.30857e-05,-1.97463e-05,-1.68318e-05,-1.42843e-05,-1.20513e-05,-1.0085e-05,-8.34107e-06,-6.77869e-06,-5.3592e-06,-4.04567e-06,-2.8021e-06,-1.59273e-06,-3.81251e-07,8.69926e-07,2.2005e-06,3.65312e-06,5.27425e-06,7.11513e-06,9.23273e-06,1.16908e-05,1.45611e-05,1.79243e-05,2.18715e-05,2.65053e-05,3.19414e-05,3.83098e-05,4.57564e-05,5.44444e-05,6.4556e-05,7.62939e-05,8.98827e-05,0.000105571,0.000123631,0.000144364,0.000168098,0.000195189,0.000226024,0.000261022,0.000300633,0.000345337,0.000395649,0.000452112,0.000515302,0.00058582,0.000664295,0.000751376,0.000847729,0.000954032,0.00107096,0.0011992,0.00133939,0.00149215,0.00165804,0.00183754,0.00203102,0.00223872,0.00246064,0.0026966,0.00294604,0.00320807,0.00348128,0.00376371,0.00405268,0.00434477,0.00463562,0.00491995,0.00519152,0.00544325,0.00566739,0.00585596,0.00600126,0.00609659,0.00613695,0.00611963
-0.00584734,-0.00586371,-0.00583222,-0.00575474,-0.00563489,-0.0054776,-0.0052887,-0.00507436,-0.00484072,-0.0045936,-0.00433825,-0.00407925,-0.00382048,-0.00356514,-0.00331578,-0.0030744,-0.00284246,-0.00262104,-0.00241085,-0.00221228,-0.00202553,-0.00185058,-0.00168727,-0.00153533,-0.00139438,-0.00126401,-0.00114373,-0.00103305,-0.000931431,-0.000838357,-0.000753292,-0.000675713,-0.000605107,-0.000540978,-0.000482847,-0.000430255,-0.000382765,-0.000339963,-0.000301459,-0.000266883,-0.000235893,-0.000208166,-0.000183404,-0.000161329,-0.000141683,-0.000124231,-0.000108754,-9.50534e-05,-8.29449e-05,-7.2262e-05,-6.28524e-05,-5.45778e-05,-4.73127e-05,-4.09433e-05,-3.53669e-05,-3.04907e-05,-2.62309e-05,-2.25119e-05,-1.92657e-05,-1.64306e-05,-1.39509e-05,-1.17761e-05,-9.85981e-06,-8.15941e-06,-6.63526e-06,-5.25002e-06,-3.96789e-06,-2.75405e-06,-1.57384e-06,-3.9215e-07,8.27405e-07,2.1232e-06,3.5364e-06,5.11185e-06,6.89891e-06,8.9524e-06,1.13336e-05,1.41114e-05,1.73632e-05,2.11761e-05,2.56483e-05,3.08904e-05,3.70262e-05,4.41947e-05,5.25512e-05,6.22686e-05,7.35391e-05,8.65754e-05,0.000101612,0.000118906,0.000138741,0.000161423,0.000187288,0.000216696,0.000250037,0.000287727,0.000330212,0.000377964,0.000431482,0.000491287,0.000557925,0.00063196,0.000713969,0.00080454,0.00090426,0.00101371,0.00113346,0.00126404,0.00140593,0.00155956,0.00172526,0.00190322,0.00209351,0.00229599,0.00251027,0.00273567,0.00297115,0.00321522,0.0034659,0.00372063,0.00397619,0.00422866,0.00447344,0.00470521,0.00491813,0.00510598,0.00526252,0.00538187,0.005459,0.00549023,0.00547359
-0.00525603,-0.00527179,-0.00524746,-0.00518444,-0.00508542,-0.00495414,-0.00479509,-0.00461313,-0.0044132,-0.00420007,-0.00397818,-0.00375148,-0.00352343,-0.00329693,-0.0030744,-0.00285774,-0.00264847,-0.00244771,-0.00225625,-0.00207463,-0.00190315,-0.00174193,-0.00159093,-0.00145001,-0.00131892,-0.00119735,-0.00108491,-0.000981201,-0.00088579,-0.000798224,-0.000718045,-0.000644794,-0.000578018,-0.000517274,-0.000462131,-0.000412174,-0.000367005,-0.000326244,-0.000289532,-0.00025653,-0.000226918,-0.000200397,-0.000176688,-0.000155532,-0.000136687,-0.000119932,-0.000105061,-9.18845e-05,-8.02307e-05,-6.9941e-05,-6.08709e-05,-5.28889e-05,-4.58757e-05,-3.97229e-05,-3.43323e-05,-2.96153e-05,-2.54919e-05,-2.18896e-05,-1.87431e-05,-1.59934e-05,-1.35869e-05,-1.14749e-05,-9.61287e-06,-7.95975e-06,-6.47732e-06,-5.12951e-06,-3.88183e-06,-2.70062e-06,-1.55246e-06,-4.03466e-07,7.81443e-07,2.03923e-06,3.40954e-06,4.93545e-06,6.66437e-06,8.6489e-06,1.09477e-05,1.36267e-05,1.67597e-05,2.04301e-05,2.47312e-05,2.97683e-05,3.56591e-05,4.25355e-05,5.05446e-05,5.98499e-05,7.06329e-05,8.3094e-05,9.74539e-05,0.000113955,0.00013286,0.000154459,0.000179062,0.000207004,0.000238647,0.000274376,0.000314599,0.000359749,0.00041028,0.000466664,0.000529391,0.000598964,0.000675893,0.000760691,0.000853866,0.000955909,0.00106729,0.00118843,0.00131971,0.00146142,0.00161377,0.00177684,0.00195054,0.00213462,0.00232856,0.00253159,0.0027426,0.0029601,0.00318217,0.00340638,0.00362982,0.003849,0.00405992,0.00425811,0.00443876,0.00459685,0.00472746,0.00482605,0.00488879,0.00491292,0.00489697
-0.00472511,-0.00474023,-0.00472154,-0.00467009,-0.00458792,-0.0044779,-0.00434352,-0.00418863,-0.00401722,-0.00383323,-0.00364036,-0.00344203,-0.00324126,-0.00304067,-0.00284246,-0.00264847,-0.00246016,-0.00227865,-0.00210481,-0.00193923,-0.0017823,-0.00163424,-0.00149512,-0.0013649,-0.00124341,-0.00113044,-0.00102571,-0.00092889,-0.000839624,-0.000757533,-0.000682226,-0.000613305,-0.000550371,-0.000493032,-0.000440903,-0.00039361,-0.000350792,-0.000312105,-0.000277218,-0.00024582,-0.000217617,-0.000192331,-0.000169704,-0.000149493,-0.000131473,-0.000115437,-0.000101192,-8.85598e-05,-7.7378e-05,-6.74971e-05,-5.87807e-05,-5.11041e-05,-4.43543e-05,-3.84283e-05,-3.32327e-05,-2.86832e-05,-2.47035e-05,-2.12243e-05,-1.81834e-05,-1.55242e-05,-1.31954e-05,-1.11504e-05,-9.34638e-06,-7.7439e-06,-6.30624e-06,-4.99873e-06,-3.78817e-06,-2.64219e-06,-1.52864e-06,-4.14912e-07,7.3269e-07,1.94967e-06,3.27404e-06,4.74709e-06,6.41419e-06,8.32559e-06,1.05373e-05,1.31122e-05,1.61205e-05,1.96415e-05,2.37638e-05,2.85872e-05,3.42232e-05,4.07963e-05,4.84455e-05,5.73249e-05,6.76051e-05,7.94745e-05,9.31396e-05,0.000108827,0.000126783,0.000147275,0.000170593,0.000197047,0.00022697,0.000260715,0.000298656,0.000341188,0.000388721,0.00044168,0.000500504,0.000565638,0.000637529,0.000716622,0.000803349,0.000898123,0.00100132,0.00111329,0.00123429,0.00136454,0.00150411,0.001653,0.00181103,0.00197783,0.00215283,0.0023352,0.00252383,0.00271725,0.00291364,0.00311078,0.00330603,0.00349634,0.00367827,0.00384807,0.00400174,0.00413526,0.0042447,0.00432651,0.00437775,0.0043963,0.00438104
-0.00424743,-0.00426191,-0.0042477,-0.0042056,-0.00413717,-0.00404465,-0.00393078,-0.00379863,-0.00365144,-0.00349244,-0.00332476,-0.00315129,-0.00297469,-0.00279727,-0.00262104,-0.00244771,-0.00227865,-0.00211499,-0.00195758,-0.00180707,-0.00166391,-0.00152838,-0.00140063,-0.00128068,-0.00116847,-0.00106386,-0.000966644,-0.000876563,-0.000793332,-0.000716638,-0.000646147,-0.000581519,-0.000522406,-0.000468463,-0.000419346,-0.000374723,-0.000334268,-0.000297667,-0.000264622,-0.000234847,-0.000208071,-0.000184039,-0.000162511,-0.000143264,-0.000126087,-0.000110786,-9.71819e-05,-8.51079e-05,-7.44112e-05,-6.49513e-05,-5.65997e-05,-4.92388e-05,-4.27615e-05,-3.70706e-05,-3.20776e-05,-2.77024e-05,-2.38724e-05,-2.05219e-05,-1.75915e-05,-1.50272e-05,-1.278e-05,-1.08055e-05,-9.06264e-06,-7.51371e-06,-6.12349e-06,-4.85875e-06,-3.68766e-06,-2.57917e-06,-1.50243e-06,-4.26206e-07,6.81798e-07,1.85556e-06,3.13142e-06,4.54882e-06,6.15102e-06,7.9859e-06,1.01068e-05,1.25732e-05,1.54521e-05,1.88183e-05,2.27558e-05,2.73588e-05,3.27325e-05,3.89943e-05,4.62747e-05,5.47184e-05,6.44855e-05,7.57519e-05,8.87107e-05,0.000103573,0.000120567,0.000139941,0.000161963,0.000186919,0.000215115,0.000246872,0.000282533,0.000322454,0.000367006,0.000416569,0.000471532,0.000532288,0.000599226,0.000672729,0.000753163,0.000840869,0.000936151,0.00103927,0.00115041,0.0012697,0.00139714,0.00153265,0.00167596,0.00182666,0.00198415,0.00214756,0.0023158,0.0024875,0.00266094,0.00283412,0.00300469,0.00316998,0.00332706,0.00347276,0.0036038,0.0037169,0.00380892,0.00387706,0.00391901,0.00393314,0.0039186
-0.00381701,-0.00383084,-0.0038202,-0.00378571,-0.00372859,-0.00365057,-0.00355385,-0.00344089,-0.00331431,-0.00317679,-0.00303096,-0.00287927,-0.00272403,-0.00256729,-0.00241085,-0.00225625,-0.00210481,-0.00195758,-0.00181542,-0.00167899,-0.00154876,-0.00142507,-0.00130811,-0.00119798,-0.00109468,-0.000998117,-0.000908165,-0.000824628,-0.000747279,-0.000675861,-0.000610095,-0.000549691,-0.000494348,-0.000443763,-0.000397635,-0.000355666,-0.000317565,-0.000283049,-0.000251847,-0.000223699,-0.000198357,-0.000175588,-0.000155169,-0.000136895,-0.000120571,-0.000106016,-9.30628e-05,-8.15568e-05,-7.13545e-05,-6.23244e-05,-5.43457e-05,-4.7308e-05,-4.11104e-05,-3.56611e-05,-3.08765e-05,-2.66809e-05,-2.30056e-05,-1.97881e-05,-1.69721e-05,-1.45063e-05,-1.23441e-05,-1.0443e-05,-8.76399e-06,-7.27104e-06,-5.93052e-06,-4.71068e-06,-3.58105e-06,-2.51196e-06,-1.47392e-06,-4.37075e-07,6.29412e-07,1.75796e-06,2.9832e-06,4.34269e-06,5.87754e-06,7.63321e-06,9.66026e-06,1.20151e-05,1.47609e-05,1.79684e-05,2.17168e-05,2.60948e-05,3.12012e-05,3.71462e-05,4.40522e-05,5.20545e-05,6.13024e-05,7.19601e-05,8.42071e-05,9.82388e-05,0.000114268,0.000132522,0.000153249,0.00017671,0.000203185,0.000232968,0.000266369,0.000303709,0.00034532,0.000391541,0.000442717,0.000499191,0.0005613,0.000629371,0.000703709,0.000784594,0.000872264,0.000966912,0.00106866,0.00117756,0.00129357,0.00141652,0.00154612,0.00168192,0.00182328,0.00196938,0.00211916,0.00227133,0.00242432,0.00257634,0.00272531,0.00286892,0.00300465,0.00312986,0.00324182,0.00333786,0.00341545,0.00347236,0.00350677,0.00351738,0.00350355
-0.00342877,-0.00344194,-0.00343417,-0.00340591,-0.00335813,-0.00329221,-0.0032099,-0.00311318,-0.0030042,-0.00288518,-0.00275831,-0.0026257,-0.00248932,-0.00235098,-0.00221228,-0.00207463,-0.00193923,-0.00180707,-0.00167899,-0.00155563,-0.00143748,-0.0013249,-0.00121814,-0.00111732,-0.0010225,-0.000933644,-0.000850673,-0.000773447,-0.00070179,-0.000635494,-0.000574331,-0.000518052,-0.000466402,-0.000419116,-0.000375931,-0.000336582,-0.000300809,-0.00026836,-0.000238989,-0.000212461,-0.00018855,-0.000167041,-0.000147733,-0.000130435,-0.000114967,-0.000101163,-8.88665e-05,-7.79338e-05,-6.82314e-05,-5.96366e-05,-5.20362e-05,-4.53268e-05,-3.94137e-05,-3.42106e-05,-2.96388e-05,-2.56268e-05,-2.21097e-05,-1.90287e-05,-1.63302e-05,-1.39657e-05,-1.1891e-05,-1.00657e-05,-8.45275e-06,-7.01779e-06,-5.72883e-06,-4.5556e-06,-3.46909e-06,-2.44098e-06,-1.44319e-06,-4.47262e-07,5.76157e-07,1.6579e-06,2.83087e-06,4.1307e-06,5.59635e-06,7.27084e-06,9.20194e-06,1.14429e-05,1.40532e-05,1.70995e-05,2.06562e-05,2.48063e-05,2.96427e-05,3.52683e-05,4.17973e-05,4.93559e-05,5.80832e-05,6.81314e-05,7.96668e-05,9.28703e-05,0.000107938,0.000125079,0.000144521,0.000166502,0.000191278,0.000219115,0.000250292,0.000285099,0.000323831,0.000366791,0.000414279,0.000466595,0.000524029,0.000586858,0.000655335,0.000729685,0.000810091,0.000896688,0.000989549,0.00108867,0.00119395,0.0013052,0.00142209,0.00154416,0.00167077,0.00180112,0.00193423,0.0020689,0.00220373,0.00233708,0.00246716,0.00259195,0.00270933,0.00281706,0.00291288,0.0029946,0.00306017,0.0031078,0.00313603,0.00314384,0.00313072
-0.00307831,-0.00309084,-0.00308536,-0.00306223,-0.00302223,-0.00296645,-0.00289628,-0.00281336,-0.00271945,-0.00261637,-0.00250598,-0.00239007,-0.00227034,-0.00214835,-0.00202553,-0.00190315,-0.0017823,-0.00166391,-0.00154876,-0.00143748,-0.00133055,-0.00122836,-0.00113117,-0.00103913,-0.000952345,-0.00087082,-0.000794515,-0.000723336,-0.000657152,-0.000595798,-0.000539087,-0.000486813,-0.000438756,-0.000394689,-0.000354381,-0.0003176,-0.000284116,-0.000253702,-0.000226138,-0.000201211,-0.000178717,-0.00015846,-0.000140256,-0.00012393,-0.000109317,-9.62622e-05,-8.46229e-05,-7.4265e-05,-6.50646e-05,-5.69073e-05,-4.96879e-05,-4.33097e-05,-3.76839e-05,-3.27298e-05,-2.83735e-05,-2.45478e-05,-2.11916e-05,-1.82493e-05,-1.56706e-05,-1.34095e-05,-1.14242e-05,-9.67652e-06,-8.13124e-06,-6.75582e-06,-5.51988e-06,-4.39465e-06,-3.35255e-06,-2.36668e-06,-1.41035e-06,-4.56531e-07,5.22632e-07,1.55637e-06,2.67586e-06,3.91479e-06,5.30997e-06,6.90198e-06,8.73581e-06,1.08616e-05,1.33351e-05,1.62189e-05,1.95827e-05,2.35042e-05,2.80698e-05,3.33758e-05,3.95283e-05,4.66445e-05,5.48534e-05,6.42958e-05,7.51254e-05,8.75087e-05,0.000101626,0.000117669,0.000135845,0.000156372,0.00017948,0.000205412,0.000234418,0.000266757,0.000302691,0.000342487,0.000386409,0.000434716,0.000487655,0.00054546,0.000608337,0.000676465,0.000749982,0.000828975,0.000913474,0.00100343,0.00109873,0.00119913,0.00130429,0.00141376,0.00152692,0.00164302,0.00176113,0.00188016,0.00199885,0.00211577,0.00222932,0.00233779,0.00243936,0.00253214,0.00261426,0.00268391,0.00273942,0.00277933,0.00280248,0.00280806,0.00279564
-0.00276185,-0.00277372,-0.00277008,-0.0027512,-0.00271769,-0.00267043,-0.00261057,-0.00253941,-0.00245841,-0.00236911,-0.00227305,-0.00217176,-0.00206669,-0.00195921,-0.00185058,-0.00174193,-0.00163424,-0.00152838,-0.00142507,-0.0013249,-0.00122836,-0.00113583,-0.00104757,-0.000963771,-0.000884553,-0.00080996,-0.000739983,-0.000674566,-0.000613613,-0.000556998,-0.00050457,-0.000456158,-0.000411576,-0.000370631,-0.00033312,-0.000298841,-0.000267591,-0.000239168,-0.000213376,-0.000190022,-0.000168923,-0.000149901,-0.000132788,-0.000117423,-0.000103657,-9.13469e-05,-8.03609e-05,-7.05753e-05,-6.18755e-05,-5.41554e-05,-4.73171e-05,-4.12705e-05,-3.5933e-05,-3.12291e-05,-2.70895e-05,-2.34514e-05,-2.02575e-05,-1.74554e-05,-1.49979e-05,-1.28415e-05,-1.0947e-05,-9.27814e-06,-7.80173e-06,-6.487e-06,-5.30513e-06,-4.22891e-06,-3.23219e-06,-2.2895e-06,-1.37552e-06,-4.64672e-07,4.69398e-07,1.45433e-06,2.51954e-06,3.69681e-06,5.02081e-06,6.52969e-06,8.2657e-06,1.02758e-05,1.26123e-05,1.53337e-05,1.85049e-05,2.21984e-05,2.64947e-05,3.14831e-05,3.72622e-05,4.39404e-05,5.16368e-05,6.04815e-05,7.06156e-05,8.21922e-05,9.53758e-05,0.000110343,0.00012728,0.000146387,0.000167872,0.000191951,0.00021885,0.000248799,0.000282031,0.000318779,0.000359274,0.000403738,0.000452383,0.000505401,0.00056296,0.000625201,0.00069222,0.00076407,0.000840746,0.000922173,0.0010082,0.00109859,0.00119299,0.00129095,0.0013919,0.00149512,0.00159977,0.00170485,0.00180925,0.0019117,0.00201081,0.0021051,0.00219302,0.00227299,0.00234344,0.00240288,0.00244993,0.0024834,0.00250237,0.00250616,0.00249443
-0.00247604,-0.00248727,-0.0024851,-0.00246973,-0.00244166,-0.00240161,-0.00235048,-0.00228938,-0.00221949,-0.0021421,-0.00205851,-0.00197001,-0.00187786,-0.00178325,-0.00168727,-0.00159093,-0.00149512,-0.00140063,-0.00130811,-0.00121814,-0.00113117,-0.00104757,-0.000967615,-0.000891512,-0.00081939,-0.00075132,-0.00068732,-0.000627362,-0.000571384,-0.000519289,-0.000470957,-0.000426249,-0.00038501,-0.000347073,-0.000312266,-0.000280411,-0.00025133,-0.000224844,-0.000200779,-0.000178962,-0.000159227,-0.000141415,-0.000125373,-0.000110955,-9.80228e-05,-8.64475e-05,-7.61072e-05,-6.68881e-05,-5.86846e-05,-5.13984e-05,-4.49389e-05,-3.92225e-05,-3.41724e-05,-2.97181e-05,-2.57953e-05,-2.2345e-05,-1.93136e-05,-1.66523e-05,-1.43166e-05,-1.22657e-05,-1.04626e-05,-8.87326e-06,-7.46646e-06,-6.2131e-06,-5.08601e-06,-4.05947e-06,-3.10878e-06,-2.20987e-06,-1.33882e-06,-4.71498e-07,4.16975e-07,1.35264e-06,2.3632e-06,3.47852e-06,4.73114e-06,6.15684e-06,7.79516e-06,9.69e-06,1.18902e-05,1.44502e-05,1.74304e-05,2.08983e-05,2.49285e-05,2.96036e-05,3.50147e-05,4.12621e-05,4.84553e-05,5.67137e-05,6.61671e-05,7.69553e-05,8.92285e-05,0.000103147,0.000118881,0.00013661,0.000156522,0.000178811,0.000203678,0.000231327,0.000261964,0.000295794,0.000333014,0.000373818,0.000418381,0.000466864,0.000519402,0.0005761,0.000637025,0.000702199,0.000771592,0.000845107,0.00092258,0.00100376,0.00108832,0.00117581,0.0012657,0.00135733,0.00144992,0.00154259,0.00163434,0.00172405,0.00181053,0.0018925,0.00196863,0.0020376,0.00209809,0.00214886,0.00218877,0.00221686,0.00223236,0.00223473,0.00222369
-0.00221792,-0.00222853,-0.00222752,-0.00221508,-0.00219158,-0.00215762,-0.00211395,-0.00206145,-0.00200113,-0.00193406,-0.00186132,-0.00178403,-0.00170326,-0.00162004,-0.00153533,-0.00145001,-0.0013649,-0.00128068,-0.00119798,-0.00111732,-0.00103913,-0.000963771,-0.000891512,-0.000822561,-0.000757062,-0.000695101,-0.000636719,-0.00058191,-0.000530637,-0.000482831,-0.000438398,-0.000397225,-0.000359183,-0.000324132,-0.000291923,-0.000262404,-0.000235417,-0.000210805,-0.000188414,-0.000168089,-0.000149683,-0.000133051,-0.000118054,-0.000104561,-9.24469e-05,-8.15924e-05,-7.18866e-05,-6.32251e-05,-5.55107e-05,-4.86528e-05,-4.25677e-05,-3.71781e-05,-3.24128e-05,-2.82063e-05,-2.44988e-05,-2.12353e-05,-1.8366e-05,-1.58451e-05,-1.36309e-05,-1.16855e-05,-9.97397e-06,-8.46446e-06,-7.12753e-06,-5.93587e-06,-4.86389e-06,-3.88737e-06,-2.98305e-06,-2.12823e-06,-1.30042e-06,-4.76857e-07,3.65835e-07,1.25213e-06,2.20803e-06,3.26152e-06,4.44307e-06,5.7861e-06,7.32753e-06,9.10825e-06,1.11737e-05,1.35744e-05,1.63666e-05,1.96126e-05,2.33813e-05,2.77492e-05,3.28001e-05,3.86263e-05,4.53282e-05,5.30155e-05,6.18065e-05,7.18288e-05,8.32191e-05,9.61229e-05,0.000110694,0.000127094,0.000145491,0.000166059,0.000188978,0.000214427,0.000242587,0.000273635,0.000307745,0.000345079,0.000385785,0.000429994,0.000477813,0.00052932,0.000584557,0.000643521,0.000706163,0.000772374,0.000841982,0.000914739,0.000990322,0.00106832,0.00114822,0.00122943,0.00131125,0.00139289,0.00147345,0.00155197,0.0016274,0.00169865,0.00176459,0.00182409,0.00187606,0.00191945,0.00195333,0.0019769,0.00198952,0.00199077,0.0019804
-0.00198489,-0.00199488,-0.0019948,-0.00198478,-0.00196513,-0.00193634,-0.00189903,-0.00185392,-0.00180185,-0.00174372,-0.00168045,-0.00161297,-0.00154222,-0.00146907,-0.00139438,-0.00131892,-0.00124341,-0.00116847,-0.00109468,-0.0010225,-0.000952345,-0.000884553,-0.00081939,-0.000757062,-0.000697717,-0.000641455,-0.000588329,-0.000538355,-0.000491513,-0.000447757,-0.000407016,-0.000369199,-0.000334201,-0.000301903,-0.000272181,-0.0002449,-0.000219924,-0.000197117,-0.00017634,-0.000157458,-0.000140338,-0.000124849,-0.000110868,-9.82761e-05,-8.69583e-05,-7.68075e-05,-6.77219e-05,-5.96062e-05,-5.23711e-05,-4.59337e-05,-4.02167e-05,-3.51488e-05,-3.06641e-05,-2.67022e-05,-2.32074e-05,-2.01289e-05,-1.74201e-05,-1.50384e-05,-1.29451e-05,-1.11045e-05,-9.48415e-06,-8.05417e-06,-6.78698e-06,-5.65696e-06,-4.64009e-06,-3.71363e-06,-2.85572e-06,-2.04504e-06,-1.26046e-06,-4.80625e-07,3.16396e-07,1.15353e-06,2.05511e-06,3.0473e-06,4.15852e-06,5.41992e-06,6.86583e-06,8.53426e-06,1.04674e-05,1.27119e-05,1.53199e-05,1.83489e-05,2.18625e-05,2.59308e-05,3.06312e-05,3.60479e-05,4.22731e-05,4.94069e-05,5.7557e-05,6.68396e-05,7.73784e-05,8.9305e-05,0.000102758,0.000117883,0.00013483,0.000153754,0.000174814,0.000198168,0.000223975,0.000252389,0.000283558,0.00031762,0.000354698,0.000394899,0.000438306,0.000484973,0.000534922,0.000588135,0.000644546,0.000704041,0.000766444,0.000831515,0.000898944,0.000968347,0.00103926,0.00111113,0.00118334,0.00125518,0.00132586,0.00139454,0.00146031,0.00152224,0.00157935,0.0016307,0.00167536,0.00171245,0.00174122,0.00176098,0.00177122,0.00177158,0.00176187
