-0.00600459,-0.00600446,-0.0030101,-0.00224818,-0.00193903,-0.00178476,-0.0016977,-0.00164525,-0.00161267,-0.00159376,-0.00158535,-0.00158279,-0.00158614,-0.00159441,-0.00160639,-0.00162166,-0.00163956,-0.00166013,-0.00168235,-0.00170645,-0.00173162,-0.00175819,-0.00178592,-0.00181395,-0.00184284,-0.00187201,-0.00190133,-0.00193132,-0.0019618,-0.0019927,-0.00202434,-0.00205669,-0.00208983,-0.00212422,-0.00216004,-0.00219651,-0.00223385,-0.00227305,-0.00231412,-0.00235662,-0.0024007,-0.0024461,-0.00249288,-0.00254137,-0.00259071,-0.00264084,-0.00269183,-0.0027426,-0.00279291,-0.00284252,-0.00289097,-0.00293757,-0.002982,-0.00302286,-0.00306099,-0.00309546,-0.003126,-0.003152,-0.00317389,-0.00319037,-0.00320206,-0.00320809,-0.00320836,-0.0032039,-0.00319406,-0.00317957,-0.00315932,-0.00313529,-0.00310577,-0.00307215,-0.00303473,-0.00299386,-0.00294974,-0.00290363,-0.00285458,-0.0028031,-0.00275084,-0.00269676,-0.00264192,-0.00258643,-0.00253198,-0.00247755,-0.00242369,-0.00237072,-0.00232016,-0.0022715,-0.0022251,-0.00218106,-0.00214141,-0.00210507,-0.00207281,-0.00204486,-0.00202221,-0.00200514,-0.00199476,-0.00199097,-0.0019956,-0.00200866,-0.00203028,-0.00206194,-0.00210543,-0.00216105,-0.00223042,-0.0023147,-0.00241528,-0.00253407,-0.00267306,-0.00283359,-0.00301744,-0.00322759,-0.00346477,-0.00373303,-0.00403095,-0.00436171,-0.00472094,-0.00511155,-0.00551902,-0.00594541,-0.00635609,-0.00674836,-0.0070429,-0.00720685,-0.00702198,-0.00621253,-0.0037917,0.00239992,0.0184407,0.0575323,0.143513,0.269587,0.269583
-0.00600446,-0.00600432,-0.00300997,-0.00224805,-0.0019389,-0.00178464,-0.00169757,-0.00164512,-0.00161254,-0.00159362,-0.00158522,-0.00158265,-0.001586,-0.00159427,-0.00160625,-0.00162151,-0.00163942,-0.00165998,-0.0016822,-0.0017063,-0.00173147,-0.00175804,-0.00178577,-0.0018138,-0.00184268,-0.00187184,-0.00190116,-0.00193114,-0.0019616,-0.0019925,-0.00202414,-0.00205649,-0.00208964,-0.00212404,-0.00215985,-0.0021963,-0.00223363,-0.00227282,-0.00231388,-0.00235636,-0.00240044,-0.00244582,-0.00249259,-0.00254108,-0.0025904,-0.00264054,-0.00269152,-0.00274229,-0.0027926,-0.00284222,-0.00289067,-0.00293727,-0.00298171,-0.00302257,-0.0030607,-0.00309518,-0.00312573,-0.00315175,-0.00317366,-0.00319016,-0.00320187,-0.00320791,-0.00320821,-0.00320376,-0.00319396,-0.00317949,-0.00315927,-0.00313525,-0.00310575,-0.00307215,-0.00303475,-0.00299391,-0.00294982,-0.00290374,-0.00285471,-0.00280325,-0.002751,-0.00269693,-0.00264209,-0.00258662,-0.00253218,-0.00247776,-0.00242393,-0.00237097,-0.00232043,-0.00227179,-0.0022254,-0.00218136,-0.00214172,-0.0021054,-0.00207314,-0.0020452,-0.00202256,-0.00200549,-0.00199514,-0.00199136,-0.00199602,-0.00200909,-0.00203073,-0.00206239,-0.00210588,-0.00216151,-0.00223088,-0.00231516,-0.00241575,-0.00253455,-0.00267355,-0.00283409,-0.00301796,-0.00322812,-0.00346532,-0.00373359,-0.00403153,-0.00436229,-0.00472151,-0.00511211,-0.00551955,-0.0059459,-0.00635654,-0.00674874,-0.0070432,-0.00720706,-0.00702207,-0.00621241,-0.00379122,0.00240092,0.0184424,0.0575347,0.143516,0.269591,0.269587
-0.00260328,-0.00260314,-0.00391615,-0.00318038,-0.0026858,-0.0023955,-0.00221146,-0.00208708,-0.00199952,-0.00193776,-0.00189539,-0.00186292,-0.00184191,-0.00182942,-0.00182359,-0.00182338,-0.00182777,-0.00183616,-0.00184774,-0.00186208,-0.00187874,-0.00189742,-0.00191773,-0.00193939,-0.00196215,-0.00198578,-0.00201025,-0.00203561,-0.00206181,-0.00208878,-0.00211665,-0.00214556,-0.00217545,-0.00220674,-0.00223916,-0.0022729,-0.0023078,-0.00234438,-0.00238267,-0.00242261,-0.00246395,-0.00250679,-0.00255122,-0.00259682,-0.00264347,-0.00269089,-0.00273896,-0.00278693,-0.00283433,-0.00288104,-0.00292649,-0.00297027,-0.00301169,-0.00305009,-0.00308544,-0.00311719,-0.00314522,-0.00316874,-0.00318799,-0.00320233,-0.0032116,-0.0032157,-0.00321434,-0.00320819,-0.00319676,-0.00318052,-0.00315924,-0.00313368,-0.00310337,-0.00306903,-0.00303084,-0.00298932,-0.00294482,-0.00289783,-0.00284839,-0.00279679,-0.002744,-0.00268994,-0.00263508,-0.00257968,-0.00252476,-0.0024704,-0.00241663,-0.00236383,-0.00231324,-0.0022645,-0.00221816,-0.00217459,-0.00213452,-0.00209819,-0.00206574,-0.00203815,-0.00201542,-0.00199825,-0.00198785,-0.00198397,-0.00198826,-0.00200077,-0.0020223,-0.00205406,-0.00209695,-0.00215213,-0.00222124,-0.00230488,-0.00240501,-0.00252322,-0.00266121,-0.00282126,-0.00300456,-0.00321421,-0.00345127,-0.00371939,-0.00401738,-0.00434978,-0.00471081,-0.00510604,-0.00551935,-0.00595719,-0.00638095,-0.00680126,-0.00713017,-0.00738828,-0.00738157,-0.00706765,-0.00587101,-0.00301405,0.00473807,0.0242267,0.0711228,0.145468,0.145465
-0.00304986,-0.00304972,-0.00339234,-0.00271062,-0.00240727,-0.00223755,-0.00212398,-0.00204153,-0.0019801,-0.00193466,-0.00190183,-0.00187791,-0.00186179,-0.00185234,-0.00184856,-0.00184956,-0.00185459,-0.00186306,-0.00187444,-0.00188833,-0.00190438,-0.00192227,-0.00194174,-0.00196257,-0.00198443,-0.00200722,-0.00203093,-0.0020555,-0.00208092,-0.00210715,-0.00213429,-0.00216238,-0.00219148,-0.00222173,-0.0022531,-0.00228568,-0.00231949,-0.00235471,-0.00239135,-0.00242942,-0.00246881,-0.0025095,-0.00255142,-0.00259433,-0.00263811,-0.00268245,-0.00272709,-0.00277156,-0.00281552,-0.00285861,-0.00290039,-0.00294043,-0.00297823,-0.00301332,-0.0030454,-0.00307404,-0.00309904,-0.00311993,-0.0031366,-0.00314872,-0.00315608,-0.00315859,-0.00315617,-0.00314895,-0.00313697,-0.00312027,-0.00309903,-0.00307345,-0.00304368,-0.00301002,-0.00297276,-0.00293234,-0.00288903,-0.00284319,-0.00279513,-0.00274521,-0.00269388,-0.00264143,-0.00258826,-0.0025347,-0.00248136,-0.00242845,-0.00237634,-0.00232532,-0.00227607,-0.00222879,-0.00218382,-0.00214174,-0.0021028,-0.00206752,-0.0020363,-0.00200955,-0.00198781,-0.0019717,-0.00196184,-0.00195878,-0.00196342,-0.00197626,-0.00199826,-0.00203033,-0.00207346,-0.00212878,-0.00219769,-0.00228139,-0.00238138,-0.00249945,-0.00263723,-0.00279696,-0.00298033,-0.00319001,-0.00342773,-0.00369626,-0.00399628,-0.00433048,-0.00469673,-0.00509669,-0.00552135,-0.0059693,-0.00641507,-0.00685488,-0.00722526,-0.0075246,-0.00762539,-0.00751409,-0.00690716,-0.00565181,-0.00247497,0.00530811,0.0264037,0.0603653,0.060363
-0.00253207,-0.00253194,-0.00264178,-0.0025033,-0.00232724,-0.00219087,-0.00209141,-0.00201745,-0.00196181,-0.00192019,-0.00188959,-0.00186765,-0.00185289,-0.00184423,-0.00184078,-0.00184176,-0.00184652,-0.00185453,-0.00186532,-0.00187854,-0.00189382,-0.0019109,-0.00192953,-0.00194949,-0.00197059,-0.00199269,-0.00201569,-0.0020396,-0.00206434,-0.00208993,-0.00211637,-0.00214373,-0.00217205,-0.00220139,-0.00223177,-0.00226324,-0.00229583,-0.00232961,-0.00236458,-0.00240074,-0.00243801,-0.00247634,-0.00251561,-0.00255565,-0.0025963,-0.0026373,-0.00267837,-0.00271919,-0.00275939,-0.00279864,-0.00283657,-0.00287277,-0.00290684,-0.0029384,-0.00296711,-0.00299264,-0.00301472,-0.00303302,-0.00304736,-0.00305751,-0.00306329,-0.00306462,-0.00306143,-0.00305377,-0.00304169,-0.00302526,-0.00300462,-0.00297993,-0.00295138,-0.00291921,-0.0028837,-0.00284517,-0.00280392,-0.00276027,-0.00271453,-0.00266704,-0.00261816,-0.00256824,-0.00251762,-0.00246666,-0.00241578,-0.00236531,-0.00231559,-0.00226699,-0.00221995,-0.00217482,-0.00213196,-0.00209179,-0.00205471,-0.00202113,-0.00199149,-0.00196625,-0.00194592,-0.00193107,-0.00192231,-0.00192027,-0.00192569,-0.00193926,-0.00196186,-0.00199441,-0.00203793,-0.00209356,-0.0021626,-0.00224639,-0.00234647,-0.00246456,-0.00260251,-0.0027624,-0.00294635,-0.00315678,-0.003396,-0.0036665,-0.00397016,-0.00430901,-0.00468333,-0.00509312,-0.00553395,-0.00600022,-0.00647634,-0.00694555,-0.00736717,-0.00770517,-0.00787542,-0.00781712,-0.00738707,-0.00654168,-0.00497842,-0.00203189,0.00670297,0.0210217,0.0210199
-0.00236992,-0.00236978,-0.00238503,-0.00230829,-0.00220523,-0.00211512,-0.00204156,-0.00198272,-0.00193634,-0.00190046,-0.00187339,-0.0018537,-0.00184028,-0.00183226,-0.00182892,-0.0018296,-0.00183381,-0.00184106,-0.00185096,-0.00186318,-0.00187741,-0.00189337,-0.00191087,-0.00192972,-0.00194975,-0.00197081,-0.00199283,-0.00201575,-0.00203952,-0.00206417,-0.00208965,-0.002116,-0.00214325,-0.00217143,-0.00220057,-0.00223069,-0.00226179,-0.00229391,-0.00232703,-0.00236112,-0.00239614,-0.00243199,-0.00246855,-0.00250568,-0.0025432,-0.00258089,-0.00261848,-0.00265571,-0.00269226,-0.0027278,-0.00276202,-0.00279456,-0.00282507,-0.00285323,-0.00287872,-0.00290127,-0.00292059,-0.00293644,-0.00294863,-0.00295695,-0.00296129,-0.00296153,-0.00295765,-0.00294965,-0.00293757,-0.00292149,-0.00290153,-0.00287781,-0.00285054,-0.0028199,-0.00278617,-0.00274959,-0.00271046,-0.00266907,-0.00262571,-0.00258069,-0.00253434,-0.00248698,-0.00243895,-0.00239058,-0.00234224,-0.00229426,-0.00224697,-0.00220076,-0.00215598,-0.00211299,-0.00207218,-0.00203393,-0.00199863,-0.00196669,-0.00193856,-0.00191471,-0.00189562,-0.00188185,-0.00187399,-0.0018727,-0.00187866,-0.00189264,-0.00191548,-0.00194811,-0.00199156,-0.00204698,-0.00211565,-0.00219898,-0.00229854,-0.00241611,-0.00255362,-0.00271323,-0.00289729,-0.00310836,-0.00334915,-0.00362247,-0.00393104,-0.00427748,-0.00466362,-0.0050905,-0.00555642,-0.00605663,-0.0065805,-0.0071101,-0.00761197,-0.00803822,-0.0083104,-0.00833359,-0.00798994,-0.00722423,-0.00610603,-0.00474429,-0.00132708,0.00444175,0.00444012
-0.00219981,-0.00219968,-0.00220248,-0.00216304,-0.00210299,-0.00204231,-0.00198831,-0.00194269,-0.00190535,-0.00187562,-0.00185269,-0.00183576,-0.0018241,-0.0018171,-0.00181419,-0.0018149,-0.0018188,-0.00182551,-0.00183467,-0.00184602,-0.00185928,-0.00187423,-0.00189067,-0.00190844,-0.00192738,-0.00194738,-0.00196834,-0.00199022,-0.00201295,-0.00203654,-0.00206093,-0.00208616,-0.00211223,-0.00213916,-0.00216695,-0.0021956,-0.00222514,-0.00225553,-0.00228675,-0.00231878,-0.00235154,-0.00238495,-0.00241889,-0.00245321,-0.00248777,-0.0025223,-0.00255663,-0.0025905,-0.00262363,-0.00265573,-0.00268652,-0.00271566,-0.00274287,-0.00276789,-0.00279041,-0.00281017,-0.00282695,-0.00284052,-0.00285071,-0.00285734,-0.00286029,-0.00285949,-0.00285493,-0.00284657,-0.00283444,-0.00281863,-0.00279923,-0.00277636,-0.00275021,-0.00272092,-0.00268875,-0.00265393,-0.00261671,-0.00257736,-0.00253614,-0.00249335,-0.00244929,-0.00240424,-0.00235855,-0.00231252,-0.00226646,-0.00222073,-0.00217561,-0.0021315,-0.0020887,-0.00204759,-0.00200853,-0.0019719,-0.00193806,-0.00190744,-0.00188045,-0.00185759,-0.0018393,-0.00182615,-0.00181869,-0.00181759,-0.00182354,-0.00183726,-0.0018596,-0.00189151,-0.001934,-0.00198823,-0.00205548,-0.0021372,-0.002235,-0.0023507,-0.00248637,-0.00264426,-0.00282698,-0.00303736,-0.00327858,-0.00355409,-0.00386757,-0.00422291,-0.00462389,-0.00507392,-0.00557521,-0.00612719,-0.00672416,-0.00735388,-0.00798904,-0.00858049,-0.00904409,-0.00925597,-0.00906333,-0.00837352,-0.00734273,-0.00640355,-0.00514231,-0.00314617,-0.00314784
-0.00207474,-0.00207461,-0.0020768,-0.00205286,-0.00201485,-0.00197378,-0.00193497,-0.00190057,-0.00187139,-0.00184753,-0.00182878,-0.00181477,-0.00180509,-0.00179935,-0.00179713,-0.0017981,-0.0018019,-0.00180826,-0.00181689,-0.00182753,-0.00183999,-0.00185404,-0.00186953,-0.0018863,-0.00190424,-0.00192322,-0.00194315,-0.00196398,-0.00198565,-0.00200815,-0.00203144,-0.00205551,-0.00208035,-0.002106,-0.0021324,-0.00215958,-0.00218752,-0.00221617,-0.00224553,-0.00227554,-0.00230611,-0.00233718,-0.00236862,-0.00240028,-0.00243203,-0.00246367,-0.00249497,-0.00252572,-0.0025557,-0.00258464,-0.00261227,-0.00263831,-0.00266253,-0.00268464,-0.00270443,-0.00272164,-0.00273606,-0.00274754,-0.00275587,-0.00276091,-0.00276257,-0.00276079,-0.00275551,-0.00274675,-0.00273451,-0.00271886,-0.0026999,-0.00267773,-0.0026525,-0.00262437,-0.00259353,-0.00256022,-0.00252465,-0.00248706,-0.00244772,-0.00240688,-0.0023648,-0.00232178,-0.00227811,-0.00223409,-0.00219001,-0.00214621,-0.00210295,-0.00206059,-0.00201944,-0.00197986,-0.00194221,-0.00190681,-0.00187405,-0.00184434,-0.00181807,-0.00179572,-0.00177772,-0.00176464,-0.00175699,-0.00175544,-0.00176063,-0.00177333,-0.00179431,-0.00182452,-0.00186498,-0.00191684,-0.00198137,-0.00205999,-0.00215442,-0.0022665,-0.00239835,-0.00255246,-0.00273161,-0.00293901,-0.00317839,-0.00345402,-0.0037708,-0.00413431,-0.00455094,-0.00502765,-0.0055718,-0.00619039,-0.00688629,-0.00765855,-0.0084932,-0.0093514,-0.0101498,-0.0107366,-0.0108877,-0.0104123,-0.00943438,-0.00858982,-0.00822634,-0.00784549,-0.00784738
-0.00197584,-0.00197571,-0.00197881,-0.00196421,-0.00193959,-0.0019116,-0.0018839,-0.00185842,-0.00183615,-0.00181754,-0.0018027,-0.00179154,-0.00178387,-0.00177948,-0.00177808,-0.00177945,-0.00178335,-0.0017895,-0.00179774,-0.00180783,-0.00181963,-0.00183291,-0.00184755,-0.00186341,-0.00188041,-0.00189841,-0.00191736,-0.00193716,-0.00195779,-0.00197921,-0.00200137,-0.00202428,-0.0020479,-0.00207224,-0.00209726,-0.00212295,-0.0021493,-0.00217626,-0.00220378,-0.00223182,-0.00226031,-0.00228914,-0.00231821,-0.00234738,-0.00237652,-0.00240542,-0.00243392,-0.00246181,-0.0024889,-0.00251492,-0.00253965,-0.00256287,-0.00258433,-0.00260379,-0.00262105,-0.00263592,-0.00264819,-0.00265771,-0.00266431,-0.00266789,-0.00266832,-0.00266557,-0.00265958,-0.0026504,-0.00263797,-0.00262242,-0.00260377,-0.00258214,-0.00255766,-0.00253049,-0.00250077,-0.00246873,-0.00243457,-0.00239851,-0.00236076,-0.00232158,-0.00228121,-0.00223993,-0.00219799,-0.00215568,-0.00211328,-0.00207107,-0.00202935,-0.00198843,-0.0019486,-0.00191021,-0.00187357,-0.00183906,-0.00180699,-0.00177775,-0.00175177,-0.00172944,-0.00171123,-0.00169765,-0.00168922,-0.00168654,-0.00169026,-0.0017011,-0.00171983,-0.00174735,-0.00178469,-0.0018329,-0.0018933,-0.00196729,-0.00205655,-0.00216302,-0.00228887,-0.00243671,-0.00260954,-0.00281098,-0.00304529,-0.00331766,-0.00363431,-0.00400286,-0.00443266,-0.00493522,-0.00552451,-0.00621719,-0.00703168,-0.00798402,-0.00908742,-0.010334,-0.0116664,-0.0129218,-0.0137705,-0.0138045,-0.0129966,-0.0121584,-0.0120977,-0.0122754,-0.0122774
-0.00189584,-0.00189571,-0.00189952,-0.0018908,-0.0018747,-0.00185556,-0.00183595,-0.00181738,-0.00180077,-0.00178665,-0.00177529,-0.00176675,-0.00176099,-0.00175794,-0.00175743,-0.00175929,-0.00176336,-0.00176946,-0.00177744,-0.0017871,-0.00179829,-0.00181089,-0.00182477,-0.00183983,-0.00185593,-0.00187302,-0.001891,-0.00190981,-0.00192941,-0.00194975,-0.0019708,-0.00199254,-0.00201494,-0.00203798,-0.00206164,-0.00208586,-0.00211064,-0.00213593,-0.00216168,-0.00218783,-0.0022143,-0.00224101,-0.00226783,-0.00229465,-0.00232133,-0.00234771,-0.00237361,-0.00239886,-0.00242327,-0.0024466,-0.00246868,-0.0024893,-0.00250822,-0.00252525,-0.0025402,-0.0025529,-0.00256317,-0.00257088,-0.00257589,-0.00257807,-0.00257735,-0.00257367,-0.00256699,-0.00255732,-0.00254468,-0.00252911,-0.00251068,-0.00248946,-0.0024656,-0.00243918,-0.0024104,-0.00237944,-0.00234645,-0.00231167,-0.00227527,-0.00223751,-0.00219858,-0.00215874,-0.00211826,-0.00207739,-0.00203636,-0.00199547,-0.00195498,-0.00191518,-0.00187634,-0.00183881,-0.00180287,-0.00176884,-0.0017371,-0.00170795,-0.00168181,-0.00165905,-0.00164013,-0.00162552,-0.0016157,-0.00161126,-0.00161279,-0.00162099,-0.00163659,-0.00166045,-0.00169353,-0.00173688,-0.00179171,-0.00185948,-0.00194178,-0.00204056,-0.00215802,-0.00229688,-0.00246028,-0.00265217,-0.00287732,-0.00314171,-0.00345288,-0.00382049,-0.00425703,-0.00477886,-0.00540756,-0.00617155,-0.00710813,-0.00826403,-0.0096927,-0.0114514,-0.0135593,-0.0158924,-0.017987,-0.0190067,-0.0185376,-0.0175192,-0.0172409,-0.0172665,-0.0172683
-0.00182929,-0.00182916,-0.00183335,-0.00182841,-0.00181795,-0.00180498,-0.00179129,-0.001778,-0.00176591,-0.00175552,-0.00174714,-0.00174092,-0.00173693,-0.00173516,-0.00173552,-0.00173791,-0.00174221,-0.0017483,-0.00175607,-0.00176537,-0.00177608,-0.00178808,-0.00180128,-0.00181556,-0.00183085,-0.00184706,-0.00186411,-0.00188196,-0.00190055,-0.00191984,-0.00193979,-0.00196038,-0.00198156,-0.00200331,-0.00202561,-0.0020484,-0.00207165,-0.00209532,-0.00211935,-0.00214368,-0.00216823,-0.0021929,-0.00221761,-0.00224221,-0.00226659,-0.0022906,-0.00231409,-0.00233688,-0.00235879,-0.00237967,-0.00239931,-0.00241751,-0.0024341,-0.00244889,-0.00246172,-0.00247241,-0.00248085,-0.00248687,-0.00249037,-0.00249125,-0.00248942,-0.00248483,-0.00247747,-0.00246733,-0.0024544,-0.00243876,-0.00242043,-0.00239952,-0.00237611,-0.00235031,-0.00232231,-0.00229221,-0.0022602,-0.00222648,-0.00219122,-0.00215462,-0.00211689,-0.00207827,-0.00203899,-0.00199927,-0.00195935,-0.00191949,-0.00187994,-0.00184096,-0.00180284,-0.00176584,-0.00173026,-0.0016964,-0.00166459,-0.00163517,-0.00160845,-0.00158484,-0.00156475,-0.00154858,-0.00153682,-0.00153,-0.00152867,-0.00153348,-0.00154513,-0.00156437,-0.00159214,-0.0016294,-0.00167733,-0.00173729,-0.00181081,-0.0018998,-0.00200644,-0.00213342,-0.002284,-0.00246226,-0.00267336,-0.00292385,-0.00322232,-0.00358016,-0.00401258,-0.00454051,-0.00519298,-0.00601079,-0.00705215,-0.00840065,-0.0101752,-0.0125291,-0.015635,-0.0194987,-0.0235178,-0.0261375,-0.0261807,-0.0246246,-0.0233244,-0.0224455,-0.0224464
-0.00177255,-0.00177242,-0.00177673,-0.00177431,-0.00176772,-0.0017591,-0.00174972,-0.00174044,-0.0017319,-0.00172455,-0.00171868,-0.00171448,-0.00171206,-0.00171145,-0.00171263,-0.00171552,-0.00172008,-0.00172621,-0.00173384,-0.00174282,-0.0017531,-0.00176456,-0.00177713,-0.0017907,-0.00180521,-0.00182058,-0.00183675,-0.00185367,-0.00187127,-0.00188953,-0.0019084,-0.00192784,-0.00194782,-0.0019683,-0.00198926,-0.00201064,-0.00203241,-0.0020545,-0.00207687,-0.00209946,-0.00212216,-0.00214491,-0.00216761,-0.00219014,-0.00221236,-0.00223416,-0.00225538,-0.0022759,-0.00229553,-0.00231411,-0.00233148,-0.00234746,-0.0023619,-0.00237462,-0.00238548,-0.00239432,-0.00240103,-0.00240549,-0.00240759,-0.00240724,-0.00240434,-0.00239889,-0.00239083,-0.00238019,-0.00236694,-0.00235115,-0.00233286,-0.00231213,-0.00228907,-0.00226375,-0.00223634,-0.00220695,-0.00217574,-0.00214289,-0.00210855,-0.0020729,-0.00203615,-0.00199852,-0.00196018,-0.00192138,-0.00188231,-0.00184323,-0.00180436,-0.00176593,-0.00172822,-0.00169147,-0.00165595,-0.00162195,-0.00158974,-0.00155968,-0.00153202,-0.00150715,-0.00148544,-0.00146725,-0.00145303,-0.00144327,-0.00143845,-0.00143919,-0.00144608,-0.00145983,-0.00148128,-0.00151134,-0.00155106,-0.00160171,-0.00166472,-0.00174184,-0.0018352,-0.00194736,-0.00208156,-0.00224183,-0.0024334,-0.00266313,-0.00294015,-0.00327682,-0.00369027,-0.00420469,-0.00485496,-0.00569234,-0.00679427,-0.00828055,-0.0103403,-0.0132685,-0.0174474,-0.0231224,-0.0295888,-0.034326,-0.0349626,-0.0324207,-0.0291664,-0.0266115,-0.0266109
-0.0017231,-0.00172298,-0.0017273,-0.00172656,-0.00172265,-0.00171712,-0.00171092,-0.00170471,-0.00169897,-0.00169405,-0.00169025,-0.00168775,-0.00168667,-0.00168707,-0.00168897,-0.00169234,-0.00169716,-0.00170334,-0.00171082,-0.00171955,-0.00172943,-0.0017404,-0.0017524,-0.0017653,-0.00177907,-0.00179363,-0.00180894,-0.00182495,-0.0018416,-0.00185885,-0.00187666,-0.00189498,-0.00191379,-0.00193304,-0.00195268,-0.00197269,-0.00199301,-0.00201358,-0.00203436,-0.00205527,-0.00207621,-0.00209713,-0.00211792,-0.00213848,-0.00215869,-0.00217842,-0.00219755,-0.00221593,-0.00223343,-0.00224989,-0.00226516,-0.00227909,-0.00229152,-0.00230233,-0.00231136,-0.00231849,-0.0023236,-0.00232658,-0.00232735,-0.00232582,-0.00232192,-0.00231563,-0.00230689,-0.00229572,-0.00228212,-0.00226613,-0.00224779,-0.00222717,-0.00220433,-0.00217937,-0.00215241,-0.00212358,-0.00209299,-0.00206083,-0.00202723,-0.00199234,-0.00195637,-0.0019195,-0.0018819,-0.00184378,-0.00180534,-0.00176678,-0.00172835,-0.00169023,-0.00165266,-0.0016159,-0.00158016,-0.00154571,-0.00151282,-0.00148178,-0.00145284,-0.00142633,-0.0014026,-0.00138196,-0.00136482,-0.0013516,-0.00134274,-0.00133875,-0.00134018,-0.00134767,-0.00136192,-0.00138372,-0.00141405,-0.00145398,-0.00150484,-0.00156817,-0.00164591,-0.00174039,-0.00185466,-0.00199251,-0.00215891,-0.00236055,-0.00260643,-0.00290899,-0.00328579,-0.00376217,-0.00437563,-0.00518313,-0.00627407,-0.00779405,-0.00998865,-0.0132753,-0.0182863,-0.0255718,-0.0343706,-0.0411851,-0.0422089,-0.0381914,-0.0323826,-0.0277173,-0.0277147
-0.00167919,-0.00167907,-0.00168331,-0.0016837,-0.00168169,-0.00167841,-0.00167459,-0.00167068,-0.00166709,-0.00166412,-0.00166199,-0.0016609,-0.00166095,-0.00166222,-0.00166476,-0.00166856,-0.00167358,-0.00167981,-0.00168719,-0.00169568,-0.0017052,-0.0017157,-0.00172713,-0.00173939,-0.00175246,-0.00176627,-0.00178076,-0.00179589,-0.0018116,-0.00182787,-0.00184464,-0.00186186,-0.00187951,-0.00189757,-0.00191595,-0.00193461,-0.00195353,-0.00197264,-0.00199187,-0.00201117,-0.00203045,-0.00204963,-0.00206862,-0.00208732,-0.00210562,-0.00212342,-0.00214058,-0.00215699,-0.0021725,-0.00218698,-0.0022003,-0.00221232,-0.0022229,-0.00223192,-0.00223925,-0.00224477,-0.00224839,-0.00225,-0.00224952,-0.00224687,-0.00224201,-0.00223488,-0.00222547,-0.00221377,-0.00219978,-0.00218355,-0.0021651,-0.00214448,-0.00212177,-0.00209705,-0.00207042,-0.00204201,-0.0020119,-0.00198026,-0.00194723,-0.00191292,-0.00187755,-0.00184125,-0.0018042,-0.00176655,-0.00172852,-0.00169028,-0.00165205,-0.001614,-0.00157636,-0.00153933,-0.00150311,-0.00146795,-0.00143409,-0.00140179,-0.00137125,-0.00134279,-0.00131668,-0.00129322,-0.00127274,-0.00125561,-0.00124219,-0.00123295,-0.0012283,-0.0012288,-0.00123507,-0.00124774,-0.00126761,-0.00129562,-0.00133288,-0.00138067,-0.00144067,-0.00151489,-0.00160594,-0.00171716,-0.001853,-0.0020194,-0.00222452,-0.00247978,-0.00280144,-0.00321337,-0.00375138,-0.00447091,-0.00546115,-0.00687168,-0.00896547,-0.0122156,-0.0174023,-0.0253415,-0.0353964,-0.0434406,-0.0443982,-0.038735,-0.030273,-0.0235949,-0.0235905
-0.00163954,-0.00163941,-0.00164354,-0.00164472,-0.00164403,-0.0016424,-0.00164033,-0.00163818,-0.00163626,-0.00163481,-0.00163404,-0.00163409,-0.00163509,-0.00163708,-0.00164015,-0.00164429,-0.0016495,-0.00165576,-0.00166304,-0.00167127,-0.00168045,-0.00169053,-0.00170141,-0.00171308,-0.00172546,-0.00173855,-0.00175224,-0.00176651,-0.00178132,-0.00179663,-0.00181239,-0.00182856,-0.00184508,-0.00186194,-0.00187909,-0.00189648,-0.00191404,-0.00193173,-0.00194949,-0.00196725,-0.00198493,-0.00200246,-0.00201974,-0.0020367,-0.00205322,-0.00206918,-0.00208451,-0.00209905,-0.00211271,-0.00212536,-0.00213685,-0.0021471,-0.00215596,-0.00216331,-0.00216905,-0.00217308,-0.0021753,-0.00217561,-0.00217395,-0.00217024,-0.00216444,-0.00215651,-0.00214642,-0.00213419,-0.00211979,-0.00210326,-0.00208464,-0.00206396,-0.00204129,-0.00201672,-0.00199031,-0.00196216,-0.00193242,-0.00190116,-0.00186853,-0.00183467,-0.00179971,-0.0017638,-0.0017271,-0.00168976,-0.00165195,-0.00161383,-0.0015756,-0.00153743,-0.00149947,-0.00146196,-0.00142504,-0.00138893,-0.00135388,-0.00132003,-0.00128763,-0.00125693,-0.00122813,-0.00120152,-0.00117736,-0.00115594,-0.00113755,-0.00112257,-0.00111135,-0.00110431,-0.00110192,-0.00110471,-0.00111328,-0.00112835,-0.00115079,-0.00118161,-0.00122209,-0.00127384,-0.00133889,-0.00141994,-0.0015205,-0.0016454,-0.00180125,-0.00199738,-0.00224719,-0.00257041,-0.00299677,-0.00357269,-0.00437335,-0.00552612,-0.00725873,-0.00999284,-0.0144622,-0.0215393,-0.0308874,-0.0386974,-0.0393204,-0.0324034,-0.0218846,-0.0138097,-0.0138042
-0.0016032,-0.00160307,-0.00160707,-0.00160878,-0.00160906,-0.00160861,-0.00160785,-0.00160704,-0.00160641,-0.00160615,-0.00160645,-0.00160741,-0.00160917,-0.00161177,-0.00161526,-0.00161968,-0.00162502,-0.00163129,-0.00163844,-0.00164645,-0.0016553,-0.00166494,-0.00167531,-0.0016864,-0.00169815,-0.00171051,-0.00172343,-0.00173688,-0.00175081,-0.00176519,-0.00177996,-0.00179509,-0.00181053,-0.00182625,-0.0018422,-0.00185833,-0.00187459,-0.00189093,-0.00190727,-0.00192355,-0.00193971,-0.00195568,-0.00197134,-0.00198664,-0.00200147,-0.00201574,-0.00202932,-0.00204214,-0.00205406,-0.00206499,-0.0020748,-0.00208338,-0.00209063,-0.00209643,-0.00210069,-0.00210331,-0.00210421,-0.0021033,-0.00210051,-0.0020958,-0.00208909,-0.00208038,-0.00206964,-0.00205684,-0.00204201,-0.00202515,-0.00200631,-0.0019855,-0.0019628,-0.00193827,-0.00191198,-0.00188402,-0.00185449,-0.0018235,-0.00179115,-0.00175756,-0.00172287,-0.0016872,-0.00165069,-0.00161349,-0.00157573,-0.00153755,-0.00149915,-0.00146066,-0.00142221,-0.00138402,-0.0013462,-0.00130894,-0.00127246,-0.00123687,-0.00120238,-0.00116919,-0.00113748,-0.00110743,-0.00107928,-0.00105326,-0.00102958,-0.0010085,-0.000990316,-0.000975296,-0.000963757,-0.00095609,-0.000952717,-0.000954086,-0.000960818,-0.000973566,-0.000993226,-0.00102086,-0.00105784,-0.001106,-0.00116778,-0.00124646,-0.00134664,-0.00147479,-0.00164017,-0.00185648,-0.00214427,-0.00253537,-0.00308099,-0.00386712,-0.00504586,-0.00689923,-0.00993183,-0.014802,-0.0214406,-0.0271983,-0.0270642,-0.0198305,-0.00876648,-0.000296137,-0.000290678
-0.00156948,-0.00156935,-0.0015732,-0.00157526,-0.00157625,-0.00157668,-0.00157689,-0.00157709,-0.00157743,-0.00157811,-0.00157924,-0.00158094,-0.0015833,-0.00158637,-0.00159021,-0.00159483,-0.00160025,-0.00160647,-0.00161349,-0.00162127,-0.00162978,-0.00163901,-0.0016489,-0.00165942,-0.00167055,-0.00168221,-0.00169438,-0.00170702,-0.00172011,-0.00173359,-0.0017474,-0.00176152,-0.00177591,-0.00179053,-0.00180533,-0.00182025,-0.00183525,-0.00185027,-0.00186525,-0.00188013,-0.00189484,-0.00190931,-0.00192346,-0.0019372,-0.00195044,-0.00196309,-0.00197506,-0.00198624,-0.00199654,-0.00200586,-0.00201409,-0.00202112,-0.00202685,-0.0020312,-0.00203407,-0.00203537,-0.00203503,-0.00203296,-0.0020291,-0.00202343,-0.00201586,-0.00200639,-0.00199497,-0.00198162,-0.00196634,-0.00194912,-0.00193001,-0.00190902,-0.00188621,-0.00186166,-0.00183539,-0.00180751,-0.0017781,-0.00174725,-0.00171505,-0.00168163,-0.00164707,-0.0016115,-0.00157504,-0.00153782,-0.00149995,-0.00146159,-0.00142285,-0.00138387,-0.00134476,-0.00130572,-0.00126683,-0.00122827,-0.00119018,-0.00115266,-0.00111589,-0.00108003,-0.00104517,-0.00101149,-0.000979154,-0.000948303,-0.000919084,-0.000891675,-0.000866211,-0.000842907,-0.0008219,-0.000803421,-0.000787675,-0.000774889,-0.000765355,-0.000759395,-0.000757436,-0.00075998,-0.000767654,-0.000781385,-0.000802355,-0.000832143,-0.000873089,-0.000928401,-0.00100271,-0.00110284,-0.00123896,-0.00142654,-0.00168998,-0.0020693,-0.00263319,-0.00350523,-0.00490453,-0.00712321,-0.0101339,-0.0124882,-0.0110769,-0.00465663,0.00474683,0.0122572,0.0122619
-0.00153784,-0.00153771,-0.00154141,-0.00154371,-0.0015452,-0.00154627,-0.00154721,-0.00154816,-0.00154927,-0.00155066,-0.00155244,-0.0015547,-0.00155751,-0.00156093,-0.00156501,-0.00156978,-0.00157525,-0.00158141,-0.00158827,-0.00159581,-0.001604,-0.00161281,-0.00162222,-0.0016322,-0.00164271,-0.0016537,-0.00166515,-0.00167702,-0.00168927,-0.00170187,-0.00171476,-0.00172791,-0.00174128,-0.00175482,-0.00176849,-0.00178226,-0.00179605,-0.00180982,-0.0018235,-0.00183705,-0.00185038,-0.00186342,-0.00187612,-0.00188838,-0.00190011,-0.00191124,-0.00192169,-0.00193135,-0.00194014,-0.00194794,-0.00195468,-0.00196025,-0.00196458,-0.00196757,-0.00196913,-0.00196919,-0.00196767,-0.0019645,-0.00195964,-0.00195303,-0.00194464,-0.00193442,-0.00192234,-0.00190843,-0.00189267,-0.00187506,-0.00185565,-0.00183443,-0.00181146,-0.0017868,-0.00176049,-0.00173261,-0.00170322,-0.00167241,-0.00164026,-0.00160688,-0.00157233,-0.00153675,-0.00150021,-0.00146283,-0.00142475,-0.00138604,-0.00134684,-0.00130723,-0.00126734,-0.00122731,-0.00118722,-0.00114719,-0.00110734,-0.00106777,-0.00102857,-0.000989871,-0.000951756,-0.000914302,-0.000877617,-0.000841801,-0.000806893,-0.000772975,-0.000740116,-0.000708353,-0.000677736,-0.000648281,-0.000619987,-0.000592884,-0.00056691,-0.000542052,-0.000518268,-0.000495459,-0.000473578,-0.000452553,-0.000432323,-0.000412822,-0.000394087,-0.000376172,-0.000359252,-0.000343649,-0.000329972,-0.000319111,-0.000312459,-0.000312605,-0.000324073,-0.000356686,-0.000428158,-0.000539038,-0.000524487,0.000206765,0.00283463,0.00765872,0.0134665,0.018399,0.0184026
-0.00150789,-0.00150776,-0.00151131,-0.00151376,-0.00151559,-0.00151715,-0.00151862,-0.00152013,-0.0015218,-0.00152374,-0.001526,-0.00152868,-0.00153185,-0.00153552,-0.00153978,-0.00154463,-0.0015501,-0.00155616,-0.00156284,-0.00157013,-0.00157798,-0.00158639,-0.00159534,-0.00160478,-0.00161469,-0.00162503,-0.00163578,-0.00164688,-0.00165833,-0.00167008,-0.00168208,-0.00169429,-0.00170667,-0.00171918,-0.00173178,-0.00174442,-0.00175705,-0.00176961,-0.00178205,-0.00179432,-0.00180634,-0.00181804,-0.00182935,-0.0018402,-0.00185052,-0.00186022,-0.00186923,-0.00187746,-0.00188481,-0.0018912,-0.00189655,-0.00190075,-0.00190376,-0.00190546,-0.00190579,-0.00190468,-0.00190204,-0.00189784,-0.00189201,-0.00188452,-0.00187531,-0.00186437,-0.00185166,-0.00183718,-0.00182093,-0.00180292,-0.00178316,-0.00176167,-0.00173849,-0.00171367,-0.00168725,-0.00165928,-0.00162983,-0.00159897,-0.00156678,-0.00153333,-0.00149871,-0.00146299,-0.00142627,-0.00138864,-0.0013502,-0.00131105,-0.00127126,-0.00123093,-0.00119014,-0.001149,-0.0011076,-0.00106599,-0.00102429,-0.000982557,-0.000940831,-0.000899223,-0.000857722,-0.000816417,-0.000775327,-0.000734458,-0.000693816,-0.000653354,-0.000613069,-0.000572877,-0.000532652,-0.000492253,-0.000451523,-0.000410202,-0.000367988,-0.000324492,-0.000279238,-0.00023159,-0.000180836,-0.000125969,-6.58105e-05,1.19586e-06,7.70404e-05,0.000164347,0.000266714,0.000388961,0.000537922,0.00072321,0.000958911,0.00126575,0.00167485,0.00223498,0.00301835,0.00412812,0.00570328,0.00793585,0.0109264,0.0141358,0.0165999,0.0186234,0.0186258
-0.00147929,-0.00147917,-0.00148257,-0.00148513,-0.00148719,-0.00148908,-0.00149095,-0.00149288,-0.00149496,-0.00149729,-0.00149992,-0.0015029,-0.0015063,-0.00151017,-0.00151454,-0.00151943,-0.00152484,-0.00153079,-0.00153727,-0.00154429,-0.00155179,-0.0015598,-0.00156828,-0.0015772,-0.00158652,-0.00159624,-0.0016063,-0.00161668,-0.00162735,-0.00163826,-0.0016494,-0.00166069,-0.00167212,-0.00168364,-0.00169521,-0.00170677,-0.00171828,-0.00172969,-0.00174095,-0.00175199,-0.00176275,-0.00177316,-0.00178318,-0.00179271,-0.00180168,-0.00181003,-0.00181769,-0.00182456,-0.00183057,-0.00183562,-0.00183965,-0.00184258,-0.00184434,-0.00184484,-0.001844,-0.00184178,-0.0018381,-0.00183291,-0.00182616,-0.00181781,-0.00180783,-0.00179617,-0.00178283,-0.00176778,-0.00175105,-0.00173261,-0.00171247,-0.00169068,-0.00166725,-0.00164222,-0.00161561,-0.0015875,-0.00155793,-0.00152694,-0.00149462,-0.00146103,-0.00142623,-0.0013903,-0.00135331,-0.00131534,-0.00127646,-0.00123675,-0.00119628,-0.00115513,-0.00111336,-0.00107103,-0.00102823,-0.00098498,-0.000941346,-0.000897385,-0.000853072,-0.000808501,-0.000763609,-0.000718419,-0.000672902,-0.00062701,-0.000580658,-0.000533738,-0.000486121,-0.000437629,-0.000387977,-0.000336913,-0.000284071,-0.00022896,-0.000171051,-0.000109602,-4.37705e-05,2.75602e-05,0.000105711,0.000192395,0.000289769,0.000400587,0.0005284,0.000677913,0.000855373,0.00106907,0.00133052,0.00165543,0.00206579,0.00259238,0.00327788,0.00418018,0.00537414,0.00694399,0.008952,0.0113688,0.0139302,0.01598,0.0168873,0.0172977,0.0172991
-0.00145181,-0.00145169,-0.00145497,-0.00145756,-0.0014598,-0.00146193,-0.00146406,-0.0014663,-0.0014687,-0.00147129,-0.00147418,-0.00147738,-0.00148095,-0.00148492,-0.00148933,-0.00149421,-0.00149954,-0.00150533,-0.0015116,-0.00151831,-0.00152548,-0.00153308,-0.0015411,-0.00154951,-0.00155827,-0.00156737,-0.00157676,-0.00158643,-0.00159635,-0.00160647,-0.00161676,-0.00162718,-0.00163768,-0.00164824,-0.00165881,-0.00166934,-0.00167978,-0.00169008,-0.0017002,-0.00171007,-0.00171965,-0.00172885,-0.00173762,-0.0017459,-0.00175361,-0.00176069,-0.00176706,-0.00177266,-0.00177739,-0.00178119,-0.00178398,-0.0017857,-0.00178628,-0.00178564,-0.00178371,-0.00178044,-0.00177576,-0.00176963,-0.00176201,-0.00175284,-0.00174209,-0.00172975,-0.00171578,-0.00170018,-0.00168294,-0.00166406,-0.00164354,-0.00162142,-0.00159769,-0.0015724,-0.00154557,-0.00151725,-0.00148749,-0.00145633,-0.00142381,-0.00139,-0.00135496,-0.00131873,-0.00128139,-0.001243,-0.00120361,-0.00116328,-0.00112206,-0.00108003,-0.00103719,-0.000993625,-0.00094937,-0.000904421,-0.000858819,-0.000812597,-0.000765701,-0.000718148,-0.000669895,-0.000620857,-0.00057098,-0.000520151,-0.00046821,-0.000414994,-0.000360274,-0.000303731,-0.000245026,-0.000183739,-0.000119313,-5.11315e-05,2.16177e-05,9.99311e-05,0.000184961,0.000278209,0.000381503,0.000497103,0.000627887,0.00077745,0.000950439,0.00115281,0.00139234,0.00167911,0.00202657,0.00245229,0.00297955,0.00363873,0.00446814,0.0055137,0.00682379,0.00843359,0.0103297,0.0123906,0.0143197,0.0156642,0.016132,0.0161029,0.0161036
-0.00142524,-0.00142512,-0.00142828,-0.00143089,-0.00143324,-0.00143552,-0.00143785,-0.00144029,-0.00144289,-0.00144568,-0.00144873,-0.00145208,-0.00145575,-0.00145978,-0.00146419,-0.00146899,-0.0014742,-0.00147982,-0.00148584,-0.00149228,-0.0014991,-0.00150629,-0.00151386,-0.00152175,-0.00152996,-0.00153845,-0.00154721,-0.00155619,-0.00156537,-0.00157471,-0.0015842,-0.00159376,-0.00160339,-0.00161301,-0.00162263,-0.00163216,-0.00164158,-0.00165082,-0.00165985,-0.00166861,-0.00167706,-0.00168509,-0.00169269,-0.00169978,-0.0017063,-0.00171217,-0.00171734,-0.00172172,-0.00172525,-0.00172787,-0.0017295,-0.00173008,-0.00172955,-0.00172782,-0.00172486,-0.00172059,-0.00171497,-0.00170795,-0.00169949,-0.00168953,-0.00167805,-0.00166504,-0.00165047,-0.00163431,-0.00161656,-0.00159722,-0.00157631,-0.00155381,-0.00152977,-0.0015042,-0.0014771,-0.00144853,-0.00141853,-0.00138712,-0.00135436,-0.00132028,-0.00128494,-0.00124837,-0.00121061,-0.00117173,-0.00113176,-0.00109076,-0.00104874,-0.00100576,-0.000961838,-0.000917004,-0.000871255,-0.000824585,-0.000777015,-0.000728543,-0.000679096,-0.000628603,-0.00057704,-0.000524256,-0.000470141,-0.000414539,-0.000357233,-0.000297963,-0.000236439,-0.000172269,-0.000104999,-3.40738e-05,4.1166e-05,0.000121523,0.000207973,0.000301734,0.000404197,0.000517155,0.000642762,0.000783678,0.000943214,0.00112546,0.00133562,0.0015802,0.00186741,0.00220775,0.00261434,0.00310387,0.00369678,0.00441778,0.00529463,0.00635523,0.00761986,0.0090855,0.0106999,0.0123293,0.0137447,0.0146825,0.0150271,0.0149829,0.0149831
-0.00139943,-0.00139931,-0.00140235,-0.00140495,-0.00140736,-0.00140974,-0.0014122,-0.00141477,-0.0014175,-0.00142043,-0.00142359,-0.00142701,-0.00143072,-0.00143475,-0.00143911,-0.00144382,-0.00144888,-0.0014543,-0.00146008,-0.0014662,-0.00147267,-0.00147946,-0.00148657,-0.00149397,-0.00150163,-0.00150953,-0.00151766,-0.00152597,-0.00153445,-0.00154305,-0.00155173,-0.00156049,-0.00156925,-0.00157799,-0.00158668,-0.00159527,-0.0016037,-0.00161194,-0.00161993,-0.00162763,-0.00163498,-0.00164193,-0.00164841,-0.00165437,-0.00165974,-0.00166448,-0.0016685,-0.00167175,-0.00167415,-0.00167565,-0.00167618,-0.00167568,-0.0016741,-0.00167136,-0.00166741,-0.00166221,-0.00165569,-0.00164781,-0.00163854,-0.00162783,-0.00161566,-0.00160199,-0.00158681,-0.0015701,-0.00155185,-0.00153205,-0.00151072,-0.00148785,-0.00146347,-0.00143757,-0.00141018,-0.00138133,-0.00135105,-0.00131936,-0.0012863,-0.0012519,-0.00121621,-0.00117924,-0.00114102,-0.00110161,-0.00106103,-0.00101931,-0.000976466,-0.000932527,-0.000887486,-0.000841352,-0.000794116,-0.000745752,-0.00069624,-0.000645555,-0.000593606,-0.000540268,-0.000485501,-0.000429109,-0.000370948,-0.000310788,-0.000248379,-0.00018341,-0.000115498,-4.41971e-05,3.10334e-05,0.000110859,0.000196003,0.000287432,0.00038625,0.00049379,0.000611657,0.000741772,0.000886535,0.00104877,0.00123197,0.00144046,0.00167945,0.00195545,0.00227637,0.00265186,0.00309367,0.00361571,0.00423391,0.00496561,0.00582742,0.00683163,0.00797839,0.00924454,0.0105682,0.0118364,0.0128924,0.0135873,0.0138766,0.0138785,0.0138784
-0.00137425,-0.00137414,-0.00137705,-0.00137962,-0.00138205,-0.00138451,-0.00138705,-0.0013897,-0.00139251,-0.0013955,-0.00139871,-0.00140216,-0.00140586,-0.00140985,-0.00141412,-0.0014187,-0.00142359,-0.00142879,-0.0014343,-0.00144012,-0.00144624,-0.00145263,-0.00145928,-0.00146619,-0.00147332,-0.00148066,-0.00148817,-0.00149583,-0.00150362,-0.0015115,-0.00151942,-0.00152737,-0.00153531,-0.00154321,-0.001551,-0.00155868,-0.00156618,-0.00157345,-0.00158046,-0.00158714,-0.00159345,-0.00159936,-0.00160478,-0.00160967,-0.00161396,-0.00161762,-0.00162056,-0.00162273,-0.00162407,-0.0016245,-0.001624,-0.00162249,-0.00161992,-0.00161622,-0.00161134,-0.00160524,-0.00159786,-0.00158917,-0.00157913,-0.0015677,-0.00155484,-0.00154054,-0.00152477,-0.00150752,-0.00148877,-0.00146851,-0.00144676,-0.0014235,-0.00139875,-0.00137252,-0.00134481,-0.00131564,-0.00128505,-0.00125304,-0.00121966,-0.0011849,-0.00114881,-0.00111141,-0.00107272,-0.00103275,-0.000991525,-0.000949064,-0.000905377,-0.000860458,-0.000814302,-0.000766884,-0.000718181,-0.000668162,-0.000616771,-0.00056393,-0.000509559,-0.000453519,-0.000395698,-0.00033589,-0.00027389,-0.000209446,-0.000142286,-7.20281e-05,1.78263e-06,7.96381e-05,0.000162124,0.00024998,0.000344037,0.000445298,0.000554986,0.000674512,0.000805546,0.000950121,0.00111067,0.00129009,0.00149185,0.00172013,0.00197993,0.00227725,0.00261916,0.00301394,0.00347118,0.00400149,0.00461593,0.005325,0.00613627,0.00705095,0.00805801,0.00912719,0.0102015,0.0111947,0.0120036,0.0125422,0.0127921,0.0128235,0.0128233
-0.00134961,-0.0013495,-0.00135231,-0.00135485,-0.00135727,-0.00135974,-0.00136231,-0.00136501,-0.00136784,-0.00137086,-0.00137408,-0.00137749,-0.00138115,-0.00138506,-0.00138923,-0.00139365,-0.00139835,-0.00140332,-0.00140856,-0.00141406,-0.00141981,-0.0014258,-0.00143202,-0.00143845,-0.00144506,-0.00145183,-0.00145874,-0.00146578,-0.00147289,-0.00148007,-0.00148727,-0.00149446,-0.00150162,-0.00150868,-0.00151564,-0.00152243,-0.00152903,-0.00153538,-0.00154144,-0.00154715,-0.00155248,-0.00155739,-0.00156181,-0.00156568,-0.00156895,-0.00157158,-0.00157351,-0.00157466,-0.00157498,-0.00157443,-0.00157294,-0.00157047,-0.00156696,-0.00156234,-0.00155658,-0.00154963,-0.00154144,-0.00153198,-0.0015212,-0.00150907,-0.00149556,-0.00148065,-0.00146431,-0.00144652,-0.00142728,-0.00140656,-0.00138438,-0.00136072,-0.00133559,-0.00130901,-0.00128096,-0.00125147,-0.00122053,-0.00118819,-0.00115445,-0.00111932,-0.00108282,-0.00104496,-0.00100575,-0.000965209,-0.000923339,-0.000880132,-0.0008356,-0.000789714,-0.000742455,-0.000693788,-0.000643665,-0.000592036,-0.000538845,-0.000483964,-0.000427293,-0.000368702,-0.000307987,-0.000244994,-0.00017944,-0.000111055,-3.95143e-05,3.55985e-05,0.00011475,0.000198498,0.000287464,0.000382439,0.000484297,0.000594088,0.000713063,0.000842671,0.000984591,0.00114089,0.00131388,0.00150641,0.00172177,0.00196382,0.00223708,0.00254677,0.00289886,0.00330001,0.00375744,0.00427859,0.00487016,0.00553725,0.00628097,0.00709596,0.0079664,0.00886209,0.00973567,0.0105241,0.0111591,0.0115889,0.0118044,0.0118477,0.0118473
-0.00132542,-0.00132531,-0.00132801,-0.00133049,-0.00133291,-0.00133537,-0.00133794,-0.00134064,-0.00134348,-0.00134648,-0.00134966,-0.00135304,-0.00135661,-0.00136041,-0.00136443,-0.00136869,-0.00137318,-0.00137791,-0.00138286,-0.00138804,-0.00139343,-0.00139903,-0.00140481,-0.00141077,-0.00141686,-0.0014231,-0.00142944,-0.00143586,-0.00144233,-0.00144883,-0.00145532,-0.00146177,-0.00146816,-0.00147444,-0.00148058,-0.00148654,-0.00149227,-0.00149773,-0.00150288,-0.00150769,-0.00151209,-0.00151604,-0.0015195,-0.00152241,-0.00152472,-0.00152637,-0.00152733,-0.00152752,-0.00152688,-0.00152539,-0.00152298,-0.0015196,-0.00151519,-0.00150972,-0.00150312,-0.00149537,-0.00148641,-0.0014762,-0.00146471,-0.00145191,-0.00143778,-0.00142227,-0.00140537,-0.00138706,-0.00136733,-0.00134616,-0.00132355,-0.00129949,-0.001274,-0.00124704,-0.00121864,-0.0011888,-0.00115752,-0.00112482,-0.00109071,-0.00105518,-0.00101825,-0.000979927,-0.000940207,-0.000899089,-0.000856566,-0.000812623,-0.000767257,-0.000720427,-0.000672104,-0.000622231,-0.000570756,-0.00051761,-0.000462691,-0.0004059,-0.000347094,-0.000286097,-0.00022275,-0.000156805,-8.80022e-05,-1.60255e-05,5.9458e-05,0.000138921,0.000222842,0.000311774,0.000406415,0.000507545,0.000616059,0.00073302,0.000859681,0.000997462,0.00114803,0.00131332,0.00149557,0.00169741,0.00192181,0.00217222,0.00245252,0.00276706,0.00312059,0.00351817,0.00396482,0.00446513,0.0050225,0.00563804,0.00630887,0.00702633,0.00777357,0.00852361,0.00923892,0.00987385,0.0103826,0.0107321,0.0109168,0.0109619,0.0109615
-0.00130162,-0.0013015,-0.00130411,-0.00130653,-0.00130893,-0.00131137,-0.00131391,-0.00131657,-0.00131938,-0.00132234,-0.00132546,-0.00132875,-0.00133224,-0.0013359,-0.00133976,-0.00134383,-0.0013481,-0.00135257,-0.00135724,-0.00136209,-0.00136712,-0.00137233,-0.00137768,-0.00138317,-0.00138877,-0.00139447,-0.00140026,-0.00140608,-0.00141194,-0.00141778,-0.00142359,-0.00142933,-0.00143498,-0.0014405,-0.00144586,-0.00145101,-0.00145591,-0.00146054,-0.00146484,-0.00146876,-0.00147227,-0.00147532,-0.00147787,-0.00147986,-0.00148126,-0.00148199,-0.00148202,-0.00148131,-0.00147977,-0.00147737,-0.00147409,-0.00146985,-0.0014646,-0.00145831,-0.00145092,-0.0014424,-0.00143271,-0.00142179,-0.00140963,-0.00139619,-0.00138145,-0.00136537,-0.00134793,-0.00132911,-0.00130891,-0.0012873,-0.00126426,-0.00123981,-0.00121392,-0.0011866,-0.00115784,-0.00112764,-0.001096,-0.00106295,-0.00102846,-0.00099253,-0.000955176,-0.000916379,-0.000876144,-0.000834448,-0.000791287,-0.000746636,-0.000700465,-0.00065273,-0.000603391,-0.000552379,-0.000499626,-0.000445057,-0.000388537,-0.000329972,-0.000269187,-0.000206011,-0.000140252,-7.1645e-05,7.09219e-08,7.52565e-05,0.000154262,0.000237533,0.000325584,0.000419002,0.000518471,0.000624765,0.000738784,0.000861592,0.000994342,0.00113847,0.0012955,0.00146725,0.0016558,0.00186346,0.00209287,0.00234698,0.00262895,0.00294229,0.00329056,0.0036773,0.00410572,0.00457819,0.0050956,0.00565646,0.00625574,0.0068836,0.00752401,0.00815421,0.00874504,0.00926334,0.00967748,0.00996535,0.0101227,0.0101653,0.0101649
-0.00127815,-0.00127804,-0.00128056,-0.00128292,-0.00128526,-0.00128766,-0.00129017,-0.00129279,-0.00129554,-0.00129842,-0.00130146,-0.00130465,-0.001308,-0.00131152,-0.00131522,-0.00131909,-0.00132313,-0.00132733,-0.00133171,-0.00133623,-0.0013409,-0.00134572,-0.00135064,-0.00135568,-0.0013608,-0.00136599,-0.00137123,-0.00137648,-0.00138173,-0.00138694,-0.0013921,-0.00139716,-0.00140211,-0.0014069,-0.0014115,-0.00141588,-0.00141999,-0.00142382,-0.00142728,-0.00143037,-0.00143304,-0.00143524,-0.00143692,-0.00143805,-0.00143857,-0.00143843,-0.00143759,-0.001436,-0.00143361,-0.00143037,-0.00142625,-0.0014212,-0.00141515,-0.00140809,-0.00139994,-0.0013907,-0.00138031,-0.00136872,-0.00135592,-0.00134187,-0.00132655,-0.00130992,-0.00129196,-0.00127265,-0.00125197,-0.00122992,-0.00120648,-0.00118162,-0.00115536,-0.00112767,-0.00109855,-0.001068,-0.00103601,-0.00100259,-0.000967724,-0.000931395,-0.000893614,-0.000854364,-0.000813618,-0.000771376,-0.000727597,-0.000682255,-0.00063532,-0.000586737,-0.000536437,-0.000484372,-0.000430436,-0.000374544,-0.000316571,-0.000256389,-0.000193813,-0.000128675,-6.07547e-05,1.02088e-05,8.45157e-05,0.000162497,0.000244543,0.000331081,0.000422654,0.000519834,0.000623262,0.000733762,0.000852163,0.00097949,0.00111685,0.00126556,0.00142704,0.00160295,0.00179511,0.00200555,0.0022365,0.00249039,0.00276975,0.0030772,0.0034153,0.0037863,0.00419188,0.00463284,0.00510832,0.00561532,0.00614782,0.00669598,0.00724556,0.00777783,0.0082702,0.00869838,0.00903993,0.00927931,0.00941315,0.00945138,0.00945099
-0.00125498,-0.00125487,-0.0012573,-0.00125959,-0.00126189,-0.00126424,-0.00126669,-0.00126925,-0.00127192,-0.00127472,-0.00127766,-0.00128073,-0.00128394,-0.0012873,-0.0012908,-0.00129446,-0.00129826,-0.0013022,-0.00130628,-0.00131048,-0.0013148,-0.00131923,-0.00132374,-0.00132833,-0.00133298,-0.00133767,-0.00134237,-0.00134707,-0.00135173,-0.00135634,-0.00136087,-0.00136527,-0.00136954,-0.00137362,-0.00137751,-0.00138115,-0.00138451,-0.00138757,-0.00139026,-0.00139255,-0.00139441,-0.00139579,-0.00139665,-0.00139696,-0.00139664,-0.00139568,-0.00139401,-0.00139161,-0.00138841,-0.00138438,-0.00137946,-0.00137363,-0.00136683,-0.00135903,-0.00135018,-0.00134024,-0.00132919,-0.00131696,-0.00130355,-0.00128892,-0.00127304,-0.00125588,-0.00123742,-0.00121763,-0.00119651,-0.00117403,-0.00115018,-0.00112494,-0.0010983,-0.00107025,-0.00104079,-0.00100988,-0.00097754,-0.000943755,-0.00090852,-0.000871809,-0.000833613,-0.000793921,-0.000752692,-0.000709915,-0.000665558,-0.000619573,-0.000571922,-0.000522546,-0.000471371,-0.000418329,-0.000363316,-0.000306234,-0.000246947,-0.000185315,-0.000121156,-5.42794e-05,1.55262e-05,8.85625e-05,0.000165085,0.000245443,0.00033006,0.000419339,0.000513779,0.000613999,0.000720601,0.000834333,0.000956044,0.00108667,0.00122722,0.0013789,0.00154301,0.00172098,0.00191443,0.00212506,0.00235468,0.00260521,0.00287863,0.00317676,0.00350127,0.00385341,0.00423376,0.00464188,0.0050759,0.00553201,0.00600394,0.00648254,0.00695557,0.00740774,0.00782161,0.00817908,0.00846379,0.00866448,0.00877829,0.00881184,0.00881148
-0.00123207,-0.00123197,-0.00123431,-0.00123654,-0.00123877,-0.00124106,-0.00124344,-0.00124592,-0.00124852,-0.00125122,-0.00125404,-0.00125698,-0.00126004,-0.00126322,-0.00126653,-0.00126997,-0.00127352,-0.0012772,-0.00128097,-0.00128485,-0.00128882,-0.00129286,-0.00129697,-0.00130112,-0.00130531,-0.00130951,-0.0013137,-0.00131786,-0.00132195,-0.00132598,-0.0013299,-0.00133368,-0.00133729,-0.00134072,-0.00134391,-0.00134685,-0.0013495,-0.0013518,-0.00135374,-0.00135528,-0.00135637,-0.00135698,-0.00135706,-0.00135658,-0.00135548,-0.00135373,-0.00135129,-0.00134811,-0.00134414,-0.00133935,-0.0013337,-0.00132713,-0.00131962,-0.00131112,-0.0013016,-0.00129101,-0.00127931,-0.00126648,-0.0012525,-0.0012373,-0.00122089,-0.00120322,-0.00118429,-0.00116404,-0.00114249,-0.0011196,-0.00109535,-0.00106974,-0.00104274,-0.00101434,-0.000984527,-0.000953281,-0.000920604,-0.000886471,-0.000850871,-0.000813797,-0.000775202,-0.000735084,-0.000693406,-0.000650131,-0.000605238,-0.000558657,-0.000510346,-0.000460253,-0.000408284,-0.000354363,-0.000298386,-0.000240243,-0.000179799,-0.000116904,-5.13584e-05,1.70082e-05,8.84383e-05,0.000163206,0.000241585,0.000323945,0.000410642,0.000502109,0.00059883,0.000701398,0.000810365,0.000926459,0.00105047,0.00118322,0.00132567,0.00147887,0.00164397,0.00182224,0.00201498,0.00222362,0.00244961,0.00269438,0.00295937,0.00324577,0.00355455,0.00388614,0.00424032,0.00461588,0.00501034,0.00541958,0.00583758,0.00625609,0.00666475,0.0070512,0.00740188,0.00770305,0.00794257,0.00811202,0.00820903,0.00823804,0.0082377
-0.00120941,-0.0012093,-0.00121156,-0.00121372,-0.00121589,-0.00121811,-0.00122042,-0.00122282,-0.00122531,-0.00122791,-0.0012306,-0.00123339,-0.00123629,-0.0012393,-0.0012424,-0.00124561,-0.00124892,-0.00125232,-0.0012558,-0.00125935,-0.00126297,-0.00126664,-0.00127035,-0.00127407,-0.00127782,-0.00128155,-0.00128524,-0.00128888,-0.00129243,-0.00129589,-0.00129922,-0.0013024,-0.00130539,-0.00130818,-0.00131071,-0.00131297,-0.00131492,-0.00131653,-0.00131776,-0.00131858,-0.00131894,-0.00131881,-0.00131815,-0.00131693,-0.00131508,-0.00131259,-0.00130941,-0.00130549,-0.0013008,-0.0012953,-0.00128894,-0.00128167,-0.00127349,-0.00126433,-0.00125417,-0.00124296,-0.00123067,-0.00121727,-0.00120272,-0.001187,-0.00117008,-0.00115194,-0.00113253,-0.00111186,-0.00108989,-0.0010666,-0.00104199,-0.00101601,-0.000988657,-0.000959912,-0.000929772,-0.000898207,-0.000865202,-0.000830742,-0.000794802,-0.000757371,-0.000718412,-0.000677898,-0.000635801,-0.00059207,-0.000546686,-0.000499565,-0.000450673,-0.000399929,-0.000347252,-0.000292567,-0.000235751,-0.000176687,-0.000115243,-5.12624e-05,1.54426e-05,8.507e-05,0.000157844,0.000234028,0.000313926,0.000397851,0.000486174,0.000579325,0.000677754,0.000781976,0.000892593,0.0010102,0.00113555,0.0012694,0.00141259,0.00156605,0.00173074,0.00190775,0.00209814,0.00230305,0.0025236,0.00276081,0.00301563,0.00328877,0.0035806,0.00389097,0.00421914,0.0045634,0.00492098,0.00528779,0.00565822,0.00602508,0.0063796,0.00671185,0.00701114,0.00726696,0.00747006,0.00761404,0.00769699,0.00772197,0.00772166
-0.00118695,-0.00118684,-0.00118903,-0.00119113,-0.00119322,-0.00119537,-0.0011976,-0.00119991,-0.00120229,-0.00120477,-0.00120733,-0.00120997,-0.0012127,-0.00121552,-0.00121842,-0.0012214,-0.00122446,-0.00122758,-0.00123077,-0.001234,-0.00123728,-0.00124059,-0.00124391,-0.00124723,-0.00125053,-0.0012538,-0.00125701,-0.00126014,-0.00126318,-0.00126609,-0.00126887,-0.00127146,-0.00127385,-0.00127602,-0.00127793,-0.00127955,-0.00128084,-0.00128177,-0.00128232,-0.00128246,-0.00128212,-0.00128129,-0.00127992,-0.00127799,-0.00127544,-0.00127225,-0.00126837,-0.00126375,-0.00125838,-0.00125219,-0.00124517,-0.00123725,-0.00122843,-0.00121865,-0.00120787,-0.00119608,-0.00118322,-0.00116928,-0.0011542,-0.00113799,-0.00112059,-0.00110199,-0.00108214,-0.00106106,-0.00103869,-0.00101503,-0.00099005,-0.000963726,-0.000936047,-0.000906983,-0.000876526,-0.000844659,-0.000811342,-0.00077657,-0.000740322,-0.000702553,-0.000663263,-0.000622388,-0.000579909,-0.000535777,-0.000489943,-0.000442357,-0.000392951,-0.00034164,-0.000288363,-0.00023301,-0.000175482,-0.000115646,-5.33672e-05,1.15143e-05,7.91751e-05,0.00014981,0.000223656,0.000300954,0.000382001,0.000467108,0.000556631,0.000650971,0.000750518,0.000855814,0.000967366,0.00108574,0.00121159,0.00134559,0.00148851,0.00164111,0.00180419,0.00197868,0.00216542,0.00236523,0.00257897,0.00280733,0.00305086,0.00330983,0.00358422,0.00387347,0.00417645,0.00449126,0.004815,0.00514378,0.00547251,0.00579499,0.00610389,0.00639116,0.00664834,0.00686722,0.00704071,0.00716385,0.00723501,0.00725644,0.00725616
-0.00116469,-0.00116459,-0.0011667,-0.00116873,-0.00117076,-0.00117283,-0.00117497,-0.00117718,-0.00117946,-0.00118181,-0.00118423,-0.00118672,-0.00118927,-0.0011919,-0.00119459,-0.00119735,-0.00120015,-0.00120301,-0.00120591,-0.00120883,-0.00121177,-0.00121471,-0.00121765,-0.00122057,-0.00122346,-0.00122627,-0.00122903,-0.00123167,-0.00123421,-0.00123659,-0.00123883,-0.00124086,-0.00124268,-0.00124426,-0.00124557,-0.00124657,-0.00124723,-0.00124753,-0.00124743,-0.0012469,-0.00124591,-0.00124441,-0.00124237,-0.00123977,-0.00123656,-0.0012327,-0.00122815,-0.00122288,-0.00121685,-0.00121003,-0.00120238,-0.00119384,-0.00118442,-0.00117405,-0.0011627,-0.00115035,-0.00113696,-0.0011225,-0.00110693,-0.00109024,-0.00107238,-0.00105335,-0.0010331,-0.00101161,-0.000988874,-0.000964856,-0.000939538,-0.000912892,-0.000884894,-0.000855533,-0.000824785,-0.00079262,-0.000759025,-0.000723975,-0.000687436,-0.000649373,-0.00060977,-0.000568578,-0.000525769,-0.000481279,-0.000435062,-0.000387068,-0.00033722,-0.000285444,-0.000231653,-0.000175756,-0.00011764,-5.71814e-05,5.76925e-06,7.13577e-05,0.000139765,0.000211174,0.000285817,0.000363935,0.000445801,0.000531711,0.000622009,0.000717059,0.000817245,0.000923023,0.00103488,0.00115333,0.00127894,0.00141228,0.00155402,0.00170481,0.00186532,0.00203625,0.00221828,0.00241199,0.00261797,0.00283661,0.00306817,0.00331264,0.00356963,0.00383834,0.00411741,0.00440484,0.00469784,0.00499274,0.00528504,0.0055694,0.00583974,0.00608946,0.00631181,0.00650033,0.0066495,0.0067554,0.00681674,0.00683512,0.00683487
-0.00114262,-0.00114252,-0.00114457,-0.00114653,-0.00114848,-0.00115048,-0.00115252,-0.00115463,-0.00115679,-0.00115901,-0.00116129,-0.00116362,-0.00116601,-0.00116844,-0.00117093,-0.00117345,-0.00117602,-0.0011786,-0.00118121,-0.00118383,-0.00118643,-0.00118903,-0.0011916,-0.00119413,-0.0011966,-0.00119898,-0.00120128,-0.00120346,-0.00120551,-0.0012074,-0.00120912,-0.00121061,-0.00121188,-0.0012129,-0.00121364,-0.00121405,-0.00121412,-0.0012138,-0.00121309,-0.00121193,-0.00121031,-0.00120818,-0.0012055,-0.00120227,-0.00119843,-0.00119393,-0.00118876,-0.00118286,-0.00117623,-0.00116879,-0.00116054,-0.00115143,-0.00114143,-0.00113051,-0.00111862,-0.00110575,-0.00109185,-0.00107691,-0.00106087,-0.00104373,-0.00102545,-0.001006,-0.000985371,-0.000963516,-0.000940424,-0.000916071,-0.000890436,-0.00086348,-0.000835191,-0.000805549,-0.000774538,-0.000742111,-0.000708254,-0.000672948,-0.000636153,-0.000597833,-0.000557956,-0.000516492,-0.000473388,-0.000428596,-0.000382071,-0.000333735,-0.000283527,-0.000231367,-0.000177177,-0.000120842,-6.22674e-05,-1.32936e-06,6.21259e-05,0.000128233,0.000197169,0.000269128,0.000344317,0.000422963,0.000505329,0.000591691,0.000682376,0.000777702,0.000878039,0.000983795,0.00109539,0.0012133,0.00133799,0.00146998,0.00160981,0.00175802,0.00191514,0.0020817,0.00225823,0.0024451,0.00264265,0.00285111,0.00307044,0.00330039,0.00354039,0.00378948,0.00404615,0.00430844,0.00457364,0.00483848,0.00509899,0.00535058,0.00558816,0.00580634,0.0059997,0.00616309,0.00629213,0.0063837,0.00643675,0.00645253,0.00645229
-0.00112073,-0.00112063,-0.00112261,-0.00112451,-0.00112639,-0.0011283,-0.00113026,-0.00113226,-0.00113431,-0.0011364,-0.00113854,-0.00114071,-0.00114292,-0.00114516,-0.00114743,-0.00114973,-0.00115205,-0.00115437,-0.00115669,-0.001159,-0.00116129,-0.00116354,-0.00116575,-0.0011679,-0.00116997,-0.00117195,-0.00117381,-0.00117555,-0.00117713,-0.00117854,-0.00117974,-0.00118073,-0.00118148,-0.00118195,-0.00118213,-0.00118198,-0.00118148,-0.00118059,-0.00117929,-0.00117754,-0.00117533,-0.0011726,-0.00116933,-0.00116548,-0.00116104,-0.00115594,-0.00115018,-0.0011437,-0.00113647,-0.00112847,-0.00111966,-0.00111,-0.00109946,-0.00108801,-0.00107562,-0.00106226,-0.00104788,-0.00103248,-0.00101601,-0.000998452,-0.000979771,-0.000959942,-0.000938943,-0.000916738,-0.000893317,-0.000868657,-0.000842719,-0.000815485,-0.000786932,-0.000757036,-0.000725774,-0.000693111,-0.000659031,-0.000623491,-0.000586476,-0.000547933,-0.000507829,-0.000466132,-0.0004228,-0.000377758,-0.000330973,-0.000282377,-0.00023189,-0.000179445,-0.000124951,-6.82969e-05,-9.39373e-06,5.1884e-05,0.000115676,0.000182129,0.000251397,0.000323678,0.000399172,0.000478066,0.000560635,0.000647122,0.000737832,0.000833039,0.000933099,0.00103836,0.0011492,0.00126603,0.00138924,0.00151927,0.00165657,0.00180157,0.00195466,0.00211626,0.00228669,0.00246623,0.002655,0.00285304,0.00306014,0.00327589,0.00349956,0.0037301,0.00396599,0.00420529,0.00444553,0.00468378,0.00491652,0.00513983,0.00534949,0.00554105,0.00571007,0.00585248,0.00596473,0.00604435,0.00609044,0.00610399,0.00610377
-0.00109902,-0.00109892,-0.00110083,-0.00110266,-0.00110447,-0.00110631,-0.00110817,-0.00111008,-0.001112,-0.00111396,-0.00111596,-0.00111796,-0.00111999,-0.00112205,-0.00112411,-0.00112618,-0.00112825,-0.00113031,-0.00113236,-0.00113437,-0.00113635,-0.00113827,-0.00114013,-0.00114191,-0.0011436,-0.00114517,-0.00114662,-0.00114792,-0.00114905,-0.00114999,-0.00115073,-0.00115123,-0.00115147,-0.00115142,-0.00115108,-0.0011504,-0.00114934,-0.00114791,-0.00114605,-0.00114374,-0.00114097,-0.00113766,-0.00113382,-0.00112941,-0.00112439,-0.00111873,-0.0011124,-0.00110537,-0.00109759,-0.00108906,-0.00107972,-0.00106953,-0.00105849,-0.00104655,-0.00103368,-0.00101985,-0.00100504,-0.000989198,-0.000972322,-0.000954369,-0.000935309,-0.000915131,-0.000893794,-0.000871261,-0.000847547,-0.000822588,-0.000796379,-0.000768893,-0.000740104,-0.000709979,-0.000678488,-0.000645621,-0.000611347,-0.000575615,-0.000538401,-0.000499672,-0.000459393,-0.000417518,-0.000373999,-0.00032877,-0.000281798,-0.000233008,-0.000182332,-0.000129683,-7.49856e-05,-1.81355e-05,4.09708e-05,0.000102448,0.000166425,0.000233041,0.000302466,0.000374851,0.000450407,0.000529312,0.000611794,0.000698105,0.000788499,0.000883245,0.000982636,0.001087,0.00119664,0.00131192,0.00143317,0.00156075,0.00169501,0.0018363,0.00198489,0.00214107,0.00230504,0.00247693,0.00265676,0.00284438,0.00303946,0.00324148,0.00344964,0.00366283,0.00387956,0.00409799,0.00431587,0.00453056,0.00473902,0.00493792,0.00512367,0.00529259,0.00544111,0.00556585,0.005664,0.00573355,0.00577377,0.00578544,0.00578525
-0.00107748,-0.00107738,-0.00107923,-0.001081,-0.00108274,-0.0010845,-0.00108627,-0.00108806,-0.00108987,-0.00109169,-0.00109353,-0.00109538,-0.00109724,-0.0010991,-0.00110096,-0.00110281,-0.00110464,-0.00110645,-0.00110822,-0.00110995,-0.00111161,-0.00111322,-0.00111474,-0.00111617,-0.00111749,-0.00111867,-0.00111972,-0.0011206,-0.00112131,-0.0011218,-0.00112207,-0.0011221,-0.00112186,-0.00112133,-0.00112048,-0.00111929,-0.00111772,-0.00111576,-0.00111337,-0.00111053,-0.00110721,-0.00110337,-0.00109899,-0.00109404,-0.00108847,-0.00108228,-0.00107542,-0.00106787,-0.00105958,-0.00105053,-0.0010407,-0.00103003,-0.00101851,-0.0010061,-0.000992783,-0.000978529,-0.000963292,-0.000947056,-0.000929797,-0.000911471,-0.000892064,-0.000871555,-0.000849897,-0.000827077,-0.000803083,-0.000777862,-0.000751407,-0.000723691,-0.000694683,-0.000664356,-0.00063268,-0.000599634,-0.000565187,-0.0005293,-0.000491933,-0.000453069,-0.000412647,-0.000370641,-0.000326986,-0.00028164,-0.000234546,-0.000185636,-0.000134846,-8.20891e-05,-2.72835e-05,2.96516e-05,8.8837e-05,0.000150369,0.00021439,0.000281011,0.000350397,0.000422694,0.000498091,0.000576764,0.000658918,0.00074477,0.000834553,0.000928515,0.0010269,0.00112999,0.00123806,0.00135141,0.0014703,0.00159502,0.00172584,0.00186303,0.00200676,0.00215723,0.00231452,0.00247864,0.00264951,0.00282687,0.0030103,0.0031992,0.00339274,0.00358979,0.00378893,0.00398846,0.00418633,0.00438018,0.0045674,0.00474511,0.00491029,0.00505991,0.005191,0.00530083,0.00538708,0.00544811,0.00548335,0.00549341,0.00549323
-0.0010561,-0.00105601,-0.0010578,-0.0010595,-0.00106118,-0.00106284,-0.00106452,-0.00106621,-0.0010679,-0.00106959,-0.00107129,-0.00107299,-0.00107467,-0.00107635,-0.00107801,-0.00107963,-0.00108123,-0.00108279,-0.00108429,-0.00108573,-0.00108711,-0.0010884,-0.0010896,-0.00109068,-0.00109163,-0.00109245,-0.00109311,-0.00109359,-0.00109388,-0.00109395,-0.00109379,-0.00109337,-0.00109266,-0.00109167,-0.00109033,-0.00108866,-0.0010866,-0.00108413,-0.00108124,-0.00107789,-0.00107406,-0.00106972,-0.00106483,-0.00105936,-0.00105329,-0.00104659,-0.00103924,-0.00103119,-0.00102241,-0.00101288,-0.00100258,-0.000991449,-0.000979486,-0.000966651,-0.000952917,-0.00093825,-0.000922629,-0.000906021,-0.000888401,-0.000869743,-0.000850007,-0.000829189,-0.00080725,-0.000784163,-0.000759905,-0.000734455,-0.000707776,-0.000679854,-0.000650667,-0.00062016,-0.000588327,-0.000555132,-0.000520554,-0.000484542,-0.000447069,-0.000408098,-0.000367587,-0.0003255,-0.000281767,-0.000236358,-0.000189209,-0.000140258,-8.94265e-05,-3.66527e-05,1.81542e-05,7.50743e-05,0.000134215,0.000195687,0.000259593,0.000326064,0.000395237,0.000467274,0.000542313,0.000620539,0.00070212,0.000787264,0.000876183,0.000969074,0.00106615,0.00116768,0.00127386,0.00138494,0.00150115,0.00162269,0.00174978,0.00188257,0.00202122,0.00216578,0.00231628,0.00247264,0.00263466,0.00280202,0.00297427,0.00315075,0.00333059,0.00351273,0.00369579,0.00387824,0.00405819,0.00423361,0.00440218,0.00456145,0.00470889,0.00484195,0.00495818,0.00505529,0.00513141,0.00518521,0.00521621,0.00522492,0.00522476
-0.00103489,-0.00103479,-0.00103653,-0.00103817,-0.00103978,-0.00104137,-0.00104295,-0.00104453,-0.00104611,-0.00104767,-0.00104923,-0.00105077,-0.00105228,-0.00105377,-0.00105523,-0.00105665,-0.00105801,-0.00105932,-0.00106057,-0.00106174,-0.00106283,-0.00106382,-0.0010647,-0.00106545,-0.00106606,-0.00106652,-0.00106681,-0.0010669,-0.0010668,-0.00106646,-0.00106588,-0.00106502,-0.00106389,-0.00106243,-0.00106064,-0.0010585,-0.00105598,-0.00105304,-0.00104967,-0.00104585,-0.00104152,-0.0010367,-0.00103133,-0.00102537,-0.00101883,-0.00101166,-0.00100383,-0.000995317,-0.000986079,-0.000976108,-0.00096536,-0.000953809,-0.000941425,-0.000928185,-0.000914063,-0.000899018,-0.000883031,-0.000866079,-0.000848124,-0.000829154,-0.000809124,-0.000788022,-0.000765826,-0.000742494,-0.000718013,-0.000692351,-0.000665481,-0.000637378,-0.000608023,-0.000577385,-0.000545418,-0.000512109,-0.000477426,-0.000441333,-0.000403793,-0.000364757,-0.000324201,-0.000282074,-0.000238332,-0.000192915,-0.00014578,-9.6849e-05,-4.6067e-05,6.63996e-06,6.1354e-05,0.000118159,0.000177142,0.000238417,0.000302079,0.000368264,0.00043707,0.000508665,0.000583166,0.000660739,0.000741555,0.00082578,0.000913583,0.00100516,0.00110069,0.00120037,0.0013044,0.00141295,0.00152622,0.00164434,0.00176747,0.0018957,0.00202911,0.00216769,0.00231139,0.00246006,0.00261346,0.0027712,0.00293279,0.00309755,0.00326464,0.00343301,0.00360143,0.00376843,0.00393237,0.00409144,0.00424361,0.00438681,0.00451887,0.00463764,0.00474109,0.00482735,0.00489485,0.00494247,0.00496983,0.00497736,0.00497722
-0.00101384,-0.00101375,-0.00101543,-0.00101701,-0.00101855,-0.00102006,-0.00102155,-0.00102303,-0.0010245,-0.00102593,-0.00102735,-0.00102873,-0.00103008,-0.00103139,-0.00103265,-0.00103385,-0.001035,-0.00103607,-0.00103707,-0.00103798,-0.00103879,-0.00103948,-0.00104006,-0.00104049,-0.00104078,-0.00104089,-0.00104081,-0.00104054,-0.00104005,-0.00103933,-0.00103834,-0.00103708,-0.00103552,-0.00103365,-0.00103143,-0.00102884,-0.00102587,-0.00102248,-0.00101866,-0.00101438,-0.0010096,-0.00100431,-0.000998489,-0.000992088,-0.000985085,-0.000977471,-0.000969191,-0.000960246,-0.000950586,-0.000940183,-0.000929027,-0.000917071,-0.000904299,-0.000890686,-0.000876203,-0.00086081,-0.000844485,-0.000827209,-0.000808958,-0.000789695,-0.000769397,-0.000748042,-0.000725598,-0.000702056,-0.000677377,-0.000651531,-0.000624491,-0.000596243,-0.000566752,-0.000535999,-0.000503934,-0.000470549,-0.000435798,-0.000399656,-0.000362079,-0.000323033,-0.000282474,-0.000240366,-0.00019666,-0.000151296,-0.000104236,-5.54033e-05,-4.74522e-06,4.78179e-05,0.000102347,0.000158933,0.000217654,0.000278624,0.000341915,0.000407667,0.000475969,0.000546962,0.000620763,0.00069752,0.000777379,0.000860476,0.000946965,0.00103702,0.00113078,0.00122841,0.00133007,0.00143589,0.00154601,0.00166053,0.00177955,0.0019031,0.00203121,0.00216381,0.00230079,0.00244194,0.00258699,0.00273553,0.002887,0.00304079,0.00319603,0.00335175,0.00350682,0.00365991,0.00380952,0.00395407,0.0040918,0.00422091,0.00433959,0.004446,0.00453843,0.00461533,0.0046754,0.00471772,0.00474198,0.00474852,0.00474839
-0.000992966,-0.000992871,-0.000994502,-0.000996022,-0.000997495,-0.000998926,-0.00100033,-0.00100171,-0.00100306,-0.00100437,-0.00100565,-0.00100689,-0.00100807,-0.0010092,-0.00101027,-0.00101127,-0.0010122,-0.00101304,-0.0010138,-0.00101445,-0.001015,-0.00101541,-0.00101568,-0.00101581,-0.00101577,-0.00101555,-0.00101514,-0.00101451,-0.00101366,-0.00101256,-0.0010112,-0.00100954,-0.00100759,-0.0010053,-0.00100267,-0.000999667,-0.000996272,-0.000992464,-0.000988211,-0.000983499,-0.000978283,-0.000972569,-0.000966303,-0.000959479,-0.000952059,-0.000944009,-0.000935324,-0.000925965,-0.000915907,-0.000905109,-0.000893569,-0.000881236,-0.000868107,-0.000854144,-0.000839316,-0.000823608,-0.000806971,-0.000789398,-0.000770868,-0.000751345,-0.000730804,-0.000709218,-0.00068657,-0.000662827,-0.00063797,-0.000611971,-0.000584799,-0.000556428,-0.000526834,-0.000495993,-0.000463865,-0.000430427,-0.000395648,-0.000359497,-0.000321922,-0.000282903,-0.000242395,-0.000200349,-0.000156732,-0.00011148,-6.45526e-05,-1.58944e-05,3.45732e-05,8.69069e-05,0.000141165,0.000197441,0.000255804,0.000316352,0.000379173,0.000444359,0.000512026,0.000582279,0.00065523,0.000731016,0.000809743,0.000891546,0.000976556,0.00106491,0.00115672,0.00125213,0.00135124,0.00145418,0.001561,0.00167181,0.00178662,0.00190544,0.00202825,0.00215492,0.0022853,0.00241918,0.00255622,0.00269597,0.00283794,0.00298146,0.00312574,0.00326987,0.00341278,0.00355328,0.00369007,0.00382169,0.00394667,0.00406342,0.00417039,0.00426605,0.00434895,0.00441778,0.00447144,0.0045092,0.00453076,0.00453645,0.00453633
-0.000972262,-0.000972168,-0.000973748,-0.000975217,-0.000976616,-0.000977973,-0.000979293,-0.000980572,-0.000981809,-0.000982999,-0.000984136,-0.00098522,-0.000986249,-0.000987212,-0.000988098,-0.000988901,-0.00098962,-0.000990242,-0.000990759,-0.000991168,-0.000991448,-0.000991591,-0.000991582,-0.000991411,-0.000991064,-0.000990527,-0.00098979,-0.000988825,-0.000987617,-0.000986168,-0.000984439,-0.000982408,-0.000980077,-0.000977406,-0.000974383,-0.000970984,-0.000967188,-0.000962972,-0.000958313,-0.000953188,-0.000947573,-0.000941448,-0.000934777,-0.000927551,-0.000919721,-0.000911284,-0.000902203,-0.00089246,-0.00088203,-0.000870868,-0.000858963,-0.000846287,-0.000832825,-0.000818535,-0.00080339,-0.000787384,-0.000770478,-0.000752634,-0.000733844,-0.000714083,-0.000693325,-0.000671541,-0.000648706,-0.000624798,-0.000599791,-0.000573662,-0.000546375,-0.000517919,-0.000488245,-0.000457345,-0.000425186,-0.000391732,-0.000356963,-0.000320829,-0.000283299,-0.00024435,-0.000203932,-0.000162008,-0.000118529,-7.34429e-05,-2.6714e-05,2.17225e-05,7.19248e-05,0.000123948,0.000177852,0.000233732,0.000291651,0.000351679,0.000413912,0.000478433,0.000545341,0.00061473,0.000686707,0.000761375,0.000838836,0.000919195,0.00100258,0.00108909,0.0011788,0.00127185,0.00136829,0.00146822,0.00157166,0.00167867,0.00178924,0.00190332,0.00202087,0.00214173,0.00226571,0.00239256,0.00252193,0.00265339,0.00278642,0.00292038,0.00305453,0.00318802,0.00331988,0.00344903,0.00357429,0.00369442,0.00380808,0.00391396,0.00401067,0.00409695,0.00417154,0.00423336,0.00428148,0.00431527,0.00433452,0.00433947,0.00433936
-0.000951724,-0.000951632,-0.000953163,-0.000954577,-0.000955917,-0.000957203,-0.000958435,-0.000959621,-0.000960745,-0.000961816,-0.00096282,-0.000963766,-0.000964633,-0.000965423,-0.000966131,-0.000966744,-0.000967259,-0.000967672,-0.000967966,-0.000968134,-0.00096816,-0.000968041,-0.000967759,-0.000967308,-0.000966661,-0.000965821,-0.000964768,-0.000963484,-0.000961952,-0.000960154,-0.000958076,-0.000955693,-0.000952992,-0.000949959,-0.000946569,-0.000942789,-0.000938616,-0.000934018,-0.000928974,-0.000923465,-0.000917463,-0.000910953,-0.0009039,-0.000896287,-0.000888088,-0.000879285,-0.000869841,-0.000859741,-0.000848955,-0.000837448,-0.000825208,-0.000812215,-0.000798439,-0.00078385,-0.000768418,-0.000752138,-0.000734975,-0.000716887,-0.000697872,-0.000677899,-0.000656947,-0.000634984,-0.000611993,-0.000587942,-0.000562813,-0.00053658,-0.00050921,-0.000480686,-0.000450969,-0.000420041,-0.000387878,-0.000354444,-0.000319708,-0.000283632,-0.000246197,-0.000207352,-0.000167068,-0.000125303,-8.20172e-05,-3.7154e-05,9.32712e-06,5.7472e-05,0.000107341,0.000158989,0.000212467,0.000267873,0.00032525,0.000384674,0.000446221,0.000509978,0.000576023,0.000644439,0.000715322,0.000788752,0.000864823,0.000943629,0.00102526,0.0011098,0.00119731,0.00128788,0.00138157,0.0014784,0.0015784,0.00168158,0.00178791,0.00189731,0.00200969,0.00212488,0.00224266,0.00236277,0.00248486,0.00260849,0.00273314,0.00285822,0.00298303,0.00310678,0.00322858,0.00334747,0.0034624,0.00357224,0.00367588,0.00377211,0.00385982,0.00393786,0.0040052,0.0040609,0.0041042,0.00413455,0.00415178,0.00415609,0.00415599
-0.000931366,-0.000931275,-0.00093276,-0.000934122,-0.000935395,-0.000936608,-0.000937762,-0.000938853,-0.000939873,-0.000940823,-0.0009417,-0.000942502,-0.00094322,-0.000943848,-0.00094438,-0.000944817,-0.000945138,-0.000945338,-0.000945415,-0.000945346,-0.000945133,-0.000944759,-0.00094422,-0.000943489,-0.00094257,-0.000941445,-0.000940089,-0.00093849,-0.000936646,-0.000934523,-0.000932113,-0.000929393,-0.000926348,-0.000922967,-0.000919219,-0.000915088,-0.000910553,-0.000905594,-0.00090019,-0.000894316,-0.000887952,-0.000881076,-0.000873669,-0.0008657,-0.00085715,-0.000847993,-0.000838213,-0.00082777,-0.000816659,-0.000804837,-0.000792296,-0.000779001,-0.000764934,-0.000750072,-0.000734381,-0.00071785,-0.000700453,-0.000682148,-0.000662929,-0.00064277,-0.000621648,-0.000599537,-0.000576403,-0.00055224,-0.000527018,-0.000500702,-0.000473275,-0.000444712,-0.000414978,-0.000384059,-0.000351919,-0.000318531,-0.000283867,-0.000247894,-0.000210571,-0.000171879,-0.000131778,-9.02168e-05,-4.71643e-05,-2.57551e-06,4.35956e-05,9.13983e-05,0.000140873,0.000192079,0.000245069,0.000299916,0.000356679,0.000415415,0.000476198,0.000539093,0.000604179,0.000671528,0.000741209,0.000813307,0.000887895,0.000965036,0.00104482,0.0011273,0.00121252,0.00130054,0.0013914,0.00148509,0.00158163,0.00168099,0.00178311,0.00188791,0.00199524,0.00210492,0.00221676,0.00233043,0.00244562,0.00256186,0.00267869,0.00279553,0.00291173,0.00302656,0.00313921,0.00324881,0.00335443,0.00345509,0.00354981,0.00363752,0.00371726,0.00378805,0.00384903,0.00389937,0.00393845,0.0039658,0.00398126,0.00398504,0.00398494
-0.000911191,-0.000911101,-0.000912539,-0.000913854,-0.00091507,-0.000916212,-0.000917281,-0.000918269,-0.000919191,-0.000920029,-0.000920783,-0.000921449,-0.000922028,-0.000922496,-0.000922864,-0.000923113,-0.000923246,-0.000923242,-0.000923106,-0.000922819,-0.000922373,-0.00092176,-0.000920972,-0.000919987,-0.000918787,-0.000917381,-0.000915745,-0.000913854,-0.000911707,-0.000909272,-0.000906548,-0.000903507,-0.000900138,-0.000896425,-0.000892343,-0.000887876,-0.000883,-0.000877696,-0.000871948,-0.000865738,-0.00085903,-0.000851817,-0.000844069,-0.000835767,-0.000826893,-0.000817411,-0.000807311,-0.000796559,-0.000785141,-0.000773023,-0.000760201,-0.000746634,-0.000732303,-0.000717186,-0.000701256,-0.000684502,-0.000666892,-0.000648392,-0.000629,-0.00060868,-0.000587418,-0.000565169,-0.000541929,-0.000517673,-0.000492378,-0.000466008,-0.000438552,-0.00040998,-0.00038026,-0.000349369,-0.000317285,-0.000283979,-0.00024941,-0.000213573,-0.000176412,-0.000137909,-9.80181e-05,-5.67075e-05,-1.39386e-05,3.03353e-05,7.61405e-05,0.000123538,0.000172567,0.000223279,0.000275712,0.000329938,0.00038601,0.000443989,0.000503923,0.000565883,0.000629928,0.00069612,0.000764529,0.000835208,0.00090822,0.00098363,0.00106148,0.00114183,0.00122469,0.00131012,0.0013981,0.00148865,0.00158173,0.0016773,0.00177528,0.00187557,0.001978,0.00208239,0.00218851,0.00229607,0.00240472,0.00251404,0.00262357,0.00273277,0.00284103,0.00294768,0.003052,0.0031532,0.00325044,0.00334287,0.00342959,0.00350974,0.00358242,0.00364683,0.00370221,0.00374786,0.00378323,0.00380795,0.00382186,0.00382515,0.00382507
-0.0008912,-0.000891111,-0.000892507,-0.000893765,-0.000894921,-0.000895995,-0.000896982,-0.000897888,-0.000898712,-0.000899443,-0.000900079,-0.000900613,-0.000901045,-0.000901366,-0.000901563,-0.000901643,-0.000901587,-0.000901395,-0.000901057,-0.000900559,-0.000899891,-0.000899046,-0.000898013,-0.000896782,-0.000895332,-0.000893653,-0.000891741,-0.00088957,-0.000887134,-0.000884409,-0.00088138,-0.000878039,-0.000874363,-0.000870337,-0.000865939,-0.000861149,-0.000855956,-0.000850332,-0.000844261,-0.000837724,-0.000830698,-0.000823165,-0.000815105,-0.000806489,-0.000797304,-0.000787525,-0.000777122,-0.000766088,-0.000754383,-0.000742003,-0.000728914,-0.0007151,-0.000700526,-0.000685182,-0.000669033,-0.00065208,-0.00063428,-0.000615617,-0.000596072,-0.000575612,-0.000554217,-0.00053187,-0.000508542,-0.000484228,-0.000458878,-0.000432481,-0.000405015,-0.000376458,-0.000346781,-0.000315951,-0.000283951,-0.000250753,-0.000216322,-0.000180647,-0.000143682,-0.000105396,-6.57638e-05,-2.47402e-05,1.76977e-05,6.16122e-05,0.000107011,0.000153954,0.00020248,0.000252631,0.000304457,0.000358001,0.00041333,0.000470475,0.000529496,0.00059045,0.000653383,0.000718355,0.000785407,0.000854607,0.00092598,0.000999588,0.00107544,0.00115361,0.00123408,0.00131689,0.00140199,0.00148939,0.00157904,0.00167088,0.00176481,0.0018607,0.0019584,0.0020577,0.00215836,0.00226012,0.00236261,0.00246545,0.00256817,0.00267029,0.00277124,0.00287041,0.00296712,0.0030607,0.00315039,0.00323542,0.00331501,0.0033884,0.00345483,0.00351358,0.003564,0.00360553,0.00363764,0.00366002,0.00367257,0.00367545,0.00367537
-0.00087139,-0.000871302,-0.000872657,-0.000873868,-0.00087497,-0.000875969,-0.000876884,-0.00087771,-0.000878433,-0.000879055,-0.000879573,-0.000879987,-0.000880276,-0.000880453,-0.0008805,-0.000880409,-0.000880183,-0.000879806,-0.000879268,-0.000878562,-0.000877688,-0.000876622,-0.000875357,-0.000873881,-0.000872192,-0.000870262,-0.000868082,-0.000865651,-0.000862937,-0.000859933,-0.000856624,-0.000852991,-0.000849023,-0.0008447,-0.000840004,-0.000834915,-0.000829414,-0.000823489,-0.000817114,-0.000810278,-0.000802952,-0.000795119,-0.000786761,-0.000777857,-0.000768386,-0.000758325,-0.000747649,-0.000736344,-0.000724389,-0.000711756,-0.000698426,-0.000684386,-0.000669593,-0.000654042,-0.000637701,-0.000620563,-0.000602604,-0.000583795,-0.000564114,-0.000543536,-0.000522042,-0.000499615,-0.000476227,-0.000451861,-0.000426492,-0.000400098,-0.000372648,-0.000344131,-0.000314518,-0.000283776,-0.000251891,-0.000218832,-0.00018457,-0.00014908,-0.000112346,-7.43195e-05,-3.49807e-05,5.71905e-06,4.77939e-05,9.12971e-05,0.000136249,0.000182693,0.000230666,0.000280211,0.000331366,0.000384187,0.000438703,0.000494969,0.000553016,0.000612905,0.000674661,0.000738355,0.000804001,0.000871652,0.000941342,0.0010131,0.00108694,0.00116289,0.00124094,0.0013211,0.00140334,0.00148762,0.00157389,0.00166207,0.00175204,0.00184368,0.00193682,0.00203125,0.00212673,0.00222299,0.00231967,0.00241643,0.00251282,0.00260839,0.0027026,0.00279491,0.0028847,0.00297136,0.00305421,0.00313258,0.00320578,0.00327313,0.00333398,0.00338771,0.00343374,0.00347158,0.00350081,0.00352116,0.00353252,0.00353504,0.00353496
-0.000851774,-0.000851688,-0.000853001,-0.000854169,-0.000855217,-0.000856158,-0.000856992,-0.000857732,-0.000858358,-0.000858886,-0.000859285,-0.00085957,-0.000859734,-0.000859765,-0.000859663,-0.000859415,-0.000859019,-0.000858464,-0.000857742,-0.000856842,-0.000855763,-0.000854492,-0.000853,-0.000851299,-0.000849372,-0.000847202,-0.000844775,-0.000842086,-0.000839114,-0.000835845,-0.000832266,-0.000828365,-0.000824115,-0.000819512,-0.000814534,-0.000809165,-0.00080338,-0.000797171,-0.000790513,-0.000783392,-0.000775786,-0.000767672,-0.000759039,-0.000749868,-0.000740129,-0.000729805,-0.00071888,-0.000707328,-0.000695135,-0.000682268,-0.000668725,-0.000654475,-0.000639489,-0.00062375,-0.000607243,-0.00058995,-0.000571843,-0.000552901,-0.000533115,-0.000512443,-0.000490873,-0.000468382,-0.000444957,-0.000420573,-0.000395195,-0.000368827,-0.000341418,-0.000312973,-0.000283447,-0.000252818,-0.000221076,-0.000188181,-0.000154121,-0.000118857,-8.23731e-05,-4.46371e-05,-5.62496e-06,3.47134e-05,7.6392e-05,0.000119438,0.000163896,0.000209809,0.000257183,0.000306076,0.000356524,0.000408561,0.000462222,0.000517552,0.000574581,0.000633356,0.000693889,0.000756244,0.000820445,0.00088651,0.000954473,0.00102434,0.00109614,0.00116985,0.00124549,0.00132302,0.00140241,0.00148362,0.00156657,0.00165117,0.00173731,0.00182485,0.00191361,0.00200338,0.00209393,0.00218498,0.00227622,0.0023673,0.00245779,0.00254729,0.00263531,0.00272132,0.0028048,0.00288516,0.00296182,0.00303418,0.00310163,0.00316358,0.00321945,0.00326869,0.00331083,0.00334541,0.00337209,0.00339062,0.00340092,0.00340312,0.00340305
-0.000832353,-0.000832269,-0.000833543,-0.000834666,-0.000835661,-0.00083654,-0.000837311,-0.000837967,-0.000838505,-0.000838925,-0.000839217,-0.000839386,-0.000839418,-0.000839312,-0.000839066,-0.000838664,-0.000838108,-0.00083738,-0.000836483,-0.000835399,-0.000834125,-0.000832644,-0.000830948,-0.000829031,-0.000826877,-0.00082448,-0.000821821,-0.000818887,-0.000815673,-0.000812152,-0.000808317,-0.000804156,-0.000799647,-0.000794781,-0.000789535,-0.000783896,-0.000777846,-0.000771371,-0.000764446,-0.000757061,-0.000749191,-0.000740819,-0.000731932,-0.000722508,-0.000712519,-0.000701959,-0.000690796,-0.000679021,-0.000666609,-0.00065354,-0.000639799,-0.000625362,-0.000610196,-0.000594298,-0.000577638,-0.000560213,-0.000541978,-0.000522935,-0.000503051,-0.000482313,-0.000460678,-0.000438156,-0.000414718,-0.000390326,-0.000364976,-0.000338651,-0.000311311,-0.00028295,-0.000253539,-0.000223055,-0.000191475,-0.000158778,-0.000124936,-8.99319e-05,-5.37353e-05,-1.63186e-05,2.23375e-05,6.22805e-05,0.000103526,0.000146092,0.000190027,0.000235354,0.000282092,0.0003303,0.000379991,0.000431201,0.000483967,0.000538321,0.000594285,0.000651899,0.000711176,0.000772166,0.000834872,0.00089933,0.000965529,0.0010335,0.00110323,0.00117472,0.00124794,0.00132287,0.00139946,0.00147764,0.00155734,0.00163848,0.00172091,0.00180449,0.00188907,0.00197439,0.00206028,0.00214642,0.00223255,0.0023183,0.00240332,0.00248719,0.00256949,0.00264973,0.00272743,0.00280207,0.00287312,0.00294005,0.00300232,0.00305941,0.00311081,0.00315605,0.0031947,0.00322639,0.00325079,0.00326771,0.00327707,0.003279,0.00327894
-0.000813135,-0.000813052,-0.000814291,-0.000815368,-0.000816312,-0.000817133,-0.000817831,-0.000818408,-0.000818856,-0.000819181,-0.00081937,-0.000819422,-0.000819336,-0.000819101,-0.000818715,-0.000818171,-0.000817456,-0.00081657,-0.000815498,-0.000814237,-0.000812774,-0.0008111,-0.000809208,-0.000807082,-0.000804719,-0.000802103,-0.000799216,-0.000796053,-0.000792607,-0.000788851,-0.000784772,-0.000780366,-0.000775607,-0.000770495,-0.000765003,-0.000759115,-0.000752812,-0.000746082,-0.000738911,-0.000731278,-0.000723164,-0.000714557,-0.000705434,-0.000695772,-0.000685556,-0.000674774,-0.000663399,-0.000651414,-0.000638803,-0.000625552,-0.000611628,-0.000597016,-0.000581705,-0.000565662,-0.000548872,-0.000531335,-0.000512998,-0.000493865,-0.000473915,-0.00045312,-0.000431456,-0.000408918,-0.000385473,-0.000361111,-0.000335808,-0.000309537,-0.000282296,-0.000254041,-0.000224771,-0.000194452,-0.000163066,-0.000130586,-9.69918e-05,-6.22685e-05,-2.63863e-05,1.06791e-05,4.89528e-05,8.84703e-05,0.000129244,0.000171299,0.00021467,0.000259387,0.000305457,0.000352932,0.000401838,0.000452191,0.000504028,0.000557366,0.000612225,0.000668647,0.000726642,0.000786228,0.000847428,0.000910243,0.000974679,0.00104073,0.0011084,0.00117767,0.0012485,0.00132086,0.00139469,0.00146992,0.00154647,0.00162423,0.00170309,0.00178287,0.00186343,0.00194454,0.002026,0.00210753,0.00218885,0.00226965,0.00234957,0.00242824,0.00250526,0.0025802,0.00265261,0.00272204,0.00278798,0.00285,0.0029076,0.00296031,0.00300769,0.00304935,0.00308488,0.00311398,0.00313635,0.00315184,0.00316037,0.00316205,0.00316199
-0.00079412,-0.000794038,-0.00079524,-0.000796274,-0.000797167,-0.000797927,-0.000798563,-0.000799065,-0.000799434,-0.000799663,-0.000799759,-0.000799706,-0.000799499,-0.000799143,-0.000798624,-0.000797932,-0.00079707,-0.000796026,-0.000794787,-0.000793354,-0.000791717,-0.00078986,-0.000787775,-0.000785453,-0.000782887,-0.000780063,-0.000776967,-0.000773586,-0.000769922,-0.000765942,-0.000761635,-0.000757,-0.000752013,-0.000746662,-0.000740934,-0.000734809,-0.000728276,-0.000721313,-0.00071391,-0.000706043,-0.000697707,-0.00068887,-0.000679525,-0.000669647,-0.000659231,-0.000648241,-0.000636673,-0.000624505,-0.000611711,-0.000598284,-0.000584205,-0.000569444,-0.000553999,-0.000537836,-0.00052093,-0.0005033,-0.000484884,-0.000465679,-0.000445682,-0.000424847,-0.000403176,-0.000380635,-0.000357219,-0.000332897,-0.000307663,-0.000281477,-0.000254342,-0.000226227,-0.00019711,-0.000166983,-0.000135814,-0.000103575,-7.02515e-05,-3.5839e-05,-2.92931e-07,3.6393e-05,7.42601e-05,0.000113319,0.0001536,0.000195111,0.000237894,0.000281959,0.00032734,0.000374057,0.000422141,0.000471601,0.000522473,0.00057477,0.000628501,0.000683709,0.000740385,0.000798564,0.000858228,0.000919401,0.000982055,0.0010462,0.00111182,0.00117888,0.00124736,0.00131718,0.00138831,0.00146066,0.00153415,0.00160867,0.00168408,0.00176023,0.00183696,0.00191407,0.00199134,0.00206853,0.00214535,0.00222151,0.00229669,0.00237053,0.00244269,0.00251276,0.00258033,0.00264499,0.0027063,0.00276385,0.0028172,0.00286597,0.00290975,0.00294818,0.00298092,0.00300768,0.00302825,0.00304244,0.00305024,0.0030517,0.00305165
-0.000775313,-0.000775232,-0.0007764,-0.000777396,-0.000778242,-0.000778945,-0.000779514,-0.000779945,-0.000780234,-0.000780374,-0.000780368,-0.000780214,-0.000779897,-0.000779417,-0.000778767,-0.000777947,-0.000776942,-0.000775749,-0.000774358,-0.000772762,-0.000770952,-0.00076892,-0.000766655,-0.000764151,-0.000761392,-0.000758372,-0.000755078,-0.000751493,-0.000747613,-0.000743423,-0.000738906,-0.000734052,-0.000728849,-0.000723275,-0.000717329,-0.000710988,-0.000704232,-0.00069705,-0.000689427,-0.000681353,-0.0006728,-0.00066376,-0.000654213,-0.000644144,-0.000633526,-0.000622355,-0.00061061,-0.000598274,-0.000585318,-0.000571738,-0.000557517,-0.000542629,-0.000527059,-0.000510794,-0.0004938,-0.000476087,-0.000457615,-0.000438363,-0.000418327,-0.000397477,-0.000375816,-0.000353302,-0.000329922,-0.000305665,-0.000280514,-0.00025444,-0.000227431,-0.000199471,-0.000170538,-0.000140615,-0.000109684,-7.77152e-05,-4.46868e-05,-1.05996e-05,2.45755e-05,6.08716e-05,9.83013e-05,0.000136878,0.000176634,0.000217581,0.000259742,0.000303137,0.000347794,0.00039373,0.000440966,0.000489512,0.000539394,0.00059062,0.000643212,0.000697187,0.000752528,0.000809272,0.000867409,0.000926923,0.000987816,0.00105006,0.00111364,0.00117853,0.00124468,0.00131204,0.00138052,0.00145008,0.0015206,0.00159198,0.00166409,0.00173676,0.00180986,0.00188317,0.00195647,0.00202956,0.00210217,0.002174,0.00224478,0.00231417,0.00238183,0.00244741,0.00251054,0.00257084,0.00262791,0.0026814,0.00273093,0.00277613,0.00281665,0.00285216,0.00288239,0.00290707,0.00292601,0.00293906,0.00294618,0.00294746,0.00294741
-0.000756719,-0.00075664,-0.000757771,-0.000758725,-0.000759523,-0.000760178,-0.000760682,-0.000761042,-0.000761251,-0.000761316,-0.000761225,-0.000760967,-0.00076054,-0.000759947,-0.000759175,-0.000758226,-0.000757084,-0.000755748,-0.000754212,-0.00075246,-0.000750488,-0.000748292,-0.000745857,-0.000743174,-0.000740234,-0.000737027,-0.000733542,-0.000729767,-0.000725684,-0.000721296,-0.000716578,-0.000711518,-0.000706112,-0.000700337,-0.000694181,-0.000687634,-0.000680677,-0.000673291,-0.000665472,-0.000657193,-0.000648448,-0.00063922,-0.000629486,-0.000619227,-0.000608443,-0.000597104,-0.000585199,-0.000572709,-0.000559617,-0.000545899,-0.000531554,-0.000516551,-0.000500882,-0.000484527,-0.000467466,-0.000449686,-0.000431167,-0.000411894,-0.000391835,-0.000371,-0.000349354,-0.000326883,-0.000303569,-0.000279389,-0.000254344,-0.000228392,-0.000201541,-0.000173754,-0.00014502,-0.000115326,-8.46434e-05,-5.297e-05,-2.02589e-05,1.34781e-05,4.82753e-05,8.41439e-05,0.000121113,0.000159186,0.0001984,0.000238752,0.000280276,0.00032298,0.000366889,0.000412023,0.000458386,0.000505993,0.000554871,0.000605011,0.000656448,0.000709174,0.000763172,0.000818477,0.000875074,0.00093294,0.000992075,0.00105244,0.00111402,0.00117677,0.00124063,0.00130558,0.0013715,0.00143835,0.001506,0.00157437,0.00164331,0.00171267,0.00178229,0.001852,0.00192158,0.00199082,0.00205947,0.00212727,0.00219394,0.00225918,0.0023227,0.00238414,0.00244319,0.00249949,0.00255272,0.00260252,0.00264856,0.00269051,0.00272808,0.00276097,0.00278893,0.00281174,0.00282921,0.00284123,0.00284775,0.00284886,0.00284882
-0.000738342,-0.000738263,-0.000739365,-0.000740282,-0.000741035,-0.000741633,-0.000742078,-0.000742372,-0.000742512,-0.00074249,-0.000742307,-0.000741956,-0.000741428,-0.000740725,-0.00073984,-0.000738766,-0.000737494,-0.000736024,-0.000734342,-0.000732448,-0.000730324,-0.000727968,-0.000725374,-0.000722524,-0.000719415,-0.000716029,-0.000712361,-0.00070841,-0.000704145,-0.000699564,-0.00069466,-0.000689406,-0.000683805,-0.000677841,-0.000671495,-0.000664753,-0.000657606,-0.000650033,-0.000642025,-0.000633568,-0.000624643,-0.000615239,-0.000605332,-0.00059491,-0.000583966,-0.000572478,-0.00056043,-0.0005478,-0.00053458,-0.000520748,-0.000506294,-0.000491198,-0.000475449,-0.000459021,-0.000441904,-0.00042408,-0.000405532,-0.000386246,-0.00036619,-0.000345381,-0.000323777,-0.000301361,-0.000278127,-0.000254055,-0.00022912,-0.000203319,-0.000176633,-0.00014904,-0.000120527,-9.10828e-05,-6.0672e-05,-2.92988e-05,3.06536e-06,3.64349e-05,7.08301e-05,0.000106257,0.000142739,0.000180297,0.000218944,0.000258683,0.000299547,0.000341542,0.000384685,0.000428993,0.000474468,0.000521127,0.000568983,0.00061803,0.000668293,0.00071976,0.000772418,0.000826287,0.000881346,0.000937578,0.000994964,0.00105348,0.00111308,0.00117373,0.00123537,0.00129796,0.0013614,0.00142562,0.00149052,0.00155599,0.00162189,0.00168809,0.00175443,0.00182071,0.00188678,0.0019524,0.00201735,0.00208138,0.00214423,0.00220563,0.00226531,0.00232294,0.00237824,0.00243088,0.00248058,0.002527,0.00256987,0.00260889,0.00264378,0.00267429,0.0027002,0.00272131,0.00273747,0.00274856,0.00275454,0.00275551,0.00275546
-0.000720185,-0.000720107,-0.000721176,-0.000722055,-0.000722764,-0.000723314,-0.000723705,-0.000723934,-0.000724001,-0.000723903,-0.000723632,-0.00072319,-0.000722569,-0.000721761,-0.000720766,-0.000719573,-0.000718178,-0.00071658,-0.000714762,-0.000712726,-0.000710461,-0.000707957,-0.000705204,-0.000702198,-0.000698926,-0.000695377,-0.000691545,-0.000687413,-0.000682979,-0.000678222,-0.000673138,-0.000667712,-0.000661932,-0.000655788,-0.00064926,-0.000642343,-0.000635017,-0.000627269,-0.000619095,-0.000610465,-0.000601377,-0.000591808,-0.000581749,-0.000571184,-0.000560092,-0.000548467,-0.000536287,-0.000523539,-0.00051021,-0.000496276,-0.000481735,-0.00046656,-0.00045074,-0.000434259,-0.000417103,-0.000399251,-0.000380691,-0.000361407,-0.000341382,-0.000320601,-0.000299059,-0.000276717,-0.000253578,-0.000229625,-0.000204832,-0.000179186,-0.000152688,-0.000125305,-9.70319e-05,-6.78478e-05,-3.77335e-05,-6.68338e-06,2.53257e-05,5.8308e-05,9.22817e-05,0.000127251,0.00016323,0.000200252,0.000238305,0.000277427,0.000317614,0.000358883,0.000401237,0.000444711,0.00048929,0.000534983,0.000581804,0.000629748,0.000678837,0.000729042,0.00078036,0.000832798,0.000886338,0.000940944,0.000996615,0.0010533,0.00111096,0.00116955,0.00122903,0.00128933,0.00135037,0.00141204,0.00147429,0.00153699,0.00159999,0.00166317,0.00172638,0.00178945,0.00185221,0.00191441,0.00197589,0.0020364,0.0020957,0.00215354,0.00220965,0.00226376,0.00231561,0.0023649,0.00241136,0.00245471,0.00249468,0.00253102,0.00256348,0.00259184,0.00261589,0.00263547,0.00265043,0.00266067,0.00266618,0.00266701,0.00266697
-0.000702251,-0.000702175,-0.000703213,-0.000704058,-0.000704727,-0.000705227,-0.000705562,-0.000705731,-0.000705731,-0.000705555,-0.000705204,-0.000704674,-0.000703958,-0.000703054,-0.000701951,-0.000700648,-0.000699135,-0.000697415,-0.000695473,-0.000693304,-0.000690903,-0.000688258,-0.000685361,-0.000682205,-0.00067878,-0.000675072,-0.000671086,-0.000666795,-0.000662195,-0.000657274,-0.000652021,-0.000646432,-0.000640485,-0.000634173,-0.000627479,-0.000620397,-0.000612909,-0.000605002,-0.000596662,-0.000587882,-0.000578639,-0.000568923,-0.00055873,-0.000548027,-0.000536801,-0.000525056,-0.000512767,-0.000499912,-0.000486491,-0.000472469,-0.000457854,-0.000442619,-0.000426748,-0.000410229,-0.000393046,-0.000375183,-0.000356626,-0.000337364,-0.000317375,-0.000296648,-0.000275177,-0.000252928,-0.000229903,-0.000206079,-0.00018144,-0.000155976,-0.000129677,-0.000102525,-7.45e-05,-4.55952e-05,-1.5795e-05,1.49202e-05,4.65557e-05,7.91335e-05,0.000112668,0.000147155,0.000182634,0.000219095,0.00025655,0.000295031,0.000334523,0.000375052,0.000416617,0.000459235,0.000502907,0.000547631,0.000593415,0.000640254,0.000688158,0.000737113,0.000787096,0.000838109,0.000890141,0.000943152,0.000997123,0.00105201,0.00110777,0.00116437,0.00122174,0.00127982,0.00133852,0.00139776,0.00145746,0.00151749,0.00157773,0.00163804,0.00169829,0.00175831,0.00181793,0.00187694,0.00193516,0.00199239,0.00204837,0.0021029,0.00215572,0.00220659,0.00225525,0.00230145,0.00234494,0.00238547,0.0024228,0.00245669,0.00248694,0.00251334,0.00253571,0.0025539,0.00256777,0.00257725,0.00258232,0.00258304,0.002583
-0.000684546,-0.000684471,-0.000685481,-0.000686288,-0.000686916,-0.000687371,-0.000687654,-0.000687764,-0.000687698,-0.000687454,-0.000687027,-0.000686409,-0.000685603,-0.000684602,-0.000683404,-0.000681993,-0.000680373,-0.000678537,-0.000676471,-0.000674182,-0.000671647,-0.000668871,-0.000665838,-0.000662542,-0.000658972,-0.000655121,-0.000650982,-0.000646543,-0.000641791,-0.000636718,-0.000631311,-0.000625562,-0.000619458,-0.000612987,-0.000606142,-0.000598906,-0.00059127,-0.000583217,-0.000574731,-0.000565807,-0.000556429,-0.000546582,-0.00053626,-0.000525435,-0.000514103,-0.000502253,-0.000489861,-0.000476915,-0.000463408,-0.000449318,-0.000434645,-0.000419362,-0.000403454,-0.00038691,-0.000369716,-0.000351861,-0.000333324,-0.000314095,-0.000294158,-0.0002735,-0.000252113,-0.000229976,-0.000207074,-0.000183396,-0.000158928,-0.00013366,-0.000107575,-8.06665e-05,-5.29043e-05,-2.43009e-05,5.17876e-06,3.55386e-05,6.67938e-05,9.89507e-05,0.000132024,0.00016603,0.000200977,0.00023687,0.000273725,0.000311541,0.000350334,0.000390113,0.00043087,0.000472636,0.000515384,0.00055914,0.00060388,0.00064962,0.000696345,0.00074405,0.000792704,0.000842319,0.00089286,0.000944297,0.000996597,0.00104973,0.00110364,0.00115829,0.00121361,0.00126954,0.00132599,0.00138289,0.00144014,0.00149762,0.00155522,0.00161282,0.00167025,0.00172738,0.00178404,0.00184006,0.00189524,0.00194938,0.00200228,0.00205373,0.0021035,0.00215136,0.00219709,0.00224044,0.00228121,0.00231915,0.00235406,0.00238572,0.00241394,0.00243855,0.00245939,0.00247631,0.0024892,0.00249799,0.00250267,0.00250329,0.00250325
-0.000667072,-0.000666998,-0.000667977,-0.000668755,-0.000669344,-0.000669753,-0.000669989,-0.000670044,-0.000669916,-0.000669601,-0.000669099,-0.000668406,-0.000667515,-0.000666424,-0.000665124,-0.000663614,-0.000661894,-0.000659947,-0.000657771,-0.000655361,-0.000652704,-0.0006498,-0.000646637,-0.000643208,-0.000639504,-0.000635517,-0.000631236,-0.000626655,-0.000621759,-0.000616541,-0.000610995,-0.000605102,-0.000598854,-0.000592242,-0.000585253,-0.000577875,-0.000570098,-0.00056191,-0.000553293,-0.00054424,-0.000534737,-0.000524775,-0.000514334,-0.000503403,-0.000491975,-0.000480029,-0.000467551,-0.00045453,-0.000440957,-0.000426814,-0.000412091,-0.000396774,-0.000380846,-0.000364289,-0.000347103,-0.000329263,-0.000310764,-0.000291583,-0.000271709,-0.000251139,-0.000229848,-0.000207834,-0.000185072,-0.000161558,-0.000137273,-0.000112211,-8.63556e-05,-5.97006e-05,-3.22242e-05,-3.92474e-06,2.52221e-05,5.52083e-05,8.60664e-05,0.000117793,0.0001504,0.000183905,0.000218312,0.000253626,0.000289858,0.000327008,0.000365096,0.000404114,0.000444068,0.000484962,0.000526796,0.00056957,0.00061328,0.000657918,0.000703473,0.00074994,0.000797282,0.000845507,0.000894577,0.000944471,0.00099514,0.00104655,0.00109866,0.00115141,0.00120475,0.0012586,0.00131289,0.00136753,0.00142243,0.00147748,0.00153257,0.00158757,0.00164235,0.00169675,0.00175063,0.00180381,0.00185614,0.00190741,0.00195744,0.00200602,0.00205295,0.00209803,0.00214104,0.00218178,0.00222004,0.0022556,0.00228829,0.00231791,0.00234428,0.00236726,0.0023867,0.00240247,0.00241447,0.00242263,0.00242695,0.00242748,0.00242744
-0.000649828,-0.000649755,-0.000650707,-0.000651454,-0.000652005,-0.000652375,-0.000652562,-0.000652562,-0.000652373,-0.000651996,-0.000651425,-0.000650656,-0.000649686,-0.000648511,-0.000647123,-0.000645519,-0.000643692,-0.000641645,-0.00063936,-0.000636838,-0.000634071,-0.000631049,-0.000627763,-0.00062421,-0.000620381,-0.000616263,-0.000611851,-0.000607133,-0.000602103,-0.000596756,-0.000591071,-0.000585043,-0.000578663,-0.000571921,-0.000564803,-0.000557294,-0.000549389,-0.000541077,-0.000532345,-0.000523172,-0.00051356,-0.00050349,-0.000492949,-0.000481923,-0.000470408,-0.000458381,-0.000445835,-0.00043275,-0.000419124,-0.000404938,-0.000390183,-0.000374844,-0.000358906,-0.000342357,-0.000325188,-0.000307379,-0.000288922,-0.000269805,-0.000250016,-0.000229537,-0.000208363,-0.000186481,-0.000163872,-0.000140534,-0.000116447,-9.16034e-05,-6.59908e-05,-3.96032e-05,-1.24195e-05,1.55582e-05,4.43555e-05,7.39654e-05,0.000104415,0.000135697,0.000167833,0.000200824,0.000234677,0.000269403,0.000305009,0.000341488,0.000378849,0.000417114,0.000456252,0.000496282,0.000537195,0.000579001,0.000621673,0.000665217,0.000709611,0.000754848,0.000800903,0.000847761,0.000895392,0.000943763,0.000992843,0.00104258,0.00109294,0.00114385,0.00119526,0.00124711,0.00129931,0.00135179,0.00140444,0.00145717,0.00150986,0.0015624,0.00161465,0.00166648,0.00171773,0.00176827,0.00181791,0.0018665,0.00191384,0.00195975,0.00200405,0.00204655,0.00208705,0.00212537,0.00216131,0.00219469,0.00222534,0.00225309,0.00227777,0.00229926,0.00231742,0.00233213,0.00234331,0.00235091,0.00235491,0.00235535,0.00235531
-0.000632828,-0.000632756,-0.000633682,-0.000634396,-0.000634914,-0.000635242,-0.000635379,-0.000635325,-0.000635083,-0.000634643,-0.000634008,-0.000633166,-0.00063212,-0.000630862,-0.000629389,-0.000627696,-0.000625777,-0.000623631,-0.000621249,-0.00061862,-0.000615738,-0.000612606,-0.00060921,-0.000605541,-0.00060159,-0.000597355,-0.000592821,-0.000587977,-0.000582826,-0.000577354,-0.000571547,-0.000565393,-0.000558891,-0.000552027,-0.000544785,-0.00053716,-0.000529143,-0.000520717,-0.000511875,-0.000502601,-0.00049289,-0.000482725,-0.000472091,-0.000460985,-0.000449395,-0.000437301,-0.000424696,-0.000411559,-0.000397894,-0.000383683,-0.000368906,-0.000353557,-0.000337622,-0.000321092,-0.00030395,-0.000286186,-0.00026779,-0.000248747,-0.000229048,-0.000208683,-0.000187634,-0.000165895,-0.000143455,-0.000120302,-9.64235e-05,-7.18145e-05,-4.64531e-05,-2.03457e-05,6.53394e-06,3.41838e-05,6.26163e-05,9.18403e-05,0.00012187,0.0001527,0.000184349,0.00021682,0.000250117,0.000284248,0.000319216,0.000355021,0.000391663,0.000429155,0.000467482,0.000506649,0.000546649,0.000587479,0.000629127,0.000671583,0.000714833,0.000758858,0.000803638,0.000849154,0.000895373,0.000942259,0.00098978,0.00103789,0.00108654,0.00113567,0.00118523,0.00123514,0.00128534,0.00133574,0.00138624,0.00143675,0.00148716,0.00153736,0.00158722,0.00163662,0.00168541,0.00173345,0.00178058,0.00182664,0.00187147,0.0019149,0.00195675,0.00199685,0.00203504,0.00207112,0.00210493,0.0021363,0.00216508,0.0021911,0.00221424,0.00223436,0.00225134,0.00226509,0.00227553,0.0022826,0.0022863,0.00228667,0.00228663
-0.000616065,-0.000615994,-0.000616892,-0.000617574,-0.000618062,-0.00061835,-0.000618442,-0.000618342,-0.000618044,-0.000617544,-0.000616845,-0.000615937,-0.000614819,-0.000613485,-0.00061193,-0.000610155,-0.000608151,-0.000605911,-0.000603432,-0.000600705,-0.000597725,-0.000594487,-0.000590982,-0.000587203,-0.000583143,-0.000578793,-0.000574146,-0.000569193,-0.000563927,-0.000558333,-0.000552409,-0.000546149,-0.000539532,-0.000532551,-0.000525203,-0.000517473,-0.000509349,-0.00050082,-0.000491878,-0.000482514,-0.000472715,-0.000462464,-0.00045176,-0.000440583,-0.000428928,-0.000416778,-0.000404124,-0.000390949,-0.00037726,-0.000363031,-0.000348247,-0.0003329,-0.000316981,-0.000300478,-0.000283381,-0.000265675,-0.000247345,-0.000228394,-0.000208796,-0.000188549,-0.000167641,-0.00014606,-0.000123798,-0.000100839,-7.71846e-05,-5.28137e-05,-2.77174e-05,-1.89986e-06,2.46644e-05,5.19756e-05,8.00356e-05,0.000108867,0.000138465,0.000168838,0.000199991,0.000231938,0.000264671,0.0002982,0.000332527,0.000367653,0.000403574,0.000440298,0.000477812,0.000516117,0.000555207,0.00059507,0.000635703,0.000677084,0.000719201,0.000762036,0.000805564,0.000849762,0.000894598,0.000940035,0.000986041,0.00103256,0.00107956,0.00112697,0.00117474,0.00122279,0.00127106,0.00131946,0.00136791,0.0014163,0.00146454,0.00151253,0.00156013,0.00160723,0.00165369,0.00169938,0.00174415,0.00178785,0.00183034,0.00187145,0.00191103,0.00194891,0.00198493,0.00201895,0.00205078,0.00208029,0.00210734,0.00213179,0.0021535,0.00217236,0.00218827,0.00220114,0.00221089,0.0022175,0.00222093,0.00222123,0.0022212
-0.000599543,-0.000599473,-0.000600349,-0.000601004,-0.000601454,-0.000601705,-0.000601758,-0.000601611,-0.000601262,-0.00060071,-0.000599947,-0.000598976,-0.000597789,-0.000596383,-0.00059475,-0.000592893,-0.000590808,-0.000588481,-0.000585909,-0.000583089,-0.000580015,-0.000576677,-0.000573072,-0.000569192,-0.000565028,-0.000560574,-0.000555823,-0.000550766,-0.000545393,-0.000539692,-0.000533666,-0.000527295,-0.000520577,-0.000513496,-0.000506046,-0.000498215,-0.000489999,-0.000481382,-0.00047236,-0.000462914,-0.000453034,-0.00044271,-0.000431935,-0.000420703,-0.000408995,-0.000396802,-0.000384114,-0.000370916,-0.000357205,-0.000342966,-0.000328189,-0.000312858,-0.000296965,-0.000280503,-0.000263459,-0.000245821,-0.000227578,-0.00020872,-0.000189237,-0.000169123,-0.000148364,-0.00012695,-0.000104872,-8.21275e-05,-5.86977e-05,-3.45787e-05,-9.75688e-06,1.57632e-05,4.20007e-05,6.89639e-05,9.66487e-05,0.000125071,0.000154236,0.000184141,0.000214798,0.000246209,0.000278377,0.000311303,0.000344989,0.000379431,0.000414632,0.000450588,0.000487294,0.000524742,0.000562923,0.000601835,0.000641458,0.000681783,0.000722783,0.000764445,0.000806748,0.000849653,0.000893142,0.000937165,0.000981698,0.00102668,0.00107207,0.00111782,0.00116386,0.00121012,0.00125654,0.00130303,0.00134951,0.00139589,0.00144207,0.00148795,0.00153341,0.00157833,0.0016226,0.00166608,0.00170864,0.00175014,0.00179044,0.00182938,0.00186683,0.00190265,0.00193667,0.00196876,0.00199877,0.00202658,0.00205203,0.00207502,0.00209542,0.00211313,0.00212805,0.00214011,0.00214924,0.0021554,0.00215859,0.00215883,0.0021588
-0.000583267,-0.000583198,-0.000584049,-0.000584677,-0.000585095,-0.000585312,-0.000585325,-0.000585134,-0.000584735,-0.000584128,-0.00058331,-0.000582278,-0.000581026,-0.00057955,-0.000577851,-0.000575919,-0.000573749,-0.000571341,-0.000568685,-0.000565778,-0.000562618,-0.000559188,-0.000555489,-0.000551516,-0.000547258,-0.000542706,-0.000537858,-0.000532696,-0.000527226,-0.000521433,-0.000515309,-0.000508839,-0.00050202,-0.000494852,-0.000487316,-0.000479399,-0.000471097,-0.000462399,-0.000453297,-0.000443779,-0.000433831,-0.000423451,-0.000412619,-0.000401338,-0.000389592,-0.000377367,-0.000364651,-0.000351437,-0.000337718,-0.000323483,-0.00030872,-0.000293418,-0.000277564,-0.000261154,-0.000244168,-0.000226611,-0.000208461,-0.000189711,-0.000170355,-0.00015038,-0.00012978,-0.000108545,-8.66688e-05,-6.41363e-05,-4.09461e-05,-1.70843e-05,7.45094e-06,3.26664e-05,5.85733e-05,8.51785e-05,0.00011248,0.000140489,0.000169212,0.00019865,0.000228802,0.000259675,0.000291276,0.000323596,0.000356637,0.000390399,0.000424879,0.000460073,0.000495972,0.000532568,0.000569855,0.000607824,0.000646456,0.000685734,0.000725641,0.000766153,0.000807246,0.000848894,0.000891062,0.000933713,0.000976808,0.0010203,0.00106415,0.00110829,0.00115266,0.0011972,0.00124185,0.00128651,0.00133112,0.00137558,0.00141979,0.00146367,0.0015071,0.00154997,0.00159216,0.00163357,0.00167405,0.00171347,0.00175172,0.00178865,0.00182413,0.00185802,0.00189018,0.0019205,0.00194882,0.00197503,0.00199902,0.00202065,0.00203984,0.00205649,0.00207051,0.00208183,0.00209039,0.00209615,0.0020991,0.0020993,0.00209927
-0.000567236,-0.000567168,-0.000567996,-0.0005686,-0.000568988,-0.000569169,-0.000569144,-0.000568912,-0.000568469,-0.000567812,-0.00056694,-0.000565847,-0.000564534,-0.000562993,-0.000561224,-0.000559225,-0.000556983,-0.000554499,-0.000551764,-0.000548775,-0.00054553,-0.00054202,-0.000538232,-0.00053417,-0.000529818,-0.000525178,-0.000520237,-0.000514991,-0.000509429,-0.000503547,-0.00049733,-0.000490775,-0.000483874,-0.000476622,-0.000469002,-0.000461007,-0.000452629,-0.00044386,-0.00043469,-0.000425109,-0.000415109,-0.000404673,-0.000393799,-0.00038248,-0.000370704,-0.000358457,-0.000345727,-0.000332508,-0.000318794,-0.000304572,-0.000289829,-0.000274564,-0.00025876,-0.000242409,-0.0002255,-0.000208029,-0.00018998,-0.00017135,-0.00015213,-0.000132305,-0.000111873,-9.0825e-05,-6.91517e-05,-4.68445e-05,-2.39e-05,-3.09785e-07,2.39342e-05,4.88391e-05,7.44076e-05,0.00010065,0.000127562,0.000155151,0.000183429,0.000212389,0.000242041,0.000272373,0.000303401,0.000335117,0.000367516,0.000400597,0.000434359,0.000468798,0.000503895,0.000539649,0.000576056,0.000613088,0.000650743,0.000688993,0.000727823,0.000767209,0.000807126,0.000847541,0.000888428,0.000929741,0.000971448,0.0010135,0.00105585,0.00109843,0.00114121,0.0011841,0.00122704,0.00126995,0.00131277,0.0013554,0.00139775,0.00143973,0.00148123,0.00152216,0.0015624,0.00160185,0.00164038,0.00167786,0.00171419,0.00174924,0.00178287,0.00181497,0.00184541,0.00187406,0.00190082,0.00192556,0.00194818,0.00196858,0.00198665,0.00200231,0.0020155,0.00202613,0.00203416,0.00203955,0.00204231,0.00204245,0.00204243
-0.000551457,-0.00055139,-0.000552194,-0.000552772,-0.000553132,-0.000553282,-0.000553222,-0.00055295,-0.000552461,-0.00055176,-0.000550836,-0.000549692,-0.000548319,-0.000546718,-0.000544884,-0.000542811,-0.000540503,-0.000537947,-0.000535143,-0.000532082,-0.000528756,-0.000525164,-0.000521296,-0.000517149,-0.000512719,-0.000507995,-0.000502971,-0.000497641,-0.000491998,-0.000486032,-0.000479733,-0.000473101,-0.000466125,-0.000458795,-0.000451103,-0.000443035,-0.000434592,-0.000425764,-0.000416535,-0.000406901,-0.000396852,-0.000386377,-0.000375465,-0.00036412,-0.000352322,-0.000340062,-0.000327326,-0.000314114,-0.000300411,-0.000286215,-0.000271506,-0.000256284,-0.00024054,-0.000224257,-0.000207433,-0.000190059,-0.000172125,-0.00015362,-0.000134541,-0.000114875,-9.4621e-05,-7.37657e-05,-5.2308e-05,-3.02334e-05,-7.5424e-06,1.57736e-05,3.97198e-05,6.43052e-05,8.95308e-05,0.000115404,0.00014192,0.000169091,0.000196915,0.0002254,0.000254542,0.000284339,0.000314794,0.000345903,0.000377662,0.000410069,0.000443117,0.000476802,0.000511108,0.000546032,0.00058156,0.000617677,0.000654368,0.000691613,0.00072939,0.000767673,0.000806438,0.000845658,0.000885291,0.00092531,0.000965668,0.00100633,0.00104722,0.00108832,0.00112955,0.00117085,0.00121216,0.00125341,0.00129451,0.0013354,0.00137597,0.00141615,0.00145584,0.00149494,0.00153334,0.00157094,0.00160763,0.00164329,0.00167782,0.0017111,0.00174301,0.00177344,0.00180227,0.00182939,0.00185469,0.00187807,0.00189943,0.00191867,0.00193571,0.00195047,0.00196288,0.00197288,0.00198042,0.00198548,0.00198804,0.00198815,0.00198812
-0.000535929,-0.000535863,-0.000536648,-0.000537198,-0.00053753,-0.00053765,-0.000537555,-0.000537243,-0.000536716,-0.000535967,-0.000534995,-0.000533798,-0.000532371,-0.000530712,-0.000528821,-0.000526693,-0.000524319,-0.000521698,-0.000518819,-0.000515688,-0.000512289,-0.000508623,-0.000504681,-0.000500462,-0.000495956,-0.000491151,-0.000486053,-0.000480647,-0.000474929,-0.000468889,-0.000462523,-0.000455815,-0.000448766,-0.000441369,-0.000433609,-0.000425479,-0.000416982,-0.000408101,-0.000398825,-0.000389149,-0.00037906,-0.000368552,-0.000357616,-0.000346244,-0.000334435,-0.000322172,-0.000309442,-0.000296243,-0.000282566,-0.000268397,-0.000253737,-0.00023857,-0.00022289,-0.000206686,-0.000189952,-0.000172685,-0.000154873,-0.000136502,-0.000117573,-9.8076e-05,-7.8004e-05,-5.73528e-05,-3.61156e-05,-1.42793e-05,8.15387e-06,3.11865e-05,5.48324e-05,7.90926e-05,0.000103971,0.000129466,0.000155588,0.000182333,0.000209708,0.000237711,0.000266344,0.000295601,0.000325487,0.000355992,0.000387116,0.000418849,0.00045119,0.000484132,0.000517657,0.00055176,0.000586425,0.00062164,0.000657385,0.000693642,0.000730389,0.000767594,0.000805239,0.000843287,0.000881713,0.000920473,0.000959525,0.000998828,0.00103833,0.00107798,0.00111773,0.00115752,0.00119727,0.00123691,0.00127639,0.00131561,0.0013545,0.00139297,0.00143093,0.0014683,0.00150496,0.00154082,0.00157579,0.00160974,0.00164259,0.00167421,0.00170451,0.00173338,0.00176071,0.0017864,0.00181034,0.00183246,0.00185264,0.00187081,0.0018869,0.00190082,0.00191252,0.00192194,0.00192903,0.00193378,0.00193617,0.00193624,0.00193621
-0.000520652,-0.000520587,-0.000521348,-0.000521878,-0.000522183,-0.000522272,-0.000522141,-0.000521793,-0.000521228,-0.00052044,-0.000519424,-0.000518178,-0.000516702,-0.000514993,-0.000513046,-0.000510855,-0.000508422,-0.000505736,-0.000502795,-0.000499596,-0.000496133,-0.000492401,-0.000488393,-0.000484099,-0.000479521,-0.000474652,-0.00046948,-0.000464004,-0.000458215,-0.000452108,-0.000445676,-0.000438909,-0.000431801,-0.000424345,-0.000416525,-0.000408341,-0.000399797,-0.000390871,-0.000381554,-0.00037184,-0.00036172,-0.00035119,-0.000340236,-0.000328851,-0.000317039,-0.000304781,-0.000292063,-0.000278886,-0.000265238,-0.000251115,-0.000236507,-0.000221401,-0.000205798,-0.00018968,-0.000173049,-0.000155893,-0.000138205,-0.000119979,-0.000101208,-8.18855e-05,-6.20061e-05,-4.15627e-05,-2.05493e-05,1.04045e-06,2.3209e-05,4.5956e-05,6.92933e-05,9.32224e-05,0.000117748,0.000142872,0.000168589,0.00019491,0.000221833,0.000249355,0.000277477,0.000306197,0.000335514,0.000365418,0.00039591,0.000426981,0.00045862,0.000490825,0.000523577,0.000556873,0.000590691,0.000625021,0.000659838,0.000695132,0.000730868,0.000767022,0.000803573,0.000840487,0.000877735,0.000915271,0.000953065,0.000991064,0.00102922,0.00106749,0.00110581,0.00114413,0.00118239,0.00122051,0.00125843,0.00129607,0.00133336,0.00137021,0.00140653,0.00144226,0.00147728,0.00151151,0.00154484,0.00157719,0.00160846,0.00163854,0.00166733,0.00169474,0.00172067,0.00174502,0.00176771,0.00178865,0.00180774,0.00182493,0.00184013,0.00185327,0.00186431,0.00187319,0.00187987,0.00188433,0.00188656,0.00188659,0.00188656
-0.00050563,-0.000505566,-0.000506308,-0.000506813,-0.000507094,-0.000507154,-0.000506995,-0.000506617,-0.000506009,-0.000505177,-0.00050412,-0.000502832,-0.00050131,-0.000499549,-0.00049755,-0.000495305,-0.000492813,-0.000490071,-0.000487072,-0.000483811,-0.000480285,-0.00047649,-0.000472416,-0.000468063,-0.000463421,-0.000458489,-0.000453254,-0.000447713,-0.000441863,-0.000435694,-0.000429199,-0.000422378,-0.000415214,-0.000407705,-0.000399837,-0.000391611,-0.000383024,-0.000374058,-0.000364711,-0.000354968,-0.000344829,-0.000334279,-0.000323319,-0.000311932,-0.000300121,-0.000287876,-0.000275183,-0.000262032,-0.000248425,-0.000234353,-0.000219802,-0.000204768,-0.000189246,-0.000173223,-0.0001567,-0.000139665,-0.000122111,-0.000104034,-8.54301e-05,-6.62857e-05,-4.66028e-05,-2.6372e-05,-5.59287e-06,1.57442e-05,3.76423e-05,6.00996e-05,8.31277e-05,0.000106724,0.000130894,0.000155639,0.000180955,0.000206847,0.000233318,0.000260359,0.000287975,0.00031616,0.000344909,0.000374217,0.000404084,0.000434494,0.000465444,0.000496923,0.000528915,0.000561414,0.0005944,0.000627863,0.000661772,0.000696116,0.000730868,0.000766,0.000801486,0.000837299,0.000873405,0.000909758,0.000946332,0.000983072,0.00101993,0.00105687,0.00109382,0.00113074,0.00116757,0.00120423,0.00124067,0.00127681,0.00131257,0.00134788,0.00138266,0.00141683,0.0014503,0.00148298,0.0015148,0.00154563,0.00157541,0.00160404,0.00163142,0.00165747,0.00168209,0.0017052,0.00172672,0.00174656,0.00176465,0.00178091,0.00179529,0.00180771,0.00181813,0.00182651,0.00183281,0.001837,0.00183909,0.00183909,0.00183906
-0.000490866,-0.000490802,-0.000491522,-0.000492006,-0.000492267,-0.000492301,-0.000492111,-0.000491694,-0.000491054,-0.000490188,-0.000489089,-0.000487755,-0.000486187,-0.000484384,-0.000482336,-0.000480045,-0.0004775,-0.000474705,-0.00047165,-0.000468333,-0.000464746,-0.000460892,-0.000456761,-0.000452348,-0.000447648,-0.000442657,-0.000437366,-0.000431772,-0.000425865,-0.000419644,-0.000413097,-0.000406223,-0.000399012,-0.000391455,-0.000383549,-0.000375281,-0.00036666,-0.000357666,-0.000348291,-0.00033853,-0.000328377,-0.000317819,-0.000306856,-0.000295478,-0.000283679,-0.000271451,-0.000258783,-0.000245673,-0.000232115,-0.000218096,-0.000203611,-0.000188656,-0.000173222,-0.000157304,-0.000140892,-0.000123986,-0.000106575,-8.86528e-05,-7.022e-05,-5.12601e-05,-3.17797e-05,-1.17682e-05,8.775e-06,2.98559e-05,5.1476e-05,7.36432e-05,9.63579e-05,0.000119619,0.00014343,0.000167794,0.00019271,0.000218173,0.000244192,0.000270756,0.000297865,0.00032552,0.000353707,0.000382424,0.000411669,0.00044143,0.0004717,0.00050246,0.000533705,0.000565423,0.000597593,0.0006302,0.000663224,0.000696646,0.000730438,0.000764572,0.000799025,0.000833767,0.000868764,0.000903979,0.000939368,0.000974896,0.00101051,0.00104616,0.00108181,0.00111739,0.00115284,0.00118811,0.00122314,0.00125784,0.00129215,0.001326,0.00135932,0.00139201,0.00142403,0.00145526,0.00148562,0.00151504,0.00154342,0.00157068,0.00159674,0.00162152,0.00164492,0.00166687,0.0016873,0.00170611,0.00172326,0.00173867,0.00175228,0.00176403,0.00177389,0.0017818,0.00178774,0.00179169,0.00179364,0.00179362,0.00179359
-0.000476359,-0.000476296,-0.000476999,-0.000477462,-0.000477695,-0.000477703,-0.000477486,-0.00047704,-0.00047637,-0.000475466,-0.000474329,-0.000472959,-0.000471347,-0.000469497,-0.000467404,-0.000465062,-0.000462471,-0.000459625,-0.000456521,-0.000453154,-0.000449519,-0.000445611,-0.000441428,-0.000436959,-0.000432207,-0.000427162,-0.00042182,-0.000416173,-0.000410218,-0.000403946,-0.000397351,-0.000390435,-0.000383182,-0.000375588,-0.000367648,-0.000359354,-0.000350701,-0.000341685,-0.000332293,-0.000322518,-0.000312358,-0.0003018,-0.000290841,-0.000279472,-0.000267693,-0.000255491,-0.000242863,-0.000229798,-0.000216289,-0.000202336,-0.000187924,-0.000173053,-0.000157716,-0.000141906,-0.000125616,-0.000108839,-9.15751e-05,-7.38174e-05,-5.55545e-05,-3.67905e-05,-1.75176e-05,2.26784e-06,2.25726e-05,4.33944e-05,6.47366e-05,8.66097e-05,0.000109004,0.000131929,0.000155382,0.000179365,0.000203876,0.000228918,0.000254483,0.000280571,0.000307179,0.000334302,0.000361935,0.000390068,0.000418703,0.000447819,0.000477414,0.000507472,0.00053798,0.000568933,0.000600304,0.000632079,0.000664235,0.000696754,0.000729612,0.000762775,0.000796227,0.000829933,0.000863858,0.000897964,0.000932218,0.000966571,0.00100098,0.00103541,0.00106979,0.00110408,0.00113823,0.00117217,0.00120584,0.00123918,0.00127212,0.00130459,0.00133651,0.00136783,0.00139845,0.0014283,0.00145731,0.00148539,0.00151246,0.00153844,0.00156327,0.00158684,0.00160911,0.00162997,0.00164937,0.00166724,0.00168351,0.00169812,0.00171102,0.00172215,0.00173148,0.00173896,0.00174457,0.00174829,0.00175012,0.00175007,0.00175005
-0.00046211,-0.000462048,-0.000462734,-0.000463177,-0.00046339,-0.00046337,-0.000463125,-0.000462653,-0.000461945,-0.000461009,-0.000459836,-0.000458429,-0.000456783,-0.000454893,-0.000452759,-0.000450374,-0.000447739,-0.000444848,-0.000441696,-0.000438281,-0.000434596,-0.000430641,-0.000426409,-0.000421892,-0.00041709,-0.000411994,-0.000406603,-0.00040091,-0.000394913,-0.000388603,-0.000381971,-0.000375017,-0.000367729,-0.000360099,-0.000352129,-0.000343813,-0.000335139,-0.000326108,-0.000316702,-0.00030692,-0.000296758,-0.000286208,-0.000275262,-0.000263915,-0.000252161,-0.000239994,-0.000227407,-0.000214391,-0.000200944,-0.000187058,-0.00017273,-0.000157949,-0.000142715,-0.000127016,-0.000110853,-9.42155e-05,-7.71002e-05,-5.95103e-05,-4.14266e-05,-2.28602e-05,-3.79746e-06,1.57582e-05,3.58187e-05,5.63801e-05,7.74418e-05,9.90144e-05,0.000121094,0.00014368,0.000166774,0.000190376,0.000214485,0.000239101,0.000264215,0.00028983,0.000315943,0.000342541,0.000369624,0.000397182,0.000425211,0.000453694,0.000482628,0.000511991,0.00054178,0.000571983,0.00060257,0.000633528,0.000664839,0.000696481,0.000728426,0.00076065,0.000793129,0.000825828,0.000858716,0.000891755,0.000924909,0.000958132,0.000991387,0.00102463,0.0010578,0.00109087,0.00112376,0.00115643,0.00118881,0.00122085,0.00125249,0.00128364,0.00131425,0.00134424,0.00137356,0.00140211,0.00142984,0.00145666,0.0014825,0.00150729,0.00153095,0.0015534,0.00157459,0.00159445,0.00161289,0.00162987,0.00164532,0.00165919,0.00167142,0.00168197,0.00169081,0.0016979,0.0017032,0.00170671,0.00170842,0.00170835,0.00170833
-0.000448119,-0.000448058,-0.000448725,-0.000449148,-0.000449339,-0.000449301,-0.000449031,-0.000448529,-0.000447794,-0.000446825,-0.000445621,-0.000444179,-0.000442497,-0.000440567,-0.000438394,-0.00043597,-0.000433293,-0.000430357,-0.000427163,-0.000423703,-0.000419976,-0.000415975,-0.0004117,-0.000407142,-0.000402296,-0.000397159,-0.000391731,-0.000385998,-0.00037996,-0.000373613,-0.00036695,-0.00035996,-0.000352641,-0.000344989,-0.000336997,-0.000328661,-0.000319971,-0.000310928,-0.000301517,-0.000291738,-0.000281578,-0.00027104,-0.000260113,-0.000248794,-0.000237071,-0.000224944,-0.000212403,-0.000199447,-0.000186066,-0.000172257,-0.000158013,-0.000143328,-0.000128199,-0.000112621,-9.65901e-05,-8.00965e-05,-6.31382e-05,-4.57178e-05,-2.78176e-05,-9.44969e-06,9.39565e-06,2.87249e-05,4.85345e-05,6.88321e-05,8.96113e-05,0.000110883,0.000132641,0.000154892,0.000177627,0.000200852,0.000224558,0.000248751,0.000273419,0.00029856,0.00032418,0.000350263,0.000376804,0.000403792,0.000431224,0.000459085,0.000487367,0.00051605,0.000545137,0.000574602,0.000604422,0.000634587,0.000665075,0.000695857,0.00072692,0.00075823,0.000789759,0.000821486,0.000853371,0.000885379,0.00091747,0.000949609,0.000981755,0.00101386,0.00104588,0.00107776,0.00110946,0.00114092,0.00117207,0.00120287,0.00123326,0.00126317,0.00129253,0.00132128,0.00134935,0.00137668,0.0014032,0.00142884,0.00145351,0.00147717,0.00149974,0.00152115,0.00154134,0.00156024,0.00157779,0.00159394,0.00160862,0.0016218,0.00163341,0.00164343,0.00165181,0.00165852,0.00166354,0.00166686,0.00166846,0.00166837,0.00166835
-0.00043439,-0.00043433,-0.000434979,-0.000435384,-0.000435554,-0.000435493,-0.000435202,-0.000434674,-0.000433911,-0.000432915,-0.000431678,-0.000430203,-0.000428486,-0.000426521,-0.000424312,-0.000421852,-0.000419135,-0.000416159,-0.000412922,-0.000409427,-0.000405661,-0.000401618,-0.000397303,-0.000392706,-0.00038783,-0.000382655,-0.000377188,-0.000371421,-0.000365352,-0.000358971,-0.000352276,-0.00034526,-0.000337919,-0.000330249,-0.00032224,-0.000313888,-0.000305189,-0.00029614,-0.000286729,-0.000276956,-0.000266812,-0.000256289,-0.000245385,-0.000234097,-0.000222413,-0.000210332,-0.000197848,-0.000184951,-0.000171645,-0.000157916,-0.000143764,-0.000129181,-0.000114163,-9.87078e-05,-8.28136e-05,-6.64676e-05,-4.96694e-05,-3.24211e-05,-1.47121e-05,3.45081e-06,2.20828e-05,4.11762e-05,6.07376e-05,8.07677e-05,0.000101269,0.000122236,0.000143675,0.000165587,0.000187963,0.00021081,0.000234118,0.00025789,0.000282118,0.000306794,0.000331921,0.000357494,0.000383497,0.000409928,0.000436771,0.000464024,0.000491664,0.000519684,0.000548078,0.000576821,0.000605897,0.000635285,0.000664968,0.00069492,0.00072512,0.000755547,0.000786162,0.000816946,0.000847857,0.000878868,0.000909939,0.000941032,0.000972107,0.00100312,0.00103403,0.00106479,0.00109534,0.00112564,0.00115563,0.00118525,0.00121445,0.00124317,0.00127136,0.00129892,0.00132583,0.001352,0.00137738,0.00140189,0.00142548,0.00144807,0.00146961,0.00149004,0.00150929,0.0015273,0.00154401,0.00155938,0.00157335,0.00158588,0.00159692,0.00160644,0.00161439,0.00162076,0.00162551,0.00162864,0.00163014,0.00163004,0.00163001
-0.000420923,-0.000420864,-0.000421495,-0.000421885,-0.000422035,-0.000421952,-0.000421634,-0.000421083,-0.000420296,-0.00041927,-0.000418007,-0.000416501,-0.000414751,-0.000412756,-0.000410513,-0.000408015,-0.000405263,-0.000402254,-0.000398981,-0.000395447,-0.000391644,-0.00038757,-0.00038322,-0.000378588,-0.000373675,-0.000368472,-0.000362976,-0.000357177,-0.000351078,-0.000344669,-0.000337951,-0.000330913,-0.000323554,-0.000315868,-0.000307849,-0.00029949,-0.000290787,-0.000281738,-0.000272334,-0.000262572,-0.000252443,-0.000241948,-0.000231074,-0.000219821,-0.000208179,-0.000196151,-0.000183726,-0.0001709,-0.000157668,-0.000144027,-0.000129971,-0.00011549,-0.000100592,-8.52641e-05,-6.9506e-05,-5.33138e-05,-3.66819e-05,-1.96105e-05,-2.09382e-06,1.58639e-05,3.42774e-05,5.31364e-05,7.24492e-05,9.22091e-05,0.000112425,0.000133091,0.000154213,0.000175786,0.000197806,0.000220276,0.000243185,0.000266543,0.000290333,0.000314551,0.000339197,0.00036426,0.000389734,0.000415613,0.000441882,0.000468533,0.000495546,0.000522918,0.000550634,0.000578673,0.000607019,0.000635652,0.000664553,0.000693696,0.000723063,0.000752629,0.000782357,0.00081223,0.000842202,0.000872251,0.000902338,0.000932429,0.000962478,0.000992446,0.00102229,0.00105197,0.00108143,0.00111062,0.00113949,0.00116799,0.00119607,0.00122366,0.00125072,0.00127718,0.00130297,0.00132805,0.00135234,0.0013758,0.00139836,0.00141996,0.00144053,0.00146003,0.0014784,0.00149557,0.00151151,0.00152615,0.00153945,0.00155137,0.00156188,0.00157092,0.00157848,0.00158452,0.00158903,0.00159199,0.0015934,0.00159328,0.00159325
-0.000407716,-0.000407657,-0.000408274,-0.000408644,-0.000408777,-0.00040867,-0.000408333,-0.000407758,-0.000406949,-0.000405901,-0.000404611,-0.000403076,-0.000401297,-0.00039927,-0.000396995,-0.000394466,-0.000391683,-0.000388641,-0.000385337,-0.000381769,-0.000377937,-0.000373828,-0.000369448,-0.000364785,-0.00035984,-0.000354607,-0.000349085,-0.000343262,-0.00033714,-0.000330711,-0.000323974,-0.000316919,-0.000309544,-0.000301849,-0.000293824,-0.000285465,-0.000276764,-0.000267718,-0.000258326,-0.000248579,-0.000238473,-0.000228006,-0.000217163,-0.000205955,-0.000194363,-0.000182392,-0.000170028,-0.000157276,-0.000144126,-0.000130576,-0.000116618,-0.00010225,-8.7467e-05,-7.22739e-05,-5.66611e-05,-4.06225e-05,-2.41579e-05,-7.26556e-06,1.00524e-05,2.78075e-05,4.59956e-05,6.462e-05,8.36794e-05,0.00010317,0.000123105,0.00014347,0.000164275,0.000185511,0.000207174,0.000229268,0.00025179,0.00027473,0.000298085,0.000321853,0.000346021,0.00037059,0.000395545,0.000420876,0.00044658,0.00047264,0.000499044,0.00052578,0.000552831,0.000580183,0.000607819,0.000635715,0.000663856,0.000692212,0.00072077,0.000749503,0.000778373,0.000807362,0.000836434,0.000865554,0.000894698,0.000923819,0.000952882,0.000981848,0.00101067,0.00103932,0.00106773,0.00109586,0.00112367,0.00115111,0.00117812,0.00120464,0.00123063,0.00125602,0.00128077,0.00130481,0.0013281,0.00135056,0.00137214,0.0013928,0.00141247,0.00143109,0.00144863,0.00146502,0.00148022,0.00149418,0.00150686,0.00151821,0.00152821,0.00153682,0.001544,0.00154974,0.00155402,0.00155682,0.00155815,0.00155802,0.00155799
-0.000394771,-0.000394713,-0.000395314,-0.000395667,-0.000395779,-0.000395658,-0.000395299,-0.000394705,-0.000393875,-0.000392799,-0.000391487,-0.000389927,-0.000388123,-0.000386068,-0.000383763,-0.000381209,-0.000378395,-0.00037532,-0.000371988,-0.000368388,-0.000364525,-0.00036039,-0.000355982,-0.000351293,-0.000346321,-0.000341067,-0.000335518,-0.000329674,-0.000323534,-0.000317087,-0.000310334,-0.000303269,-0.000295887,-0.000288187,-0.00028016,-0.000271801,-0.000263107,-0.000254074,-0.000244695,-0.000234972,-0.000224892,-0.000214457,-0.000203655,-0.000192492,-0.000180955,-0.000169044,-0.000156751,-0.000144074,-0.000131011,-0.000117553,-0.000103699,-8.9443e-05,-7.47864e-05,-5.97287e-05,-4.42612e-05,-2.83802e-05,-1.20879e-05,4.62399e-06,2.1747e-05,3.92908e-05,5.72563e-05,7.56392e-05,9.44494e-05,0.000113677,0.000133322,0.000153391,0.000173875,0.000194778,0.000216091,0.000237813,0.000259944,0.000282479,0.000305404,0.000328721,0.000352422,0.0003765,0.000400946,0.000425745,0.00045089,0.000476374,0.000502181,0.000528293,0.000554697,0.000581379,0.000608323,0.000635505,0.000662905,0.000690497,0.000718269,0.000746193,0.000774237,0.000802373,0.000830574,0.000858801,0.000887032,0.000915224,0.000943341,0.000971344,0.000999191,0.00102685,0.00105426,0.00108138,0.00110818,0.0011346,0.00116059,0.0011861,0.00121107,0.00123547,0.00125922,0.00128228,0.0013046,0.00132612,0.00134679,0.00136656,0.00138538,0.00140319,0.00141994,0.00143559,0.00145011,0.00146342,0.00147551,0.00148634,0.00149587,0.00150406,0.0015109,0.00151636,0.00152042,0.00152308,0.00152433,0.00152418,0.00152416
-0.000382086,-0.000382029,-0.000382614,-0.000382953,-0.000383051,-0.000382912,-0.000382535,-0.000381919,-0.000381062,-0.000379967,-0.000378625,-0.000377042,-0.000375211,-0.000373135,-0.000370807,-0.000368224,-0.000365386,-0.000362291,-0.000358932,-0.000355308,-0.000351421,-0.000347259,-0.000342822,-0.00033811,-0.000333115,-0.000327839,-0.000322273,-0.000316411,-0.000310254,-0.000303794,-0.000297033,-0.00028996,-0.000282574,-0.000274872,-0.000266849,-0.000258497,-0.000249816,-0.000240796,-0.00023144,-0.00022174,-0.000211691,-0.000201295,-0.000190539,-0.000179424,-0.000167943,-0.000156098,-0.000143881,-0.000131285,-0.000118306,-0.000104944,-9.11984e-05,-7.70627e-05,-6.25356e-05,-4.7614e-05,-3.22966e-05,-1.6574e-05,-4.51975e-07,1.60728e-05,3.29995e-05,5.03325e-05,6.80691e-05,8.62218e-05,0.000104776,0.000123735,0.000143097,0.000162866,0.000183039,0.000203609,0.000224569,0.000245929,0.000267676,0.000289802,0.000312305,0.000335184,0.000358423,0.000382016,0.000405962,0.00043024,0.000454844,0.000479759,0.000504981,0.000530484,0.000556258,0.000582288,0.000608557,0.000635042,0.000661725,0.00068858,0.00071559,0.00074273,0.00076997,0.000797283,0.000824642,0.00085201,0.000879365,0.000906663,0.000933869,0.000960953,0.000987864,0.00101457,0.00104103,0.00106719,0.00109302,0.00111848,0.0011435,0.00116804,0.00119206,0.00121549,0.0012383,0.00126044,0.00128185,0.00130249,0.00132229,0.00134123,0.00135923,0.00137627,0.00139229,0.00140726,0.00142111,0.00143383,0.00144538,0.0014557,0.00146479,0.0014726,0.00147911,0.00148431,0.00148818,0.00149069,0.00149186,0.00149171,0.00149168
-0.000369664,-0.000369607,-0.000370177,-0.000370501,-0.000370583,-0.000370425,-0.000370031,-0.000369395,-0.00036852,-0.000367403,-0.000366044,-0.000364438,-0.000362587,-0.000360486,-0.000358133,-0.000355529,-0.000352666,-0.000349547,-0.000346165,-0.000342518,-0.000338608,-0.000334422,-0.000329967,-0.000325235,-0.000320221,-0.000314927,-0.000309344,-0.000303468,-0.000297302,-0.000290834,-0.000284066,-0.000276991,-0.000269605,-0.000261903,-0.000253886,-0.000245547,-0.00023688,-0.000227883,-0.000218552,-0.000208883,-0.000198867,-0.000188512,-0.000177806,-0.000166745,-0.000155329,-0.00014355,-0.000131407,-0.000118891,-0.000106007,-9.27473e-05,-7.91128e-05,-6.50973e-05,-5.06989e-05,-3.59202e-05,-2.07497e-05,-5.19006e-06,1.07575e-05,2.70926e-05,4.38221e-05,6.09461e-05,7.84602e-05,9.63721e-05,0.000114672,0.000133367,0.000152449,0.000171922,0.000191777,0.000212019,0.000232638,0.000253633,0.000274995,0.000296727,0.000318815,0.000341255,0.000364044,0.000387166,0.000410617,0.00043438,0.000458454,0.000482821,0.000507466,0.000532375,0.000557536,0.000582929,0.00060854,0.000634351,0.000660338,0.00068648,0.000712751,0.00073913,0.000765596,0.000792119,0.000818665,0.000845206,0.000871713,0.000898153,0.000924489,0.000950686,0.000976703,0.00100251,0.00102805,0.0010533,0.00107821,0.00110273,0.00112683,0.00115045,0.00117356,0.00119609,0.00121801,0.00123927,0.00125982,0.00127962,0.00129861,0.00131676,0.00133401,0.00135032,0.00136565,0.00137996,0.00139321,0.00140537,0.00141639,0.00142625,0.00143492,0.00144237,0.00144858,0.00145353,0.00145721,0.0014596,0.0014607,0.00146053,0.00146051
-0.000357504,-0.000357449,-0.000358004,-0.000358312,-0.000358379,-0.000358205,-0.000357793,-0.000357138,-0.000356245,-0.000355108,-0.000353729,-0.000352104,-0.000350233,-0.000348112,-0.000345738,-0.000343112,-0.00034023,-0.00033709,-0.000333688,-0.000330023,-0.000326091,-0.000321887,-0.000317413,-0.000312666,-0.000307637,-0.000302329,-0.000296732,-0.000290847,-0.000284673,-0.0002782,-0.00027143,-0.000264356,-0.000256972,-0.000249277,-0.000241271,-0.000232948,-0.0002243,-0.000215328,-0.000206025,-0.000196386,-0.000186413,-0.000176098,-0.000165445,-0.000154445,-0.000143096,-0.000131387,-0.000119318,-0.000106891,-9.41035e-05,-8.09488e-05,-6.74283e-05,-5.35356e-05,-3.92714e-05,-2.46295e-05,-9.61125e-06,5.781e-06,2.15533e-05,3.77003e-05,5.42338e-05,7.11452e-05,8.84375e-05,0.000106107,0.000124159,0.000142588,0.000161392,0.000180566,0.000200114,0.000220028,0.000240306,0.000260943,0.000281934,0.00030327,0.000324947,0.000346963,0.000369305,0.000391963,0.000414929,0.000438195,0.000461744,0.000485573,0.000509659,0.00053399,0.000558549,0.000583327,0.000608302,0.000633456,0.000658763,0.000684214,0.000709772,0.000735421,0.000761135,0.000786891,0.000812659,0.000838405,0.000864099,0.000889713,0.000915211,0.000940556,0.000965718,0.000990657,0.00101533,0.0010397,0.00106373,0.00108738,0.0011106,0.00113335,0.00115558,0.00117726,0.00119834,0.00121877,0.0012385,0.0012575,0.00127572,0.00129312,0.00130966,0.00132529,0.00133997,0.00135367,0.00136635,0.00137797,0.00138851,0.00139794,0.00140621,0.00141333,0.00141925,0.00142397,0.00142747,0.00142974,0.00143078,0.0014306,0.00143058
-0.000345606,-0.00034555,-0.000346093,-0.000346386,-0.000346438,-0.000346249,-0.000345821,-0.000345152,-0.000344242,-0.000343088,-0.000341691,-0.000340046,-0.000338153,-0.000336013,-0.000333621,-0.000330976,-0.000328074,-0.000324918,-0.000321498,-0.000317813,-0.000313865,-0.000309646,-0.000305159,-0.0003004,-0.000295359,-0.00029004,-0.000284434,-0.000278542,-0.000272362,-0.000265885,-0.000259116,-0.000252046,-0.000244671,-0.000236987,-0.000228995,-0.000220689,-0.000212065,-0.00020312,-0.00019385,-0.00018425,-0.00017432,-0.000164054,-0.000153455,-0.000142514,-0.000131228,-0.000119596,-0.000107612,-9.52759e-05,-8.25847e-05,-6.95379e-05,-5.61338e-05,-4.23667e-05,-2.82321e-05,-1.37337e-05,1.1268e-06,1.63539e-05,3.19487e-05,4.79131e-05,6.42443e-05,8.09439e-05,9.80119e-05,0.000115447,0.000133251,0.000151413,0.000169936,0.000188824,0.000208062,0.000227653,0.000247595,0.000267881,0.000288498,0.000309449,0.000330727,0.00035232,0.000374226,0.000396429,0.000418924,0.000441694,0.00046474,0.000488041,0.000511579,0.000535347,0.000559326,0.0005835,0.000607856,0.000632373,0.000657029,0.000681804,0.000706674,0.000731617,0.000756611,0.000781625,0.000806641,0.000831621,0.000856535,0.000881354,0.000906048,0.00093058,0.000954922,0.000979034,0.00100288,0.00102641,0.0010496,0.00107241,0.00109479,0.00111671,0.00113812,0.00115899,0.00117926,0.00119891,0.00121787,0.00123612,0.00125362,0.00127031,0.00128617,0.00130115,0.00131522,0.00132834,0.00134048,0.00135161,0.0013617,0.0013707,0.00137862,0.00138542,0.00139107,0.00139557,0.00139891,0.00140106,0.00140204,0.00140186,0.00140184
-0.000333969,-0.000333914,-0.000334442,-0.000334722,-0.00033476,-0.000334558,-0.000334115,-0.000333431,-0.000332504,-0.000331335,-0.000329921,-0.00032826,-0.000326351,-0.000324193,-0.000321783,-0.000319123,-0.000316205,-0.000313031,-0.000309595,-0.000305897,-0.000301934,-0.000297702,-0.000293202,-0.000288431,-0.000283382,-0.000278055,-0.000272446,-0.00026655,-0.000260368,-0.000253893,-0.000247129,-0.000240066,-0.000232699,-0.00022503,-0.000217056,-0.000208772,-0.000200173,-0.000191258,-0.000182024,-0.000172464,-0.000162581,-0.000152367,-0.000141823,-0.000130948,-0.00011973,-0.000108174,-9.62757e-05,-8.40331e-05,-7.14426e-05,-5.85062e-05,-4.52182e-05,-3.15749e-05,-1.75787e-05,-3.22536e-06,1.14788e-05,2.65388e-05,4.19603e-05,5.77369e-05,7.38682e-05,9.0357e-05,0.000107204,0.000124403,0.000141957,0.000159855,0.000178108,0.000196704,0.000215639,0.000234915,0.000254522,0.000274456,0.000294713,0.000315284,0.000336166,0.000357348,0.000378826,0.000400581,0.000422616,0.00044491,0.000467454,0.000490243,0.00051325,0.00053647,0.000559883,0.000583473,0.000607229,0.000631124,0.000655148,0.000679273,0.000703475,0.000727738,0.000752033,0.000776335,0.000800623,0.000824867,0.000849033,0.000873092,0.000897017,0.00092077,0.000944322,0.000967641,0.000990686,0.00101342,0.00103582,0.00105782,0.00107941,0.00110054,0.00112118,0.00114127,0.00116078,0.00117968,0.00119792,0.00121545,0.00123226,0.00124829,0.00126351,0.00127788,0.00129138,0.00130395,0.00131559,0.00132625,0.00133589,0.00134452,0.00135209,0.00135859,0.00136399,0.00136829,0.00137147,0.00137353,0.00137446,0.00137426,0.00137424
-0.000322595,-0.000322541,-0.000323057,-0.000323324,-0.000323348,-0.000323132,-0.000322676,-0.000321976,-0.000321035,-0.00031985,-0.000318421,-0.000316744,-0.00031482,-0.000312648,-0.000310223,-0.000307547,-0.000304614,-0.000301425,-0.000297976,-0.000294265,-0.000290291,-0.000286049,-0.000281539,-0.00027676,-0.000271703,-0.000266374,-0.000260761,-0.000254863,-0.000248685,-0.000242216,-0.000235456,-0.000228404,-0.000221053,-0.000213398,-0.000205446,-0.000197187,-0.000188617,-0.000179736,-0.000170539,-0.000161022,-0.000151189,-0.00014103,-0.000130546,-0.000119735,-0.000108592,-9.71149e-05,-8.53012e-05,-7.31564e-05,-6.06701e-05,-4.78435e-05,-3.46737e-05,-2.11551e-05,-7.29539e-06,6.90659e-06,2.14553e-05,3.63513e-05,5.15957e-05,6.71839e-05,8.31186e-05,9.93983e-05,0.000116022,0.000132989,0.000150292,0.000167937,0.000185913,0.000204225,0.000222863,0.000241823,0.0002611,0.000280693,0.000300593,0.000320793,0.000341288,0.000362064,0.000383118,0.000404444,0.000426024,0.000447849,0.000469912,0.000492197,0.000514686,0.000537373,0.000560236,0.000583262,0.000606432,0.000629731,0.000653138,0.000676635,0.000700194,0.000723799,0.000747418,0.000771037,0.000794624,0.000818157,0.000841601,0.000864935,0.00088812,0.000911126,0.000933926,0.000956485,0.000978771,0.00100075,0.00102238,0.00104363,0.00106446,0.00108484,0.00110473,0.00112408,0.00114288,0.00116106,0.00117861,0.00119548,0.00121163,0.00122704,0.00124166,0.00125545,0.0012684,0.00128047,0.00129162,0.00130183,0.00131108,0.00131934,0.00132659,0.00133281,0.00133797,0.00134208,0.00134512,0.00134707,0.00134795,0.00134775,0.00134773
-0.000311483,-0.000311429,-0.000311934,-0.000312187,-0.000312197,-0.000311969,-0.000311499,-0.000310786,-0.000309831,-0.000308632,-0.000307188,-0.000305499,-0.000303561,-0.000301376,-0.000298938,-0.000296249,-0.000293303,-0.000290102,-0.000286642,-0.00028292,-0.000278937,-0.000274686,-0.000270169,-0.000265384,-0.000260323,-0.000254992,-0.00024938,-0.000243485,-0.000237312,-0.000230851,-0.000224099,-0.00021706,-0.000209725,-0.000202093,-0.000194159,-0.000185929,-0.000177391,-0.000168546,-0.000159389,-0.000149919,-0.000140135,-0.000130036,-0.000119615,-0.000108873,-9.78034e-05,-8.64096e-05,-7.46846e-05,-6.26349e-05,-5.02545e-05,-3.75391e-05,-2.44873e-05,-1.10977e-05,2.62321e-06,1.66779e-05,3.107e-05,4.57997e-05,6.08684e-05,7.62717e-05,9.20082e-05,0.000108079,0.000124481,0.000141216,0.000158278,0.000175663,0.000193369,0.000211403,0.000229743,0.000248391,0.000267351,0.000286606,0.000306154,0.00032599,0.000346103,0.000366483,0.000387128,0.000408026,0.000429169,0.000450537,0.000472127,0.000493923,0.000515908,0.000538074,0.000560406,0.00058288,0.000605484,0.000628207,0.00065102,0.000673908,0.000696843,0.000719811,0.000742785,0.000765745,0.000788658,0.000811508,0.000834259,0.000856888,0.000879366,0.000901663,0.000923742,0.000945575,0.000967135,0.000988383,0.00100929,0.00102981,0.00104993,0.00106959,0.00108877,0.00110743,0.00112554,0.00114306,0.00115995,0.00117618,0.00119171,0.00120653,0.00122057,0.00123383,0.00124627,0.00125785,0.00126855,0.00127835,0.00128721,0.00129513,0.00130207,0.00130803,0.00131297,0.00131691,0.0013198,0.00132167,0.00132249,0.00132229,0.00132227
-0.00030063,-0.000300577,-0.000301068,-0.000301311,-0.000301311,-0.00030107,-0.000300586,-0.000299861,-0.000298894,-0.000297683,-0.000296228,-0.000294525,-0.000292575,-0.000290375,-0.000287925,-0.000285224,-0.000282268,-0.000279057,-0.000275587,-0.000271857,-0.000267866,-0.000263611,-0.00025909,-0.000254303,-0.000249241,-0.00024391,-0.0002383,-0.00023241,-0.000226244,-0.000219792,-0.000213054,-0.00020603,-0.000198713,-0.000191103,-0.000183197,-0.000174992,-0.000166488,-0.000157679,-0.000148569,-0.000139148,-0.00012942,-0.000119379,-0.000109025,-9.8351e-05,-8.73599e-05,-7.60479e-05,-6.44151e-05,-5.24628e-05,-4.01887e-05,-2.75818e-05,-1.46526e-05,-1.39335e-06,1.21879e-05,2.60954e-05,4.03345e-05,5.48982e-05,6.97876e-05,8.50046e-05,0.000100549,0.000116411,0.000132594,0.0001491,0.00016592,0.00018305,0.000200495,0.000218248,0.000236294,0.000254644,0.000273284,0.00029221,0.000311414,0.000330889,0.000350629,0.000370624,0.000390867,0.000411351,0.000432061,0.000452985,0.000474117,0.000495437,0.000516931,0.000538596,0.000560404,0.000582346,0.000604409,0.000626569,0.000648804,0.000671102,0.000693442,0.000715794,0.000738141,0.000760466,0.000782738,0.000804927,0.000827011,0.000848972,0.000870771,0.00089238,0.00091377,0.000934911,0.000955777,0.000976331,0.000996541,0.00101638,0.0010358,0.00105479,0.0010733,0.0010913,0.00110876,0.00112564,0.00114191,0.00115754,0.00117249,0.00118674,0.00120025,0.00121299,0.00122494,0.00123606,0.00124634,0.00125574,0.00126425,0.00127185,0.00127851,0.00128421,0.00128895,0.00129271,0.00129548,0.00129726,0.00129804,0.00129783,0.00129781
-0.000290036,-0.000289984,-0.000290465,-0.000290697,-0.000290686,-0.000290433,-0.000289938,-0.000289202,-0.000288223,-0.000286999,-0.000285533,-0.000283819,-0.000281858,-0.000279649,-0.000277189,-0.000274478,-0.000271513,-0.000268292,-0.000264815,-0.000261079,-0.000257085,-0.000252825,-0.0002483,-0.000243511,-0.000238451,-0.000233122,-0.000227515,-0.000221631,-0.000215473,-0.000209035,-0.000202312,-0.000195305,-0.000188011,-0.000180427,-0.000172549,-0.000164375,-0.000155908,-0.000147141,-0.000138077,-0.000128707,-0.000119035,-0.000109054,-9.87618e-05,-8.81616e-05,-7.72494e-05,-6.60244e-05,-5.44857e-05,-4.26311e-05,-3.04588e-05,-1.7967e-05,-5.15968e-06,7.96727e-06,2.14109e-05,3.51718e-05,4.92551e-05,6.3653e-05,7.83674e-05,9.34023e-05,0.00010875,0.000124407,0.000140374,0.000156651,0.000173232,0.000190113,0.000207299,0.000224775,0.000242538,0.000260586,0.000278915,0.000297519,0.000316385,0.000335507,0.000354885,0.000374499,0.000394354,0.000414432,0.000434719,0.000455213,0.000475896,0.000496753,0.000517775,0.000538947,0.000560252,0.00058168,0.000603214,0.000624825,0.000646509,0.000668239,0.000689995,0.00071176,0.000733506,0.000755216,0.000776864,0.000798426,0.000819874,0.000841187,0.000862334,0.000883288,0.00090402,0.0009245,0.000944701,0.000964594,0.000984143,0.00100332,0.0010221,0.00104043,0.0010583,0.00107567,0.00109251,0.00110879,0.00112447,0.00113953,0.00115393,0.00116765,0.00118065,0.00119291,0.0012044,0.00121509,0.00122497,0.001234,0.00124217,0.00124946,0.00125585,0.00126132,0.00126586,0.00126946,0.00127212,0.00127381,0.00127455,0.00127434,0.00127432
-0.000279704,-0.000279652,-0.00028012,-0.000280341,-0.00028032,-0.000280056,-0.00027955,-0.000278802,-0.000277814,-0.000276581,-0.000275102,-0.000273378,-0.000271407,-0.000269188,-0.000266721,-0.000264002,-0.000261029,-0.000257803,-0.00025432,-0.00025058,-0.000246581,-0.00024232,-0.000237797,-0.000233005,-0.000227948,-0.000222621,-0.000217024,-0.000211151,-0.000205005,-0.00019858,-0.000191873,-0.000184886,-0.000177617,-0.00017006,-0.000162213,-0.000154076,-0.000145646,-0.000136922,-0.000127903,-0.000118585,-0.00010897,-9.90508e-05,-8.88265e-05,-7.83004e-05,-6.74687e-05,-5.63321e-05,-4.48836e-05,-3.31291e-05,-2.10636e-05,-8.68587e-06,3.99952e-06,1.69963e-05,3.02987e-05,4.39161e-05,5.78439e-05,7.20756e-05,8.66172e-05,0.000101469,0.000116624,0.000132076,0.000147831,0.000163884,0.000180228,0.000196868,0.000213791,0.000230997,0.000248481,0.000266236,0.000284262,0.000302545,0.000321078,0.000339863,0.000358881,0.000378127,0.0003976,0.000417279,0.000437162,0.000457232,0.000477478,0.000497889,0.000518447,0.000539145,0.000559965,0.000580892,0.000601913,0.000622999,0.000644147,0.000665328,0.000686524,0.00070772,0.000728884,0.000750008,0.00077106,0.000792013,0.000812852,0.000833548,0.000854068,0.000874392,0.000894494,0.000914341,0.00093391,0.00095317,0.00097209,0.00099064,0.00100879,0.00102652,0.00104378,0.00106055,0.0010768,0.00109251,0.00110763,0.00112215,0.00113603,0.00114924,0.00116175,0.00117356,0.00118461,0.0011949,0.00120439,0.00121308,0.00122093,0.00122793,0.00123407,0.00123932,0.00124368,0.00124713,0.00124967,0.00125129,0.00125198,0.00125177,0.00125175
-0.00026963,-0.000269579,-0.000270036,-0.000270246,-0.000270213,-0.000269939,-0.000269425,-0.000268669,-0.000267669,-0.000266426,-0.000264939,-0.000263206,-0.000261228,-0.000259002,-0.000256525,-0.000253799,-0.000250821,-0.000247591,-0.000244104,-0.000240359,-0.000236357,-0.000232096,-0.000227572,-0.000222784,-0.000217733,-0.00021241,-0.000206822,-0.00020096,-0.000194828,-0.000188419,-0.00018173,-0.000174769,-0.000167525,-0.000159998,-0.000152184,-0.000144081,-0.000135692,-0.000127012,-0.000118042,-0.000108779,-9.92195e-05,-8.93628e-05,-7.92114e-05,-6.8759e-05,-5.80099e-05,-4.69603e-05,-3.5606e-05,-2.39503e-05,-1.19934e-05,2.694e-07,1.28331e-05,2.56999e-05,3.8865e-05,5.23361e-05,6.61094e-05,8.01774e-05,9.455e-05,0.000109217,0.00012418,0.000139432,0.000154977,0.000170806,0.000186923,0.000203319,0.000219987,0.000236932,0.000254139,0.000271607,0.000289331,0.000307302,0.000325516,0.000343964,0.000362633,0.000381521,0.000400617,0.000419916,0.0004394,0.000459058,0.000478883,0.000498857,0.000518965,0.000539206,0.000559552,0.000579997,0.000600518,0.000621099,0.000641729,0.000662382,0.000683038,0.000703685,0.000724295,0.000744849,0.000765324,0.000785699,0.000805949,0.00082605,0.000845974,0.000865699,0.000885198,0.000904442,0.000923403,0.000942057,0.000960377,0.000978331,0.000995891,0.00101303,0.00102971,0.00104592,0.00106161,0.00107677,0.00109137,0.00110537,0.00111875,0.00113149,0.00114355,0.00115492,0.00116556,0.00117546,0.0011846,0.00119296,0.00120051,0.00120724,0.00121313,0.00121818,0.00122236,0.00122567,0.0012281,0.00122965,0.00123031,0.0012301,0.00123007
-0.000259814,-0.000259763,-0.00026021,-0.00026041,-0.000260368,-0.000260085,-0.00025956,-0.000258795,-0.000257787,-0.000256536,-0.000255041,-0.0002533,-0.000251314,-0.000249081,-0.000246599,-0.000243868,-0.000240885,-0.00023765,-0.000234162,-0.000230415,-0.000226412,-0.000222152,-0.000217633,-0.000212849,-0.000207805,-0.000202491,-0.000196912,-0.000191064,-0.000184947,-0.000178555,-0.000171885,-0.000164947,-0.000157731,-0.000150233,-0.000142454,-0.000134389,-0.000126043,-0.000117409,-0.000108489,-9.92797e-05,-8.97804e-05,-7.99898e-05,-6.99087e-05,-5.95337e-05,-4.88668e-05,-3.79019e-05,-2.66438e-05,-1.50899e-05,-3.23742e-06,8.90771e-06,2.1349e-05,3.4088e-05,4.71186e-05,6.04442e-05,7.40605e-05,8.79705e-05,0.00010217,0.000116658,0.000131429,0.000146488,0.000161824,0.000177435,0.000193323,0.00020948,0.000225901,0.000242587,0.000259521,0.00027671,0.00029414,0.000311806,0.000329706,0.000347822,0.000366155,0.000384693,0.000403425,0.000422347,0.000441445,0.000460709,0.000480119,0.000499668,0.000519347,0.00053914,0.000559029,0.000579003,0.000599044,0.000619138,0.000639267,0.000659407,0.000679546,0.000699665,0.000719737,0.000739748,0.000759671,0.000779489,0.000799175,0.000818706,0.000838058,0.000857208,0.000876129,0.000894795,0.00091318,0.000931259,0.000949003,0.000966387,0.000983384,0.000999962,0.0010161,0.00103176,0.00104693,0.00106157,0.00107567,0.00108918,0.00110209,0.00111438,0.00112601,0.00113696,0.00114722,0.00115676,0.00116556,0.0011736,0.00118087,0.00118734,0.00119301,0.00119786,0.00120188,0.00120506,0.00120739,0.00120887,0.0012095,0.00120928,0.00120926
-0.000250255,-0.000250205,-0.000250643,-0.000250834,-0.000250782,-0.000250489,-0.000249956,-0.000249181,-0.000248165,-0.000246906,-0.000245403,-0.000243658,-0.000241665,-0.000239428,-0.00023694,-0.000234204,-0.000231218,-0.000227982,-0.00022449,-0.000220745,-0.000216743,-0.000212487,-0.000207971,-0.000203195,-0.000198158,-0.000192854,-0.000187288,-0.000181454,-0.000175354,-0.000168983,-0.000162336,-0.000155424,-0.000148235,-0.000140766,-0.000133021,-0.000124997,-0.000116693,-0.000108105,-9.92375e-05,-9.00852e-05,-8.06481e-05,-7.09232e-05,-6.09139e-05,-5.06151e-05,-4.00301e-05,-2.91551e-05,-1.79894e-05,-6.53593e-06,5.20794e-06,1.72384e-05,2.95597e-05,4.21691e-05,5.50637e-05,6.82448e-05,8.17078e-05,9.54607e-05,0.000109491,0.000123802,0.000138386,0.00015325,0.000168378,0.000183779,0.000199443,0.000215364,0.000231542,0.000247972,0.000264644,0.000281556,0.000298698,0.00031607,0.000333659,0.000351457,0.000369457,0.000387653,0.000406036,0.000424589,0.000443314,0.000462188,0.000481198,0.000500342,0.000519598,0.000538959,0.000558407,0.000577928,0.000597508,0.000617125,0.00063677,0.000656423,0.000676063,0.00069567,0.000715226,0.000734714,0.000754107,0.000773389,0.000792535,0.00081152,0.000830325,0.000848926,0.000867294,0.000885406,0.00090324,0.000920768,0.000937966,0.000954808,0.000971266,0.000987316,0.00100293,0.00101808,0.00103275,0.0010469,0.00106051,0.00107357,0.00108603,0.00109789,0.00110911,0.00111968,0.00112957,0.00113876,0.00114724,0.00115499,0.00116199,0.00116822,0.00117368,0.00117834,0.0011822,0.00118526,0.0011875,0.00118891,0.00118951,0.00118929,0.00118927
-0.000240953,-0.000240904,-0.000241332,-0.000241513,-0.000241453,-0.000241152,-0.000240611,-0.000239828,-0.000238805,-0.000237539,-0.000236029,-0.000234277,-0.00023228,-0.000230037,-0.000227546,-0.000224808,-0.00022182,-0.000218582,-0.000215092,-0.000211347,-0.000207349,-0.000203097,-0.000198587,-0.00019382,-0.00018879,-0.000183497,-0.000177946,-0.000172128,-0.000166047,-0.000159696,-0.000153073,-0.000146184,-0.000139025,-0.00013159,-0.000123881,-0.000115898,-0.000107639,-9.91007e-05,-9.02853e-05,-8.11907e-05,-7.18143e-05,-6.21572e-05,-5.22184e-05,-4.19977e-05,-3.14943e-05,-2.07084e-05,-9.63702e-06,1.71483e-06,1.33511e-05,2.52687e-05,3.74702e-05,4.99496e-05,6.27109e-05,7.57493e-05,8.9064e-05,0.000102656,0.000116521,0.000130656,0.000145061,0.000159728,0.000174657,0.000189847,0.000205289,0.000220981,0.000236922,0.0002531,0.000269516,0.000286157,0.00030302,0.000320102,0.000337388,0.000354877,0.000372554,0.000390419,0.000408457,0.000426657,0.000445016,0.000463511,0.00048214,0.000500885,0.000519734,0.000538675,0.000557695,0.000576783,0.000595913,0.000615075,0.000634255,0.000653433,0.000672589,0.000691709,0.00071077,0.000729752,0.000748639,0.000767405,0.000786034,0.000804498,0.000822778,0.000840851,0.000858693,0.000876277,0.000893584,0.000910589,0.000927266,0.000943589,0.000959536,0.000975078,0.000990196,0.00100486,0.00101905,0.00103273,0.00104589,0.00105851,0.00107055,0.001082,0.00109284,0.00110304,0.00111258,0.00112145,0.00112963,0.0011371,0.00114384,0.00114985,0.0011551,0.00115959,0.00116331,0.00116624,0.00116839,0.00116975,0.00117032,0.0011701,0.00117007
-0.000231907,-0.000231858,-0.000232275,-0.000232449,-0.000232381,-0.000232071,-0.000231522,-0.000230733,-0.000229704,-0.000228432,-0.000226917,-0.00022516,-0.000223159,-0.000220912,-0.000218419,-0.00021568,-0.000212691,-0.000209453,-0.000205964,-0.000202222,-0.000198227,-0.00019398,-0.000189478,-0.000184719,-0.0001797,-0.00017442,-0.000168881,-0.000163079,-0.000157017,-0.000150689,-0.000144092,-0.000137229,-0.000130101,-0.000122703,-0.000115032,-0.00010709,-9.88758e-05,-9.03869e-05,-8.16247e-05,-7.25885e-05,-6.32748e-05,-5.36846e-05,-4.3817e-05,-3.3676e-05,-2.32545e-05,-1.25564e-05,-1.57982e-06,9.67291e-06,2.12017e-05,3.30057e-05,4.50879e-05,5.74399e-05,7.00671e-05,8.29656e-05,9.61326e-05,0.00010957,0.000123269,0.000137232,0.000151456,0.000165935,0.000180666,0.00019565,0.000210876,0.000226345,0.000242049,0.000257984,0.000274146,0.000290522,0.000307118,0.000323915,0.000340907,0.000358091,0.000375458,0.000392999,0.000410701,0.000428561,0.000446563,0.000464693,0.000482947,0.000501306,0.000519765,0.000538303,0.000556908,0.000575573,0.000594272,0.000612996,0.000631727,0.000650448,0.00066914,0.00068779,0.000706373,0.000724874,0.000743271,0.000761546,0.000779677,0.000797644,0.00081542,0.00083299,0.000850326,0.000867408,0.000884211,0.000900715,0.000916894,0.000932725,0.000948184,0.000963247,0.00097789,0.000992089,0.00100582,0.00101907,0.0010318,0.001044,0.00105564,0.00106671,0.00107718,0.00108703,0.00109624,0.00110481,0.0011127,0.0011199,0.00112641,0.00113219,0.00113726,0.00114158,0.00114516,0.00114799,0.00115005,0.00115136,0.00115189,0.00115167,0.00115165
-0.000223115,-0.000223067,-0.000223477,-0.000223641,-0.000223564,-0.000223248,-0.000222692,-0.000221897,-0.000220859,-0.000219582,-0.000218062,-0.0002163,-0.000214295,-0.000212047,-0.000209551,-0.000206811,-0.000203823,-0.000200584,-0.000197098,-0.000193361,-0.000189372,-0.000185132,-0.000180637,-0.000175888,-0.000170882,-0.000165615,-0.000160093,-0.00015431,-0.000148267,-0.000141963,-0.000135392,-0.000128558,-0.000121462,-0.000114099,-0.000106468,-9.85692e-05,-9.04003e-05,-8.19611e-05,-7.3253e-05,-6.4275e-05,-5.50234e-05,-4.55015e-05,-3.57085e-05,-2.56409e-05,-1.53027e-05,-4.69258e-06,6.18877e-06,1.73442e-05,2.87656e-05,4.04598e-05,5.24208e-05,6.46489e-05,7.71429e-05,8.99036e-05,0.000102924,0.000116207,0.000129745,0.000143538,0.000157585,0.000171879,0.000186417,0.000201197,0.00021621,0.000231461,0.000246936,0.000262635,0.000278548,0.000294668,0.000310997,0.000327517,0.000344227,0.000361114,0.000378178,0.000395405,0.000412782,0.000430308,0.000447965,0.000465744,0.000483634,0.000501622,0.000519699,0.000537849,0.000556055,0.00057431,0.000592594,0.000610894,0.000629192,0.000647474,0.000665725,0.000683919,0.000702046,0.000720082,0.000738012,0.000755813,0.000773469,0.000790954,0.000808251,0.000825341,0.000842195,0.000858796,0.000875119,0.000891144,0.000906848,0.000922209,0.000937206,0.000951811,0.000966005,0.000979766,0.000993066,0.00100589,0.00101822,0.00103002,0.00104128,0.00105199,0.00106211,0.00107163,0.00108053,0.0010888,0.00109642,0.00110338,0.00110966,0.00111524,0.00112013,0.0011243,0.00112775,0.00113047,0.00113245,0.0011337,0.00113421,0.00113399,0.00113396
-0.000214577,-0.000214529,-0.00021493,-0.000215087,-0.000215001,-0.000214678,-0.000214117,-0.000213314,-0.000212274,-0.000210992,-0.000209468,-0.000207702,-0.000205694,-0.000203443,-0.000200948,-0.000198208,-0.000195221,-0.000191984,-0.000188501,-0.000184768,-0.000180786,-0.000176553,-0.000172067,-0.000167328,-0.000162336,-0.000157085,-0.000151579,-0.000145815,-0.000139795,-0.000133514,-0.000126973,-0.000120168,-0.000113105,-0.000105777,-9.81864e-05,-9.03293e-05,-8.22073e-05,-7.38189e-05,-6.51646e-05,-5.62439e-05,-4.70562e-05,-3.76016e-05,-2.78807e-05,-1.78898e-05,-7.63457e-06,2.88797e-06,1.36776e-05,2.47317e-05,3.60501e-05,4.76326e-05,5.94763e-05,7.15811e-05,8.39452e-05,9.65677e-05,0.000109445,0.000122576,0.000135957,0.000149584,0.000163454,0.000177568,0.000191916,0.000206497,0.000221306,0.000236341,0.000251594,0.000267058,0.000282729,0.000298602,0.000314671,0.000330921,0.000347354,0.000363956,0.000380724,0.000397645,0.00041471,0.00043191,0.000449234,0.000466673,0.000484212,0.000501839,0.000519548,0.00053732,0.000555143,0.000573006,0.000590888,0.000608779,0.000626663,0.000644522,0.000662341,0.000680103,0.000697789,0.000715383,0.000732862,0.000750211,0.000767409,0.000784439,0.000801276,0.000817904,0.000834297,0.00085044,0.000866305,0.000881876,0.000897129,0.000912041,0.000926595,0.000940768,0.000954533,0.000967873,0.000980767,0.000993192,0.00100513,0.00101656,0.00102746,0.00103782,0.00104761,0.00105682,0.00106543,0.00107342,0.00108079,0.00108751,0.00109357,0.00109896,0.00110368,0.0011077,0.00111103,0.00111365,0.00111556,0.00111676,0.00111724,0.00111702,0.001117
-0.000206293,-0.000206245,-0.000206637,-0.000206786,-0.000206695,-0.000206365,-0.000205796,-0.000204991,-0.000203944,-0.000202658,-0.000201132,-0.000199364,-0.000197354,-0.0001951,-0.000192602,-0.000189863,-0.000186877,-0.000183645,-0.000180166,-0.000176438,-0.000172463,-0.000168238,-0.000163763,-0.000159036,-0.000154057,-0.000148824,-0.000143336,-0.000137592,-0.000131593,-0.000125338,-0.000118824,-0.00011205,-0.000105019,-9.77306e-05,-9.0178e-05,-8.2366e-05,-7.42909e-05,-6.59531e-05,-5.73534e-05,-4.84914e-05,-3.9368e-05,-2.99807e-05,-2.03289e-05,-1.04166e-05,-2.43171e-07,1.01914e-05,2.08892e-05,3.1846e-05,4.30613e-05,5.45342e-05,6.62626e-05,7.82453e-05,9.04799e-05,0.000102968,0.000115705,0.000128685,0.000141911,0.000155375,0.000169075,0.00018301,0.000197175,0.000211562,0.000226169,0.000240993,0.000256028,0.000271266,0.000286703,0.000302332,0.000318147,0.000334138,0.0003503,0.000366627,0.000383106,0.000399731,0.000416493,0.000433378,0.000450379,0.000467488,0.000484688,0.000501968,0.000519321,0.000536729,0.000554181,0.000571663,0.000589162,0.000606662,0.000624145,0.000641599,0.000659006,0.000676349,0.000693615,0.00071078,0.00072783,0.000744745,0.000761509,0.000778098,0.000794497,0.000810683,0.000826638,0.00084234,0.000857769,0.000872904,0.000887729,0.000902216,0.000916348,0.000930106,0.000943466,0.000956406,0.00096891,0.000980959,0.000992529,0.0010036,0.00101417,0.00102419,0.00103367,0.00104259,0.00105092,0.00105865,0.00106577,0.00107227,0.00107813,0.00108334,0.00108789,0.00109178,0.00109499,0.00109752,0.00109936,0.00110051,0.00110097,0.00110075,0.00110073
-0.00019826,-0.000198213,-0.000198598,-0.000198737,-0.00019864,-0.000198305,-0.000197732,-0.00019692,-0.000195871,-0.000194581,-0.00019305,-0.000191281,-0.00018927,-0.000187016,-0.000184519,-0.000181781,-0.000178798,-0.000175569,-0.000172095,-0.000168375,-0.000164407,-0.000160191,-0.000155727,-0.000151014,-0.000146048,-0.000140831,-0.000135364,-0.00012964,-0.000123663,-0.000117434,-0.000110948,-0.000104205,-9.72075e-05,-8.9955e-05,-8.24456e-05,-7.4676e-05,-6.66475e-05,-5.83602e-05,-4.98159e-05,-4.10121e-05,-3.19511e-05,-2.26326e-05,-1.30531e-05,-3.21609e-06,6.87749e-06,1.72261e-05,2.78312e-05,3.86904e-05,4.98056e-05,6.11702e-05,7.27842e-05,8.46465e-05,9.67583e-05,0.000109111,0.000121709,0.000134543,0.000147616,0.000160922,0.000174455,0.000188214,0.000202198,0.000216398,0.000230808,0.000245428,0.00026025,0.000275267,0.000290474,0.000305867,0.000321438,0.000337176,0.000353077,0.000369133,0.000385334,0.000401673,0.000418138,0.000434721,0.000451412,0.000468201,0.000485072,0.000502018,0.000519026,0.000536084,0.00055318,0.000570299,0.000587425,0.000604545,0.000621645,0.000638708,0.000655719,0.000672665,0.000689525,0.000706282,0.000722919,0.00073942,0.000755765,0.000771933,0.000787913,0.000803679,0.000819214,0.000834499,0.00084951,0.000864232,0.000878645,0.000892726,0.000906458,0.000919821,0.000932794,0.000945356,0.000957491,0.000969179,0.000980404,0.000991142,0.00100138,0.0010111,0.00102028,0.00102891,0.00103698,0.00104446,0.00105136,0.00105764,0.00106331,0.00106835,0.00107275,0.00107651,0.00107961,0.00108205,0.00108382,0.00108493,0.00108537,0.00108515,0.00108512
-0.000190478,-0.000190431,-0.000190807,-0.000190943,-0.000190838,-0.000190497,-0.000189919,-0.000189102,-0.000188048,-0.000186755,-0.000185223,-0.000183452,-0.000181439,-0.000179185,-0.000176691,-0.000173955,-0.000170976,-0.000167751,-0.000164283,-0.00016057,-0.000156609,-0.000152403,-0.000147951,-0.00014325,-0.000138301,-0.000133102,-0.000127653,-0.000121951,-0.000115998,-0.000109795,-0.000103338,-9.66292e-05,-8.96642e-05,-8.24482e-05,-7.49785e-05,-6.72527e-05,-5.92712e-05,-5.10353e-05,-4.2547e-05,-3.38023e-05,-2.48042e-05,-1.55513e-05,-6.04147e-06,3.71851e-06,1.37309e-05,2.39963e-05,3.45107e-05,4.52742e-05,5.62886e-05,6.75446e-05,7.9049e-05,9.07942e-05,0.000102782,0.000115005,0.000127466,0.000140158,0.000153081,0.00016623,0.000179602,0.000193191,0.000206996,0.000221012,0.000235232,0.000249654,0.000264268,0.00027907,0.000294055,0.000309218,0.000324549,0.000340043,0.00035569,0.000371487,0.000387417,0.000403478,0.000419659,0.000435948,0.000452338,0.000468817,0.000485374,0.000501996,0.000518674,0.000535394,0.000552145,0.000568913,0.000585681,0.000602438,0.000619167,0.000635859,0.00065249,0.000669051,0.000685524,0.000701888,0.000718132,0.000734235,0.000750179,0.00076595,0.000781527,0.000796892,0.000812025,0.00082691,0.000841525,0.000855852,0.000869873,0.000883569,0.000896921,0.000909908,0.000922512,0.000934716,0.000946501,0.000957846,0.000968738,0.000979159,0.000989089,0.000998514,0.00100742,0.00101578,0.0010236,0.00103085,0.00103753,0.00104361,0.0010491,0.00105398,0.00105823,0.00106187,0.00106486,0.00106722,0.00106893,0.00107,0.00107042,0.0010702,0.00107017
-0.000182948,-0.000182902,-0.00018327,-0.000183398,-0.000183287,-0.000182941,-0.000182357,-0.000181537,-0.000180478,-0.000179182,-0.000177648,-0.000175874,-0.000173863,-0.00017161,-0.000169117,-0.000166383,-0.000163407,-0.000160188,-0.000156727,-0.000153023,-0.000149072,-0.000144875,-0.000140435,-0.000135749,-0.000130815,-0.000125633,-0.000120203,-0.000114525,-0.000108597,-0.000102421,-9.5993e-05,-8.93155e-05,-8.23857e-05,-7.52071e-05,-6.77776e-05,-6.00956e-05,-5.21627e-05,-4.39767e-05,-3.5542e-05,-2.68557e-05,-1.79204e-05,-8.73335e-06,7.06333e-07,1.03912e-05,2.03237e-05,3.05068e-05,4.09324e-05,5.16002e-05,6.25157e-05,7.36675e-05,8.50624e-05,9.66921e-05,0.000108559,0.000120655,0.000132982,0.000145536,0.000158312,0.000171308,0.000184521,0.000197947,0.000211578,0.000225413,0.000239448,0.000253675,0.00026809,0.000282683,0.000297452,0.000312392,0.000327492,0.000342748,0.000358151,0.000373692,0.000389363,0.000405155,0.000421062,0.000437068,0.000453167,0.000469348,0.000485599,0.000501911,0.00051827,0.000534666,0.000551085,0.000567515,0.000583939,0.000600348,0.000616723,0.000633054,0.000649324,0.000665515,0.000681616,0.000697606,0.000713471,0.000729193,0.000744758,0.000760145,0.000775337,0.00079032,0.000805071,0.000819574,0.000833812,0.000847763,0.000861412,0.000874741,0.000887731,0.00090036,0.000912616,0.000924476,0.000935927,0.000946951,0.000957529,0.000967646,0.000977285,0.00098643,0.000995067,0.00100318,0.00101076,0.00101779,0.00102426,0.00103016,0.00103547,0.0010402,0.00104432,0.00104784,0.00105074,0.00105301,0.00105467,0.00105569,0.00105609,0.00105587,0.00105585
-0.000175665,-0.000175619,-0.00017598,-0.000176102,-0.000175986,-0.000175635,-0.000175047,-0.000174222,-0.000173161,-0.000171862,-0.000170326,-0.000168552,-0.00016654,-0.000164289,-0.000161798,-0.000159066,-0.000156096,-0.000152883,-0.000149428,-0.00014573,-0.00014179,-0.000137605,-0.000133177,-0.000128506,-0.00012359,-0.000118426,-0.000113017,-0.000107361,-0.000101455,-9.53071e-05,-8.89085e-05,-8.22635e-05,-7.53677e-05,-6.82271e-05,-6.08372e-05,-5.32004e-05,-4.53137e-05,-3.71786e-05,-2.87982e-05,-2.01707e-05,-1.12965e-05,-2.1722e-06,7.19734e-06,1.68088e-05,2.66625e-05,3.67619e-05,4.71007e-05,5.76786e-05,6.84943e-05,7.95438e-05,9.08303e-05,0.000102348,0.000114095,0.000126069,0.000138264,0.000150682,0.000163318,0.000176164,0.000189221,0.000202487,0.00021595,0.000229611,0.000243463,0.000257503,0.000271721,0.000286113,0.000300675,0.000315398,0.000330275,0.0003453,0.000360465,0.000375761,0.00039118,0.000406714,0.000422352,0.000438086,0.000453906,0.000469801,0.000485758,0.000501768,0.000517822,0.000533905,0.000550006,0.000566112,0.000582206,0.000598279,0.000614317,0.000630301,0.000646222,0.000662061,0.000677804,0.000693438,0.000708939,0.0007243,0.0007395,0.000754521,0.000769349,0.000783965,0.000798352,0.000812492,0.000826369,0.000839962,0.000853257,0.000866237,0.00087888,0.000891172,0.000903096,0.000914633,0.000925767,0.000936482,0.000946762,0.000956593,0.000965955,0.000974835,0.00098322,0.000991097,0.000998453,0.00100527,0.00101155,0.00101727,0.00102242,0.001027,0.00103099,0.0010344,0.0010372,0.00103941,0.00104101,0.001042,0.00104238,0.00104216,0.00104213
-0.00016863,-0.000168584,-0.000168939,-0.000169053,-0.000168933,-0.000168576,-0.000167986,-0.000167158,-0.000166093,-0.000164795,-0.000163259,-0.000161484,-0.000159472,-0.000157223,-0.000154736,-0.000152007,-0.000149039,-0.000145831,-0.000142384,-0.000138695,-0.000134763,-0.000130591,-0.000126177,-0.000121521,-0.000116621,-0.000111476,-0.000106087,-0.000100453,-9.45738e-05,-8.84532e-05,-8.20845e-05,-7.54696e-05,-6.86069e-05,-6.15042e-05,-5.41567e-05,-4.65614e-05,-3.87225e-05,-3.06378e-05,-2.23114e-05,-1.37406e-05,-4.92444e-06,4.13469e-06,1.34346e-05,2.29744e-05,3.27521e-05,4.27691e-05,5.3021e-05,6.35096e-05,7.42292e-05,8.51798e-05,9.6361e-05,0.000107767,0.000119398,0.000131252,0.000143321,0.000155605,0.000168102,0.000180803,0.000193711,0.000206818,0.000220121,0.00023361,0.000247287,0.000261142,0.000275173,0.000289368,0.000303728,0.000318242,0.000332904,0.000347708,0.000362641,0.000377702,0.000392877,0.00040816,0.000423542,0.000439012,0.000454561,0.000470181,0.000485856,0.000501578,0.000517337,0.000533119,0.000548913,0.000564707,0.000580487,0.000596238,0.000611949,0.000627605,0.00064319,0.000658693,0.000674096,0.000689385,0.000704541,0.000719555,0.000734407,0.000749079,0.000763559,0.000777825,0.000791865,0.000805658,0.000819192,0.000832446,0.000845404,0.000858051,0.000870368,0.000882336,0.000893945,0.000905174,0.000916008,0.000926432,0.00093643,0.000945986,0.000955087,0.000963718,0.000971864,0.000979515,0.000986658,0.000993281,0.000999374,0.00100492,0.00100992,0.00101436,0.00101824,0.00102153,0.00102425,0.00102639,0.00102794,0.00102889,0.00102926,0.00102903,0.00102901
-0.000161842,-0.000161796,-0.000162144,-0.000162255,-0.000162129,-0.000161768,-0.000161171,-0.00016034,-0.000159274,-0.000157974,-0.000156436,-0.000154662,-0.000152652,-0.000150405,-0.000147919,-0.000145194,-0.000142233,-0.000139032,-0.000135593,-0.000131914,-0.000127994,-0.000123834,-0.000119434,-0.000114791,-0.000109906,-0.000104779,-9.94122e-05,-9.38014e-05,-8.79473e-05,-8.1852e-05,-7.5514e-05,-6.89309e-05,-6.21036e-05,-5.50367e-05,-4.77279e-05,-4.01775e-05,-3.23843e-05,-2.43508e-05,-1.60771e-05,-7.56181e-06,1.19585e-06,1.01916e-05,1.94245e-05,2.88919e-05,3.85964e-05,4.85326e-05,5.87002e-05,6.91001e-05,7.97275e-05,9.05807e-05,0.000101658,0.000112958,0.000124474,0.000136209,0.000148154,0.000160309,0.000172671,0.000185235,0.000197994,0.000210949,0.000224092,0.00023742,0.000250924,0.000264603,0.00027845,0.000292457,0.00030662,0.000320932,0.000335386,0.000349973,0.000364687,0.000379518,0.000394462,0.000409502,0.000424636,0.000439852,0.000455141,0.000470494,0.000485899,0.000501345,0.000516821,0.000532316,0.000547816,0.000563309,0.000578786,0.00059423,0.000609629,0.000624968,0.000640235,0.000655412,0.000670492,0.000685451,0.000700279,0.000714961,0.000729481,0.000743821,0.000757966,0.000771901,0.00078561,0.000799075,0.000812281,0.00082521,0.000837848,0.000850179,0.000862186,0.000873849,0.000885158,0.000896095,0.000906645,0.000916792,0.00092652,0.000935818,0.000944671,0.000953064,0.000960986,0.000968424,0.000975367,0.000981802,0.00098772,0.00099311,0.000997964,0.00100227,0.00100603,0.00100923,0.00101187,0.00101394,0.00101544,0.00101636,0.00101671,0.00101649,0.00101646
-0.000155299,-0.000155254,-0.000155596,-0.000155699,-0.000155568,-0.000155203,-0.000154604,-0.000153771,-0.000152703,-0.000151401,-0.000149863,-0.00014809,-0.000146081,-0.000143836,-0.000141355,-0.000138636,-0.00013568,-0.000132487,-0.000129055,-0.000125385,-0.000121476,-0.000117328,-0.00011294,-0.000108312,-0.000103445,-9.83365e-05,-9.29897e-05,-8.74014e-05,-8.15736e-05,-7.55054e-05,-6.91964e-05,-6.26446e-05,-5.58526e-05,-4.8822e-05,-4.15522e-05,-3.40457e-05,-2.62985e-05,-1.83142e-05,-1.00901e-05,-1.62936e-06,7.07135e-06,1.6004e-05,2.51701e-05,3.45668e-05,4.41984e-05,5.40561e-05,6.41423e-05,7.44558e-05,8.49924e-05,9.57516e-05,0.000106727,0.000117922,0.000129329,0.000140947,0.000152776,0.000164803,0.000177034,0.000189461,0.000202079,0.000214885,0.000227875,0.000241043,0.000254384,0.000267893,0.000281561,0.000295386,0.00030936,0.000323477,0.000337728,0.000352108,0.000366607,0.00038122,0.000395935,0.000410745,0.000425643,0.000440614,0.000455654,0.00047075,0.000485894,0.000501074,0.000516279,0.000531497,0.000546716,0.000561923,0.000577109,0.000592257,0.000607358,0.000622395,0.000637357,0.000652226,0.000666993,0.00068164,0.000696155,0.00071052,0.000724722,0.000738746,0.000752574,0.000766194,0.000779586,0.000792739,0.000805634,0.000818255,0.000830588,0.000842617,0.000854328,0.000865704,0.000876728,0.000887387,0.000897666,0.000907551,0.000917026,0.000926079,0.000934697,0.000942866,0.000950577,0.000957812,0.000964564,0.000970821,0.000976574,0.000981814,0.000986531,0.00099072,0.000994372,0.000997479,0.00100004,0.00100205,0.0010035,0.00100439,0.00100472,0.0010045,0.00100447
-0.000149002,-0.000148958,-0.000149293,-0.000149391,-0.000149255,-0.000148886,-0.000148285,-0.000147449,-0.000146379,-0.000145076,-0.000143539,-0.000141766,-0.000139758,-0.000137517,-0.00013504,-0.000132324,-0.000129375,-0.000126188,-0.000122765,-0.000119106,-0.000115207,-0.000111071,-0.000106697,-0.000102084,-9.72341e-05,-9.21456e-05,-8.68176e-05,-8.12526e-05,-7.54497e-05,-6.94094e-05,-6.31296e-05,-5.6609e-05,-4.98512e-05,-4.28553e-05,-3.56247e-05,-2.81594e-05,-2.04575e-05,-1.25207e-05,-4.34804e-06,4.06127e-06,1.27033e-05,2.15734e-05,3.0675e-05,4.00033e-05,4.95634e-05,5.93467e-05,6.93525e-05,7.95822e-05,9.0029e-05,0.000100696,0.000111573,0.000122666,0.000133966,0.000145472,0.000157185,0.000169091,0.000181193,0.000193488,0.000205971,0.000218634,0.000231475,0.000244489,0.00025767,0.000271014,0.000284512,0.00029816,0.000311952,0.00032588,0.000339938,0.000354118,0.000368411,0.000382812,0.000397308,0.000411897,0.000426566,0.000441303,0.000456105,0.000470954,0.000485849,0.000500773,0.000515717,0.00053067,0.000545619,0.000560553,0.000575461,0.000590327,0.000605142,0.000619889,0.000634558,0.000649135,0.000663605,0.000677954,0.000692168,0.000706233,0.000720133,0.000733853,0.00074738,0.000760699,0.000773793,0.000786648,0.000799246,0.000811575,0.000823619,0.000835364,0.000846793,0.000857893,0.000868648,0.000879044,0.000889067,0.000898704,0.00090794,0.000916762,0.000925155,0.000933114,0.000940621,0.000947667,0.000954239,0.000960327,0.000965926,0.000971023,0.000975611,0.000979683,0.000983232,0.000986253,0.000988738,0.000990687,0.000992093,0.000992956,0.000993275,0.000993056,0.00099303
-0.000142949,-0.000142904,-0.000143234,-0.000143328,-0.000143188,-0.000142815,-0.00014221,-0.000141372,-0.000140302,-0.000138998,-0.000137461,-0.000135688,-0.000133684,-0.000131445,-0.000128972,-0.000126262,-0.000123318,-0.000120138,-0.000116725,-0.000113074,-0.000109187,-0.000105063,-0.000100702,-9.61051e-05,-9.12715e-05,-8.62008e-05,-8.08944e-05,-7.53515e-05,-6.95732e-05,-6.35583e-05,-5.73071e-05,-5.08192e-05,-4.40941e-05,-3.71347e-05,-2.99416e-05,-2.25173e-05,-1.4859e-05,-6.96915e-06,1.15341e-06,9.51004e-06,1.80956e-05,2.69082e-05,3.59453e-05,4.52069e-05,5.46965e-05,6.44059e-05,7.4335e-05,8.44829e-05,9.48432e-05,0.000105419,0.000116202,0.000127195,0.000138391,0.000149791,0.000161389,0.000173178,0.000185157,0.000197326,0.000209675,0.0002222,0.000234898,0.000247764,0.00026079,0.000273974,0.000287307,0.000300787,0.000314404,0.00032815,0.000342021,0.000356008,0.000370103,0.0003843,0.000398589,0.000412963,0.000427411,0.000441926,0.000456495,0.000471112,0.000485767,0.000500448,0.000515141,0.000529839,0.000544532,0.000559204,0.000573846,0.000588442,0.000602983,0.000617458,0.000631846,0.000646143,0.000660329,0.000674393,0.000688323,0.000702101,0.000715713,0.000729146,0.000742385,0.000755418,0.000768226,0.000780798,0.000793116,0.000805168,0.000816937,0.00082841,0.000839575,0.000850413,0.000860914,0.000871061,0.000880841,0.000890242,0.000899251,0.000907853,0.000916038,0.000923795,0.000931112,0.000937977,0.000944379,0.000950308,0.00095576,0.000960721,0.000965188,0.00096915,0.000972603,0.000975542,0.000977959,0.000979851,0.000981217,0.000982053,0.000982359,0.00098214,0.000982115
-0.000137138,-0.000137094,-0.000137418,-0.000137506,-0.000137362,-0.000136987,-0.000136379,-0.00013554,-0.000134468,-0.000133164,-0.000131627,-0.000129857,-0.000127855,-0.000125619,-0.00012315,-0.000120445,-0.000117506,-0.000114334,-0.000110928,-0.000107288,-0.000103411,-9.93003e-05,-9.49544e-05,-9.03722e-05,-8.55553e-05,-8.05036e-05,-7.52176e-05,-6.96979e-05,-6.39436e-05,-5.79541e-05,-5.17318e-05,-4.52729e-05,-3.85805e-05,-3.16571e-05,-2.44994e-05,-1.71147e-05,-9.50028e-06,-1.65645e-06,6.41889e-06,1.4723e-05,2.32534e-05,3.20062e-05,4.09831e-05,5.0181e-05,5.96011e-05,6.92384e-05,7.90928e-05,8.9161e-05,9.94382e-05,0.000109926,0.000120618,0.000131515,0.000142613,0.000153905,0.000165394,0.000177072,0.000188932,0.000200976,0.000213196,0.000225591,0.00023815,0.000250871,0.00026375,0.00027678,0.000289955,0.00030327,0.000316718,0.000330291,0.000343984,0.000357785,0.00037169,0.000385693,0.000399781,0.00041395,0.000428187,0.000442486,0.000456836,0.000471228,0.000485653,0.000500098,0.000514556,0.000529011,0.000543457,0.000557879,0.000572268,0.000586607,0.000600888,0.000615099,0.000629222,0.000643249,0.000657169,0.000670962,0.000684619,0.000698124,0.000711462,0.000724624,0.000737591,0.00075035,0.000762888,0.000775189,0.000787243,0.000799033,0.000810541,0.000821759,0.000832669,0.000843261,0.000853519,0.000863432,0.000872982,0.000882159,0.000890953,0.000899347,0.000907335,0.000914902,0.000922038,0.000928731,0.000934973,0.000940754,0.000946067,0.000950902,0.000955254,0.000959112,0.000962474,0.000965332,0.000967684,0.000969525,0.000970852,0.000971662,0.000971957,0.000971738,0.000971713
-0.000131569,-0.000131526,-0.000131844,-0.000131928,-0.00013178,-0.000131401,-0.000130791,-0.00012995,-0.000128878,-0.000127574,-0.000126038,-0.000124269,-0.000122269,-0.000120036,-0.000117571,-0.000114871,-0.000111939,-0.000108774,-0.000105378,-0.000101746,-9.78809e-05,-9.37817e-05,-8.94497e-05,-8.48836e-05,-8.00833e-05,-7.50504e-05,-6.97844e-05,-6.42868e-05,-5.85551e-05,-5.25909e-05,-4.63972e-05,-3.99691e-05,-3.33094e-05,-2.64186e-05,-1.92989e-05,-1.1952e-05,-4.37934e-06,3.4207e-06,1.14488e-05,1.97026e-05,2.81789e-05,3.6877e-05,4.5794e-05,5.49289e-05,6.42829e-05,7.38505e-05,8.36316e-05,9.36224e-05,0.000103819,0.000114223,0.000124826,0.00013563,0.000146632,0.000157824,0.000169206,0.000180774,0.00019252,0.000204445,0.000216541,0.000228807,0.000241236,0.000253818,0.000266555,0.000279437,0.00029246,0.000305617,0.000318903,0.00033231,0.000345829,0.000359454,0.000373177,0.000386995,0.00040089,0.000414862,0.000428898,0.00044299,0.000457131,0.000471308,0.000485513,0.000499734,0.000513965,0.000528191,0.000542399,0.000556582,0.000570729,0.000584825,0.000598858,0.000612817,0.000626689,0.000640461,0.000654124,0.000667659,0.000681059,0.000694303,0.000707384,0.000720284,0.000732994,0.000745493,0.000757776,0.000769822,0.000781623,0.000793162,0.000804428,0.000815401,0.000826072,0.000836429,0.00084646,0.000856149,0.000865482,0.000874449,0.000883039,0.000891239,0.000899038,0.000906425,0.00091339,0.000919923,0.000926013,0.000931654,0.000936836,0.000941552,0.000945794,0.000949556,0.000952832,0.000955618,0.000957907,0.000959699,0.000960988,0.000961774,0.000962057,0.000961839,0.000961814
-0.000126241,-0.000126198,-0.000126511,-0.000126591,-0.00012644,-0.000126058,-0.000125446,-0.000124603,-0.000123529,-0.000122225,-0.00012069,-0.000118924,-0.000116925,-0.000114696,-0.000112234,-0.000109541,-0.000106616,-0.000103458,-0.00010007,-9.64475e-05,-9.25934e-05,-8.85074e-05,-8.41885e-05,-7.96367e-05,-7.48537e-05,-6.9838e-05,-6.45932e-05,-5.91157e-05,-5.34073e-05,-4.74683e-05,-4.13014e-05,-3.49017e-05,-2.82744e-05,-2.14191e-05,-1.43359e-05,-7.02553e-06,5.07954e-07,8.26555e-06,1.62484e-05,2.44522e-05,3.28773e-05,4.15209e-05,5.03786e-05,5.94549e-05,6.87446e-05,7.82442e-05,8.79555e-05,9.78702e-05,0.00010799,0.000118311,0.000128832,0.000139546,0.000150454,0.000161548,0.000172828,0.00018429,0.000195928,0.000207738,0.000219716,0.000231858,0.000244159,0.000256611,0.000269211,0.000281951,0.000294828,0.000307834,0.000320964,0.00033421,0.000347564,0.00036102,0.000374571,0.000388207,0.00040192,0.000415705,0.000429549,0.000443445,0.000457384,0.000471355,0.000485352,0.00049936,0.000513373,0.000527377,0.000541364,0.000555319,0.000569234,0.000583098,0.000596896,0.000610616,0.00062425,0.000637779,0.000651198,0.000664488,0.000677641,0.000690641,0.000703475,0.00071613,0.000728592,0.000740848,0.000752888,0.000764693,0.000776254,0.000787557,0.000798588,0.000809334,0.000819779,0.000829914,0.000839728,0.000849206,0.000858335,0.000867105,0.000875501,0.000883516,0.000891137,0.000898356,0.00090516,0.000911542,0.00091749,0.000922997,0.000928056,0.000932659,0.000936798,0.000940469,0.000943665,0.000946381,0.000948613,0.000950358,0.000951613,0.000952375,0.000952647,0.000952431,0.000952405
-0.000121153,-0.00012111,-0.000121419,-0.000121494,-0.00012134,-0.000120955,-0.000120341,-0.000119498,-0.000118423,-0.000117119,-0.000115585,-0.000113819,-0.000111824,-0.000109598,-0.000107141,-0.000104453,-0.000101534,-9.83842e-05,-9.50035e-05,-9.13917e-05,-8.75474e-05,-8.34731e-05,-7.91679e-05,-7.46309e-05,-6.98644e-05,-6.48675e-05,-5.96403e-05,-5.4184e-05,-4.84988e-05,-4.25848e-05,-3.6443e-05,-3.00736e-05,-2.34751e-05,-1.66527e-05,-9.60353e-06,-2.33063e-06,5.16466e-06,1.28807e-05,2.082e-05,2.89777e-05,3.73517e-05,4.59403e-05,5.47433e-05,6.37621e-05,7.29896e-05,8.24237e-05,9.20672e-05,0.000101909,0.000111955,0.000122197,0.000132637,0.000143265,0.000154083,0.000165084,0.000176266,0.000187626,0.00019916,0.000210859,0.000222724,0.000234747,0.000246926,0.000259253,0.000271721,0.000284327,0.000297063,0.000309925,0.000322905,0.000335998,0.000349195,0.000362489,0.000375873,0.000389338,0.000402877,0.000416482,0.000430143,0.000443852,0.000457599,0.000471377,0.000485173,0.000498979,0.000512784,0.000526577,0.000540351,0.000554093,0.000567787,0.000581429,0.000595004,0.000608498,0.000621903,0.000635205,0.00064839,0.00066145,0.00067437,0.000687135,0.000699737,0.000712158,0.000724388,0.000736413,0.000748223,0.0007598,0.000771134,0.000782213,0.000793024,0.000803554,0.000813786,0.000823714,0.000833323,0.000842601,0.000851535,0.000860117,0.000868335,0.000876175,0.000883629,0.000890687,0.00089734,0.000903578,0.000909391,0.000914773,0.000919716,0.000924212,0.000928257,0.000931842,0.000934961,0.000937612,0.00093979,0.000941492,0.000942714,0.000943456,0.000943717,0.000943502,0.000943476
-0.000116305,-0.000116262,-0.000116566,-0.000116638,-0.000116479,-0.000116093,-0.000115476,-0.000114632,-0.000113557,-0.000112253,-0.00011072,-0.000108956,-0.000106963,-0.000104741,-0.000102288,-9.96057e-05,-9.66927e-05,-9.35499e-05,-9.01775e-05,-8.65753e-05,-8.27433e-05,-7.86799e-05,-7.43867e-05,-6.98648e-05,-6.51138e-05,-6.01332e-05,-5.49251e-05,-4.94901e-05,-4.38255e-05,-3.79361e-05,-3.18195e-05,-2.54772e-05,-1.89096e-05,-1.21189e-05,-5.10318e-06,2.13323e-06,9.59175e-06,1.72702e-05,2.51659e-05,3.32769e-05,4.16023e-05,5.01417e-05,5.88904e-05,6.7853e-05,7.7022e-05,8.63924e-05,9.597e-05,0.000105744,0.000115718,0.000125884,0.000136245,0.00014679,0.000157522,0.000168436,0.000179523,0.000190786,0.000202219,0.000213814,0.000225568,0.000237479,0.000249541,0.000261747,0.000274091,0.000286567,0.000299171,0.000311895,0.000324733,0.000337678,0.000350726,0.000363866,0.00037709,0.000390393,0.000403765,0.0004172,0.000430685,0.000444217,0.000457782,0.000471373,0.000484981,0.000498595,0.000512203,0.000525797,0.000539367,0.000552905,0.000566391,0.000579822,0.000593184,0.000606465,0.000619654,0.000632738,0.000645705,0.000658545,0.000671243,0.000683789,0.000696168,0.00070837,0.000720381,0.000732188,0.00074378,0.000755141,0.000766263,0.00077713,0.000787732,0.000798056,0.000808089,0.00081782,0.000827236,0.000836325,0.000845078,0.000853483,0.00086153,0.000869206,0.000876503,0.000883412,0.000889922,0.000896025,0.000901711,0.000906976,0.000911809,0.000916205,0.000920159,0.000923662,0.000926711,0.000929301,0.000931428,0.000933089,0.000934281,0.000935003,0.000935255,0.00093504,0.000935014
-0.000111694,-0.000111652,-0.000111951,-0.000112019,-0.000111858,-0.000111469,-0.000110852,-0.000110006,-0.000108931,-0.000107627,-0.000106095,-0.000104333,-0.000102342,-0.000100124,-9.7676e-05,-9.49994e-05,-9.20925e-05,-8.8957e-05,-8.5591e-05,-8.19986e-05,-7.81758e-05,-7.41242e-05,-6.98444e-05,-6.53359e-05,-6.06011e-05,-5.56374e-05,-5.04476e-05,-4.50324e-05,-3.93888e-05,-3.35216e-05,-2.74291e-05,-2.11137e-05,-1.45753e-05,-7.81355e-06,-8.2977e-07,6.37312e-06,1.37944e-05,2.14329e-05,2.92882e-05,3.73562e-05,4.56355e-05,5.41242e-05,6.28231e-05,7.17318e-05,8.08438e-05,9.01556e-05,9.96689e-05,0.000109377,0.000119281,0.000129376,0.000139661,0.000150128,0.000160778,0.000171606,0.000182604,0.000193774,0.000205111,0.000216605,0.000228257,0.000240059,0.000252009,0.000264099,0.000276324,0.000288678,0.000301155,0.000313748,0.000326451,0.000339256,0.000352161,0.000365153,0.000378227,0.000391375,0.00040459,0.000417862,0.000431182,0.000444542,0.000457935,0.00047135,0.000484779,0.00049821,0.000511631,0.000525037,0.000538415,0.000551757,0.000565049,0.00057828,0.000591441,0.00060452,0.000617503,0.000630382,0.000643142,0.000655774,0.000668264,0.000680601,0.000692772,0.000704765,0.00071657,0.000728171,0.000739557,0.000750715,0.000761635,0.000772304,0.000782708,0.000792841,0.000802685,0.000812229,0.000821463,0.000830376,0.000838957,0.000847197,0.000855082,0.000862606,0.000869755,0.000876522,0.000882898,0.000888874,0.000894442,0.000899596,0.000904326,0.000908628,0.000912497,0.000915924,0.000918906,0.000921438,0.000923518,0.000925141,0.000926304,0.000927008,0.000927252,0.000927037,0.000927011
-0.00010732,-0.000107278,-0.000107574,-0.000107639,-0.000107475,-0.000107084,-0.000106465,-0.000105618,-0.000104543,-0.00010324,-0.000101709,-9.99501e-05,-9.79616e-05,-9.57458e-05,-9.33016e-05,-9.06291e-05,-8.77282e-05,-8.45994e-05,-8.1241e-05,-7.76574e-05,-7.38451e-05,-6.98047e-05,-6.55368e-05,-6.10417e-05,-5.63212e-05,-5.13742e-05,-4.62021e-05,-4.08054e-05,-3.51826e-05,-2.93376e-05,-2.32692e-05,-1.69789e-05,-1.04676e-05,-3.73405e-06,3.2181e-06,1.03879e-05,1.77741e-05,2.53752e-05,3.319e-05,4.12164e-05,4.94524e-05,5.78949e-05,6.65444e-05,7.54015e-05,8.44584e-05,9.37133e-05,0.000103166,0.000112812,0.000122651,0.000132677,0.000142889,0.00015328,0.000163851,0.000174598,0.000185512,0.000196593,0.000207838,0.00021924,0.000230791,0.00024249,0.000254332,0.000266313,0.000278425,0.000290662,0.000303019,0.000315488,0.000328062,0.000340737,0.000353505,0.000366357,0.000379288,0.00039229,0.000405353,0.000418472,0.000431636,0.000444834,0.000458063,0.000471312,0.00048457,0.000497829,0.000511075,0.000524301,0.000537498,0.000550655,0.000563761,0.000576804,0.000589776,0.000602662,0.000615452,0.000628137,0.000640702,0.000653138,0.000665432,0.000677574,0.000689547,0.000701343,0.000712954,0.00072436,0.000735552,0.000746519,0.00075725,0.000767733,0.000777953,0.000787902,0.000797568,0.000806938,0.000816001,0.000824749,0.000833169,0.000841252,0.000848987,0.000856364,0.000863376,0.00087001,0.000876261,0.000882117,0.000887575,0.000892625,0.000897258,0.000901473,0.000905261,0.000908617,0.000911537,0.000914016,0.00091605,0.000917637,0.000918774,0.00091946,0.000919695,0.000919482,0.000919456
-0.000103184,-0.000103142,-0.000103434,-0.000103496,-0.000103329,-0.000102936,-0.000102316,-0.000101468,-0.000100392,-9.90897e-05,-9.75598e-05,-9.58021e-05,-9.38162e-05,-9.1604e-05,-8.91638e-05,-8.64967e-05,-8.36016e-05,-8.04789e-05,-7.71288e-05,-7.35529e-05,-6.97506e-05,-6.57209e-05,-6.14648e-05,-5.69839e-05,-5.22766e-05,-4.73451e-05,-4.21904e-05,-3.68115e-05,-3.12085e-05,-2.53847e-05,-1.93389e-05,-1.30731e-05,-6.58703e-06,1.18211e-07,7.04064e-06,1.41793e-05,2.15329e-05,2.90988e-05,3.68747e-05,4.48625e-05,5.30557e-05,6.14546e-05,7.00574e-05,7.88643e-05,8.78691e-05,9.707e-05,0.000106466,0.000116051,0.000125828,0.000135789,0.000145932,0.000156252,0.000166749,0.000177418,0.000188251,0.000199249,0.000210406,0.000221717,0.000233175,0.000244777,0.000256519,0.000268394,0.000280398,0.000292523,0.000304765,0.000317118,0.000329572,0.000342121,0.00035476,0.000367481,0.000380278,0.000393139,0.000406062,0.000419033,0.000432049,0.000445097,0.00045817,0.000471261,0.000484358,0.000497453,0.000510534,0.000523591,0.000536617,0.0005496,0.000562531,0.000575398,0.000588189,0.000600896,0.000613504,0.000626005,0.000638388,0.000650639,0.000662748,0.000674703,0.000686492,0.000698106,0.000709532,0.000720755,0.000731766,0.000742553,0.000753106,0.000763412,0.000773458,0.000783236,0.000792736,0.000801943,0.000810847,0.000819439,0.000827708,0.000835644,0.000843237,0.000850479,0.000857361,0.00086387,0.000870003,0.000875747,0.000881102,0.000886055,0.0008906,0.000894731,0.000898445,0.000901735,0.000904595,0.000907023,0.000909015,0.000910568,0.000911681,0.000912351,0.000912578,0.000912366,0.00091234
-9.92833e-05,-9.92413e-05,-9.95293e-05,-9.95881e-05,-9.94203e-05,-9.90246e-05,-9.84021e-05,-9.75542e-05,-9.64793e-05,-9.51777e-05,-9.36485e-05,-9.18926e-05,-8.99093e-05,-8.76997e-05,-8.52639e-05,-8.26013e-05,-7.97126e-05,-7.65962e-05,-7.32526e-05,-6.96855e-05,-6.58919e-05,-6.1872e-05,-5.76263e-05,-5.31566e-05,-4.84631e-05,-4.35462e-05,-3.84077e-05,-3.3047e-05,-2.74626e-05,-2.16593e-05,-1.56345e-05,-9.39244e-06,-2.93177e-06,3.748e-06,1.06425e-05,1.77513e-05,2.5072e-05,3.26048e-05,4.03455e-05,4.82941e-05,5.64482e-05,6.48052e-05,7.33632e-05,8.21234e-05,9.10786e-05,0.000100229,0.00010957,0.000119099,0.000128817,0.000138715,0.000148793,0.000159046,0.000169472,0.000180067,0.000190825,0.000201743,0.000212817,0.000224042,0.000235413,0.000246923,0.00025857,0.000270346,0.000282248,0.000294268,0.000306401,0.000318642,0.000330982,0.000343414,0.000355933,0.000368529,0.000381197,0.000393929,0.000406717,0.000419551,0.000432427,0.000445331,0.000458259,0.000471201,0.000484146,0.000497086,0.000510011,0.000522911,0.000535776,0.000548596,0.000561361,0.000574061,0.000586683,0.000599219,0.00061166,0.000623987,0.000636199,0.000648275,0.000660211,0.000671992,0.000683608,0.00069505,0.000706304,0.000717355,0.000728196,0.000738814,0.000749199,0.00075934,0.000769225,0.000778843,0.000788186,0.00079724,0.000805995,0.000814441,0.000822569,0.000830368,0.00083783,0.000844944,0.000851704,0.000858098,0.00086412,0.000869761,0.000875019,0.00087988,0.000884341,0.000888396,0.000892039,0.000895266,0.000898072,0.000900453,0.000902406,0.000903929,0.000905017,0.000905672,0.000905892,0.00090568,0.000905654
-9.56175e-05,-9.55757e-05,-9.58602e-05,-9.59166e-05,-9.57452e-05,-9.5348e-05,-9.47251e-05,-9.38759e-05,-9.28005e-05,-9.14992e-05,-8.99723e-05,-8.8218e-05,-8.62372e-05,-8.40315e-05,-8.15988e-05,-7.8941e-05,-7.60568e-05,-7.29467e-05,-6.96104e-05,-6.60507e-05,-6.22655e-05,-5.82553e-05,-5.40206e-05,-4.95625e-05,-4.48821e-05,-3.99794e-05,-3.48558e-05,-2.95114e-05,-2.39445e-05,-1.81599e-05,-1.21555e-05,-5.93536e-06,5.02677e-07,7.15644e-06,1.40244e-05,2.11043e-05,2.83962e-05,3.58962e-05,4.36039e-05,5.15155e-05,5.96307e-05,6.79481e-05,7.64657e-05,8.51813e-05,9.40912e-05,0.000103192,0.000112482,0.000121958,0.00013162,0.000141459,0.000151475,0.000161666,0.000172025,0.00018255,0.000193237,0.000204079,0.000215075,0.000226219,0.000237508,0.000248931,0.000260488,0.000272172,0.000283977,0.000295898,0.000307929,0.000320065,0.000332297,0.000344617,0.000357022,0.000369503,0.000382053,0.00039466,0.000407321,0.000420028,0.000432772,0.000445542,0.000458333,0.000471134,0.000483937,0.000496732,0.000509511,0.000522263,0.000534976,0.000547643,0.000560253,0.000572797,0.000585261,0.000597639,0.000609919,0.000622086,0.000634136,0.000646049,0.000657823,0.000669442,0.000680896,0.000692175,0.000703266,0.000714158,0.000724841,0.0007353,0.000745529,0.000755516,0.000765251,0.000774721,0.000783917,0.000792827,0.000801443,0.000809753,0.000817748,0.000825419,0.000832758,0.000839753,0.000846399,0.000852685,0.000858606,0.000864151,0.000869317,0.000874093,0.000878476,0.00088246,0.000886038,0.000889207,0.000891962,0.000894298,0.000896215,0.000897707,0.000898775,0.000899415,0.000899629,0.000899419,0.000899392
-9.21863e-05,-9.21447e-05,-9.24257e-05,-9.24784e-05,-9.2305e-05,-9.19067e-05,-9.1283e-05,-9.04329e-05,-8.9357e-05,-8.80564e-05,-8.65297e-05,-8.47776e-05,-8.27991e-05,-8.05958e-05,-7.81678e-05,-7.55142e-05,-7.26339e-05,-6.95294e-05,-6.62001e-05,-6.26477e-05,-5.88707e-05,-5.48698e-05,-5.06463e-05,-4.61988e-05,-4.15308e-05,-3.6641e-05,-3.15312e-05,-2.62015e-05,-2.06521e-05,-1.48848e-05,-8.89952e-06,-2.70014e-06,3.71605e-06,1.03463e-05,1.71883e-05,2.42415e-05,3.15046e-05,3.89758e-05,4.66505e-05,5.45295e-05,6.26082e-05,7.08877e-05,7.93679e-05,8.80414e-05,9.6906e-05,0.000105963,0.000115206,0.000124631,0.000134239,0.000144022,0.000153982,0.000164114,0.000174409,0.000184869,0.000195489,0.00020626,0.000217183,0.000228253,0.000239462,0.000250804,0.000262277,0.000273874,0.00028559,0.000297418,0.000309353,0.00032139,0.000333521,0.000345738,0.000358036,0.000370406,0.000382842,0.000395338,0.000407879,0.000420466,0.000433087,0.000445732,0.000458395,0.000471064,0.000483733,0.000496394,0.000509035,0.000521646,0.000534221,0.000546744,0.000559209,0.000571606,0.000583924,0.000596153,0.000608284,0.000620299,0.000632197,0.000643961,0.000655583,0.00066705,0.000678353,0.000689481,0.000700422,0.000711164,0.000721698,0.000732012,0.000742095,0.000751939,0.000761533,0.000770864,0.000779924,0.0007887,0.000797186,0.000805369,0.000813242,0.000820794,0.000828017,0.000834904,0.000841444,0.000847629,0.000853454,0.000858908,0.000863989,0.000868687,0.000872998,0.000876915,0.000880432,0.000883547,0.000886254,0.000888551,0.000890433,0.0008919,0.000892947,0.000893575,0.000893783,0.000893574,0.000893547
-8.89884e-05,-8.8947e-05,-8.92253e-05,-8.92755e-05,-8.90999e-05,-8.87e-05,-8.80749e-05,-8.72246e-05,-8.61491e-05,-8.48486e-05,-8.33228e-05,-8.15714e-05,-7.95948e-05,-7.73944e-05,-7.49695e-05,-7.232e-05,-6.9445e-05,-6.63454e-05,-6.30219e-05,-5.94769e-05,-5.57078e-05,-5.17148e-05,-4.75008e-05,-4.3064e-05,-3.84075e-05,-3.35302e-05,-2.84329e-05,-2.31182e-05,-1.75846e-05,-1.18339e-05,-5.86619e-06,3.14167e-07,6.70981e-06,1.33174e-05,2.0136e-05,2.71639e-05,3.44007e-05,4.18438e-05,4.94904e-05,5.73364e-05,6.53834e-05,7.36269e-05,8.20708e-05,9.07053e-05,9.95277e-05,0.000108542,0.00011774,0.000127118,0.000136678,0.000146411,0.000156316,0.000166392,0.00017663,0.000187028,0.000197585,0.000208289,0.000219144,0.000230143,0.000241278,0.000252547,0.00026394,0.000275456,0.000287088,0.000298829,0.000310676,0.000322621,0.000334656,0.000346777,0.000358974,0.000371241,0.000383574,0.000395961,0.000408393,0.000420868,0.000433374,0.000445904,0.000458446,0.000470993,0.000483538,0.000496072,0.000508585,0.000521066,0.00053351,0.000545899,0.00055823,0.000570492,0.000582675,0.000594762,0.000606754,0.00061863,0.000630388,0.000642011,0.000653491,0.000664818,0.000675981,0.000686968,0.000697768,0.000708373,0.000718768,0.000728945,0.000738895,0.000748605,0.000758069,0.00076727,0.000776204,0.000784856,0.000793222,0.000801288,0.000809046,0.000816487,0.000823605,0.000830389,0.000836831,0.000842923,0.000848659,0.00085403,0.000859033,0.000863658,0.000867901,0.000871756,0.000875218,0.000878282,0.000880946,0.000883205,0.000885056,0.000886498,0.000887527,0.000888143,0.000888345,0.000888136,0.000888109
-8.6024e-05,-8.59827e-05,-8.62583e-05,-8.63061e-05,-8.61285e-05,-8.57268e-05,-8.51007e-05,-8.425e-05,-8.31741e-05,-8.18741e-05,-8.03495e-05,-7.85996e-05,-7.6625e-05,-7.4427e-05,-7.20053e-05,-6.93596e-05,-6.64885e-05,-6.33942e-05,-6.00754e-05,-5.65369e-05,-5.27746e-05,-4.87901e-05,-4.45841e-05,-4.01576e-05,-3.55112e-05,-3.06449e-05,-2.55601e-05,-2.02583e-05,-1.47389e-05,-9.0037e-06,-3.05314e-06,3.11008e-06,9.48595e-06,1.60728e-05,2.28706e-05,2.98746e-05,3.70872e-05,4.45025e-05,5.21215e-05,5.99395e-05,6.79556e-05,7.61668e-05,8.45749e-05,9.31738e-05,0.00010196,0.000110934,0.00012009,0.000129424,0.000138938,0.000148624,0.000158479,0.000168503,0.000178686,0.000189029,0.000199527,0.000210171,0.000220961,0.000231894,0.000242962,0.00025416,0.000265481,0.00027692,0.000288475,0.000300136,0.000311899,0.000323759,0.000335707,0.000347736,0.000359841,0.000372014,0.000384249,0.000396535,0.000408866,0.000421236,0.000433636,0.000446056,0.000458491,0.000470924,0.000483353,0.00049577,0.000508164,0.000520524,0.000532846,0.000545114,0.000557318,0.000569454,0.00058151,0.00059347,0.000605332,0.000617079,0.000628706,0.0006402,0.000651549,0.000662745,0.000673778,0.000684636,0.000695306,0.00070578,0.000716049,0.0007261,0.000735929,0.000745514,0.000754856,0.000763938,0.000772754,0.000781294,0.000789548,0.000797505,0.000805158,0.000812498,0.000819517,0.000826206,0.000832558,0.000838564,0.000844217,0.000849512,0.000854442,0.000859,0.000863181,0.000866978,0.000870389,0.000873408,0.000876031,0.000878256,0.000880079,0.000881497,0.000882509,0.000883113,0.00088331,0.000883103,0.000883076
-8.32918e-05,-8.32507e-05,-8.35232e-05,-8.3569e-05,-8.33902e-05,-8.29869e-05,-8.23592e-05,-8.15082e-05,-8.04326e-05,-7.91326e-05,-7.76086e-05,-7.58598e-05,-7.38873e-05,-7.16916e-05,-6.92724e-05,-6.66301e-05,-6.37629e-05,-6.0673e-05,-5.736e-05,-5.38266e-05,-5.00708e-05,-4.6094e-05,-4.18954e-05,-3.74776e-05,-3.28402e-05,-2.79848e-05,-2.29112e-05,-1.76221e-05,-1.21162e-05,-6.39524e-06,-4.60471e-07,5.68664e-06,1.20453e-05,1.86136e-05,2.53914e-05,3.23749e-05,3.95641e-05,4.69563e-05,5.45485e-05,6.23407e-05,7.0327e-05,7.85088e-05,8.68858e-05,9.5451e-05,0.000104201,0.000113138,0.000122256,0.000131551,0.000141022,0.000150665,0.000160475,0.000170449,0.000180583,0.000190873,0.000201317,0.000211905,0.000222637,0.000233509,0.000244513,0.000255647,0.000266901,0.00027827,0.000289753,0.000301339,0.000313027,0.000324808,0.000336674,0.00034862,0.00036064,0.000372724,0.000384868,0.000397063,0.000409301,0.000421575,0.000433875,0.000446196,0.000458528,0.000470858,0.000483181,0.000495488,0.000507773,0.000520022,0.00053223,0.000544386,0.000556476,0.000568496,0.000580433,0.000592275,0.000604017,0.000615647,0.000627153,0.000638527,0.000649758,0.000660832,0.000671745,0.000682482,0.000693033,0.00070339,0.00071354,0.000723478,0.00073319,0.000742663,0.000751892,0.000760866,0.000769575,0.00077801,0.00078616,0.000794017,0.000801574,0.000808819,0.000815748,0.000822349,0.000828618,0.000834546,0.000840125,0.00084535,0.000850213,0.000854709,0.000858833,0.000862578,0.000865941,0.000868917,0.000871504,0.000873696,0.000875492,0.00087689,0.000877887,0.000878481,0.000878673,0.000878466,0.000878439
-8.07918e-05,-8.07508e-05,-8.10208e-05,-8.10646e-05,-8.08837e-05,-8.04791e-05,-7.98508e-05,-7.89987e-05,-7.79231e-05,-7.66235e-05,-7.50998e-05,-7.33523e-05,-7.13814e-05,-6.91874e-05,-6.67706e-05,-6.41308e-05,-6.12669e-05,-5.81818e-05,-5.48731e-05,-5.13449e-05,-4.75953e-05,-4.36249e-05,-3.94335e-05,-3.50236e-05,-3.03951e-05,-2.55488e-05,-2.04859e-05,-1.52076e-05,-9.71365e-06,-4.0059e-06,1.91551e-06,8.04709e-06,1.43891e-05,2.09408e-05,2.77003e-05,3.4665e-05,4.18325e-05,4.9203e-05,5.67716e-05,6.45389e-05,7.2501e-05,8.0655e-05,8.90023e-05,9.75375e-05,0.000106256,0.00011516,0.000124241,0.000133501,0.000142932,0.000152536,0.000162303,0.000172235,0.000182321,0.000192564,0.000202958,0.000213495,0.000224172,0.000234989,0.000245935,0.000257009,0.000268203,0.000279508,0.000290924,0.000302443,0.000314061,0.000325768,0.00033756,0.000349431,0.000361371,0.000373375,0.000385437,0.000397547,0.000409698,0.000421884,0.000434094,0.000446323,0.00045856,0.000470797,0.000483022,0.000495232,0.000507414,0.000519563,0.000531667,0.000543719,0.000555703,0.000567616,0.000579445,0.000591179,0.000602813,0.000614334,0.000625729,0.000636995,0.000648114,0.000659077,0.000669881,0.000680509,0.00069095,0.000701197,0.000711243,0.000721074,0.000730681,0.000740051,0.000749178,0.000758051,0.000766661,0.000774999,0.000783057,0.000790823,0.00079829,0.000805451,0.000812297,0.000818819,0.000825011,0.000830867,0.000836377,0.000841537,0.00084634,0.000850779,0.00085485,0.000858548,0.000861868,0.000864805,0.000867358,0.000869522,0.000871294,0.000872672,0.000873654,0.000874239,0.000874427,0.000874221,0.000874194
-7.8523e-05,-7.84822e-05,-7.87501e-05,-7.87915e-05,-7.86096e-05,-7.82037e-05,-7.75742e-05,-7.67217e-05,-7.56451e-05,-7.43455e-05,-7.28222e-05,-7.10759e-05,-6.91061e-05,-6.69139e-05,-6.44994e-05,-6.18623e-05,-5.90017e-05,-5.59198e-05,-5.26152e-05,-4.9092e-05,-4.53471e-05,-4.13818e-05,-3.71979e-05,-3.2795e-05,-2.81735e-05,-2.33355e-05,-1.8282e-05,-1.30138e-05,-7.53027e-06,-1.83451e-06,4.07456e-06,1.01925e-05,1.65205e-05,2.30565e-05,2.97984e-05,3.67468e-05,4.38954e-05,5.12456e-05,5.87944e-05,6.65398e-05,7.44779e-05,8.26065e-05,9.0927e-05,9.94348e-05,0.000108125,0.000116999,0.000126048,0.000135275,0.000144671,0.000154237,0.000163967,0.000173858,0.000183904,0.000194103,0.000204451,0.000214942,0.000225572,0.000236337,0.000247231,0.00025825,0.000269388,0.000280635,0.000291992,0.000303448,0.000315003,0.000326644,0.000338369,0.000350169,0.000362039,0.000373969,0.000385956,0.00039799,0.000410062,0.000422167,0.000434295,0.00044644,0.000458591,0.00047074,0.00048288,0.000494998,0.00050709,0.000519146,0.000531157,0.000543113,0.000555002,0.000566818,0.000578548,0.000590184,0.000601718,0.00061314,0.000624436,0.0006356,0.00064662,0.000657484,0.000668186,0.000678714,0.000689058,0.000699205,0.000709154,0.000718888,0.000728399,0.000737675,0.000746709,0.000755492,0.000764012,0.000772263,0.000780235,0.000787918,0.000795305,0.000802388,0.000809158,0.000815609,0.000821733,0.000827523,0.00083297,0.000838072,0.000842819,0.000847207,0.000851231,0.000854885,0.000858166,0.000861068,0.00086359,0.000865728,0.000867478,0.000868838,0.000869807,0.000870384,0.000870569,0.000870363,0.000870336
-7.64857e-05,-7.6445e-05,-7.67107e-05,-7.67507e-05,-7.65668e-05,-7.61597e-05,-7.55293e-05,-7.46757e-05,-7.3599e-05,-7.22993e-05,-7.07764e-05,-6.90306e-05,-6.70622e-05,-6.48707e-05,-6.24578e-05,-5.9823e-05,-5.69647e-05,-5.38865e-05,-5.05856e-05,-4.70658e-05,-4.33257e-05,-3.93651e-05,-3.51868e-05,-3.07897e-05,-2.61752e-05,-2.13449e-05,-1.6299e-05,-1.10393e-05,-5.56567e-06,1.19176e-07,6.01788e-06,1.21241e-05,1.84392e-05,2.4961e-05,3.16891e-05,3.86205e-05,4.57536e-05,5.30864e-05,6.06166e-05,6.83418e-05,7.62583e-05,8.43653e-05,9.26629e-05,0.000101146,0.00010981,0.000118657,0.000127678,0.000136876,0.000146239,0.000155773,0.000165468,0.000175324,0.000185332,0.000195492,0.0002058,0.000216251,0.000226835,0.000237555,0.000248401,0.000259372,0.000270459,0.000281654,0.000292957,0.000304358,0.000315854,0.000327437,0.000339101,0.000350838,0.000362644,0.000374509,0.000386427,0.000398392,0.000410393,0.000422425,0.00043448,0.000446548,0.000458623,0.000470693,0.000482753,0.000494791,0.0005068,0.000518773,0.000530699,0.00054257,0.000554372,0.000566099,0.000577742,0.00058929,0.000600734,0.000612065,0.000623273,0.000634346,0.000645275,0.000656048,0.000666661,0.000677098,0.000687353,0.000697412,0.000707273,0.00071692,0.000726345,0.000735536,0.000744486,0.000753186,0.000761626,0.000769799,0.000777693,0.000785302,0.000792615,0.000799629,0.000806331,0.000812716,0.000818779,0.000824509,0.0008299,0.000834949,0.000839647,0.000843988,0.00084797,0.000851585,0.00085483,0.000857702,0.000860195,0.000862309,0.000864039,0.000865385,0.000866342,0.000866911,0.000867092,0.000866887,0.000866859
-7.46785e-05,-7.4638e-05,-7.49016e-05,-7.49402e-05,-7.47546e-05,-7.43465e-05,-7.3715e-05,-7.28611e-05,-7.17837e-05,-7.04839e-05,-6.89614e-05,-6.7216e-05,-6.52481e-05,-6.30582e-05,-6.06463e-05,-5.80132e-05,-5.51573e-05,-5.20811e-05,-4.87834e-05,-4.52664e-05,-4.153e-05,-3.75741e-05,-3.34002e-05,-2.90087e-05,-2.44001e-05,-1.95759e-05,-1.45364e-05,-9.28511e-06,-3.81894e-06,1.85746e-06,7.74606e-06,1.38419e-05,2.0146e-05,2.6656e-05,3.33717e-05,4.02897e-05,4.74085e-05,5.47248e-05,6.22383e-05,6.99472e-05,7.78451e-05,8.59322e-05,9.42109e-05,0.000102672,0.000111313,0.000120136,0.000129132,0.000138302,0.000147639,0.000157145,0.000166808,0.000176633,0.000186608,0.000196733,0.000207006,0.000217419,0.000227966,0.000238644,0.000249448,0.000260375,0.000271417,0.000282568,0.000293822,0.000305174,0.000316618,0.000328149,0.000339758,0.000351441,0.000363189,0.000374995,0.000386852,0.000398755,0.000410694,0.000422661,0.000434649,0.000446651,0.000458656,0.000470656,0.000482646,0.000494611,0.000506547,0.000518445,0.000530295,0.000542089,0.000553815,0.000565464,0.000577027,0.000588499,0.000599861,0.000611112,0.000622239,0.000633232,0.00064408,0.000654773,0.000665305,0.000675663,0.000685837,0.000695816,0.000705599,0.000715169,0.000724516,0.000733631,0.000742506,0.000751133,0.000759501,0.000767603,0.000775429,0.000782971,0.00079022,0.000797171,0.000803813,0.000810139,0.000816146,0.000821824,0.000827165,0.000832167,0.00083682,0.00084112,0.000845063,0.000848644,0.000851857,0.0008547,0.00085717,0.000859262,0.000860975,0.000862306,0.000863253,0.000863816,0.000863994,0.000863789,0.000863762
-7.31021e-05,-7.30616e-05,-7.33237e-05,-7.33603e-05,-7.31734e-05,-7.27638e-05,-7.21318e-05,-7.1277e-05,-7.01995e-05,-6.88995e-05,-6.73772e-05,-6.56321e-05,-6.36644e-05,-6.14748e-05,-5.90642e-05,-5.64324e-05,-5.35786e-05,-5.05035e-05,-4.72083e-05,-4.36939e-05,-3.99607e-05,-3.60083e-05,-3.18382e-05,-2.74506e-05,-2.28467e-05,-1.80278e-05,-1.29943e-05,-7.7489e-06,-2.28918e-06,3.37952e-06,9.25996e-06,1.53475e-05,2.16424e-05,2.81424e-05,3.4847e-05,4.17543e-05,4.88594e-05,5.61632e-05,6.36629e-05,7.1356e-05,7.92394e-05,8.73099e-05,9.55708e-05,0.000104014,0.000112634,0.000121437,0.00013041,0.000139558,0.000148872,0.000158352,0.000167989,0.000177786,0.000187734,0.000197828,0.000208069,0.00021845,0.000228963,0.000239606,0.000250374,0.000261262,0.000272265,0.000283377,0.000294589,0.000305896,0.000317297,0.000328781,0.000340343,0.000351976,0.000363675,0.000375429,0.000387233,0.000399082,0.000410965,0.000422875,0.000434806,0.000446747,0.000458692,0.000470631,0.000482558,0.00049446,0.000506332,0.000518164,0.000529946,0.000541673,0.000553332,0.000564911,0.000576405,0.000587807,0.000599101,0.000610281,0.000621335,0.000632256,0.000643034,0.000653657,0.000664117,0.000674404,0.000684508,0.000694421,0.000704131,0.000713633,0.000722911,0.000731959,0.000740769,0.000749331,0.000757635,0.000765676,0.000773441,0.000780923,0.000788116,0.000795012,0.000801601,0.000807876,0.000813833,0.000819465,0.000824762,0.000829721,0.000834336,0.000838599,0.000842509,0.000846058,0.000849244,0.000852062,0.000854511,0.000856584,0.000858282,0.0008596,0.000860539,0.000861095,0.000861271,0.000861067,0.00086104
-7.1756e-05,-7.17156e-05,-7.19761e-05,-7.20112e-05,-7.18233e-05,-7.14125e-05,-7.07792e-05,-6.99237e-05,-6.88459e-05,-6.75456e-05,-6.60229e-05,-6.42778e-05,-6.23103e-05,-6.01215e-05,-5.77113e-05,-5.50797e-05,-5.2227e-05,-4.91537e-05,-4.586e-05,-4.23475e-05,-3.86168e-05,-3.4667e-05,-3.04992e-05,-2.61154e-05,-2.15149e-05,-1.67e-05,-1.16713e-05,-6.43018e-06,-9.76452e-07,4.68692e-06,1.05607e-05,1.66414e-05,2.29288e-05,2.94211e-05,3.61173e-05,4.30148e-05,5.01088e-05,5.74022e-05,6.48903e-05,7.257e-05,8.04407e-05,8.84999e-05,9.67441e-05,0.000105172,0.000113777,0.00012256,0.000131516,0.000140644,0.000149939,0.000159396,0.000169012,0.000178785,0.000188708,0.000198778,0.000208993,0.000219346,0.00022983,0.000240443,0.00025118,0.000262036,0.000273005,0.00028408,0.000295258,0.000306528,0.00031789,0.000329334,0.000340856,0.000352448,0.000364103,0.000375813,0.000387571,0.000399374,0.000411209,0.000423069,0.00043495,0.000446839,0.000458733,0.000470619,0.000482491,0.000494338,0.000506156,0.00051793,0.000529655,0.000541322,0.000552921,0.000564442,0.000575878,0.000587218,0.000598452,0.00060957,0.000620562,0.000631423,0.000642137,0.0006527,0.000663098,0.000673324,0.000683367,0.00069322,0.000702869,0.000712311,0.000721531,0.00073052,0.000739273,0.000747779,0.000756029,0.000764015,0.000771727,0.000779157,0.000786302,0.00079315,0.000799692,0.000805924,0.000811839,0.00081743,0.000822688,0.000827611,0.000832191,0.000836424,0.000840305,0.000843827,0.000846989,0.000849785,0.000852214,0.000854272,0.000855956,0.000857264,0.000858195,0.000858747,0.00085892,0.000858717,0.00085869
-7.06404e-05,-7.06001e-05,-7.08589e-05,-7.08922e-05,-7.07028e-05,-7.0291e-05,-6.9657e-05,-6.88008e-05,-6.77221e-05,-6.6421e-05,-6.48979e-05,-6.31524e-05,-6.11851e-05,-5.89964e-05,-5.65865e-05,-5.39551e-05,-5.11026e-05,-4.80301e-05,-4.4738e-05,-4.12273e-05,-3.74975e-05,-3.35491e-05,-2.93838e-05,-2.50013e-05,-2.04034e-05,-1.55918e-05,-1.05663e-05,-5.32903e-06,1.20907e-07,5.78031e-06,1.1649e-05,1.77246e-05,2.40058e-05,3.04927e-05,3.71816e-05,4.40722e-05,5.11579e-05,5.84412e-05,6.59195e-05,7.35913e-05,8.14533e-05,8.94989e-05,9.7731e-05,0.000106148,0.00011474,0.000123508,0.000132451,0.000141561,0.00015084,0.00016028,0.000169878,0.000179631,0.000189535,0.000199584,0.000209778,0.000220106,0.000230567,0.000241156,0.000251868,0.000262698,0.000273637,0.000284683,0.00029583,0.00030707,0.0003184,0.000329811,0.000341298,0.000352855,0.000364475,0.000376147,0.000387868,0.000399631,0.000411426,0.000423246,0.000435083,0.000446931,0.00045878,0.00047062,0.000482447,0.000494247,0.000506016,0.000517744,0.000529422,0.000541038,0.000552587,0.000564059,0.000575444,0.000586733,0.000597915,0.00060898,0.000619922,0.000630728,0.000641393,0.000651902,0.000662246,0.000672422,0.000682413,0.000692213,0.000701813,0.000711203,0.000720373,0.000729313,0.000738018,0.000746476,0.000754679,0.000762619,0.000770286,0.000777675,0.000784777,0.000791583,0.000798087,0.000804281,0.00081016,0.000815715,0.000820942,0.000825834,0.000830385,0.000834591,0.000838446,0.000841947,0.000845088,0.000847866,0.000850279,0.000852323,0.000853995,0.000855295,0.000856219,0.000856767,0.000856939,0.000856737,0.000856709
-6.97552e-05,-6.9715e-05,-6.99723e-05,-7.00041e-05,-6.98129e-05,-6.93999e-05,-6.87645e-05,-6.79075e-05,-6.68284e-05,-6.55269e-05,-6.40031e-05,-6.22572e-05,-6.02895e-05,-5.81004e-05,-5.56902e-05,-5.30585e-05,-5.02062e-05,-4.7134e-05,-4.38424e-05,-4.03315e-05,-3.66027e-05,-3.26555e-05,-2.84907e-05,-2.41095e-05,-1.95129e-05,-1.47034e-05,-9.67949e-06,-4.44447e-06,1.003e-06,6.65903e-06,1.25243e-05,1.85965e-05,2.48746e-05,3.13565e-05,3.80416e-05,4.4926e-05,5.20058e-05,5.92834e-05,6.67556e-05,7.4421e-05,8.22734e-05,9.03113e-05,9.85346e-05,0.000106941,0.000115524,0.000124282,0.000133213,0.000142312,0.000151576,0.000161003,0.000170589,0.000180326,0.000190213,0.000200248,0.000210423,0.000220734,0.000231175,0.000241745,0.000252436,0.000263245,0.000274161,0.000285185,0.000296308,0.000307524,0.000318828,0.000330212,0.000341672,0.0003532,0.000364791,0.000376434,0.000388124,0.000399855,0.000411617,0.000423403,0.000435208,0.000447019,0.000458831,0.000470637,0.000482425,0.000494187,0.000505919,0.000517608,0.000529244,0.000540822,0.000552331,0.000563759,0.000575103,0.000586349,0.00059749,0.000608513,0.000619414,0.000630175,0.000640797,0.000651263,0.000661564,0.000671698,0.000681647,0.000691403,0.000700961,0.000710309,0.000719438,0.000728338,0.000737003,0.000745421,0.000753586,0.000761488,0.000769119,0.000776471,0.000783538,0.000790311,0.000796783,0.000802945,0.000808795,0.000814321,0.00081952,0.000824388,0.000828915,0.000833098,0.000836933,0.000840414,0.000843539,0.000846302,0.000848702,0.000850734,0.000852397,0.000853689,0.000854608,0.000855154,0.000855325,0.000855124,0.000855096
-6.91016e-05,-6.90615e-05,-6.93161e-05,-6.93453e-05,-6.91525e-05,-6.87383e-05,-6.81022e-05,-6.72443e-05,-6.61645e-05,-6.48623e-05,-6.33378e-05,-6.15909e-05,-5.96226e-05,-5.74327e-05,-5.50219e-05,-5.23896e-05,-4.95371e-05,-4.6464e-05,-4.31717e-05,-3.96611e-05,-3.59317e-05,-3.19843e-05,-2.78205e-05,-2.34389e-05,-1.88431e-05,-1.40331e-05,-9.01115e-06,-3.77659e-06,1.66952e-06,7.32511e-06,1.31887e-05,1.92595e-05,2.55347e-05,3.20146e-05,3.86963e-05,4.55768e-05,5.26549e-05,5.99285e-05,6.73958e-05,7.50569e-05,8.2903e-05,9.09381e-05,9.91543e-05,0.000107553,0.000116131,0.000124882,0.000133804,0.000142894,0.000152152,0.000161568,0.000171142,0.00018087,0.000190748,0.000200769,0.000210931,0.000221231,0.000231657,0.000242212,0.000252888,0.000263679,0.000274581,0.000285588,0.000296693,0.000307891,0.000319174,0.000330539,0.000341977,0.000353484,0.000365052,0.000376673,0.000388342,0.000400046,0.000411782,0.000423543,0.000435322,0.000447108,0.00045889,0.000470667,0.000482428,0.000494161,0.000505861,0.00051752,0.000529126,0.000540672,0.000552148,0.000563547,0.000574858,0.00058607,0.000597179,0.000608168,0.000619035,0.000629765,0.00064035,0.000650783,0.000661053,0.000671151,0.000681066,0.000690789,0.000700314,0.000709629,0.000718725,0.000727594,0.000736227,0.000744614,0.000752748,0.000760619,0.000768222,0.000775546,0.000782586,0.000789332,0.000795778,0.000801917,0.000807742,0.000813246,0.000818425,0.000823271,0.000827779,0.000831945,0.000835764,0.00083923,0.000842341,0.000845092,0.000847481,0.000849504,0.00085116,0.000852446,0.000853361,0.000853904,0.000854076,0.000853877,0.000853849
-6.86815e-05,-6.86414e-05,-6.88899e-05,-6.89155e-05,-6.87209e-05,-6.83058e-05,-6.76694e-05,-6.68108e-05,-6.573e-05,-6.44269e-05,-6.29018e-05,-6.1154e-05,-5.91846e-05,-5.69936e-05,-5.45818e-05,-5.19482e-05,-4.90946e-05,-4.60205e-05,-4.27268e-05,-3.92154e-05,-3.5485e-05,-3.15372e-05,-2.73715e-05,-2.29895e-05,-1.83929e-05,-1.35825e-05,-8.55926e-06,-3.32454e-06,2.12181e-06,7.77798e-06,1.36415e-05,1.97119e-05,2.59875e-05,3.24665e-05,3.91467e-05,4.60266e-05,5.31035e-05,6.03766e-05,6.78412e-05,7.54994e-05,8.33445e-05,9.13765e-05,9.95916e-05,0.000107986,0.00011656,0.000125306,0.000134225,0.000143312,0.000152562,0.000161974,0.000171542,0.000181265,0.000191134,0.000201149,0.000211302,0.000221593,0.000232011,0.000242558,0.000253222,0.000264004,0.000274896,0.000285892,0.000296984,0.00030817,0.000319441,0.000330791,0.000342215,0.000353708,0.00036526,0.000376867,0.000388517,0.000400206,0.000411924,0.000423668,0.000435428,0.000447194,0.000458956,0.000470714,0.000482456,0.000494167,0.000505845,0.000517483,0.000529068,0.000540591,0.000552043,0.00056342,0.000574706,0.000585896,0.000596979,0.000607946,0.000618788,0.000629493,0.000640054,0.000650463,0.000660708,0.000670781,0.000680671,0.000690371,0.000699871,0.000709162,0.000718235,0.00072708,0.000735689,0.000744054,0.000752165,0.000760015,0.000767596,0.0007749,0.000781918,0.000788645,0.000795072,0.000801192,0.000807,0.000812489,0.000817651,0.000822482,0.000826977,0.000831129,0.000834936,0.000838391,0.000841492,0.000844234,0.000846616,0.000848632,0.000850281,0.000851563,0.000852475,0.000853017,0.000853191,0.000852998,0.00085297
-6.8497e-05,-6.8457e-05,-6.86915e-05,-6.87124e-05,-6.85171e-05,-6.81023e-05,-6.74658e-05,-6.66069e-05,-6.55254e-05,-6.42215e-05,-6.26947e-05,-6.09462e-05,-5.89751e-05,-5.6783e-05,-5.43691e-05,-5.17344e-05,-4.88789e-05,-4.58031e-05,-4.25077e-05,-3.89942e-05,-3.52623e-05,-3.13124e-05,-2.71452e-05,-2.27611e-05,-1.81623e-05,-1.33505e-05,-8.32568e-06,-3.08803e-06,2.36008e-06,8.01734e-06,1.38832e-05,1.99552e-05,2.62315e-05,3.27121e-05,3.93939e-05,4.62747e-05,5.33527e-05,6.0627e-05,6.80928e-05,7.57508e-05,8.35959e-05,9.16292e-05,9.98453e-05,0.00010824,0.000116812,0.000125558,0.000134477,0.000143563,0.000152812,0.000162222,0.000171788,0.000181507,0.000191375,0.000201387,0.000211537,0.000221824,0.000232241,0.000242782,0.000253442,0.000264219,0.000275106,0.000286094,0.000297182,0.000308362,0.000319627,0.00033097,0.000342387,0.00035387,0.000365415,0.000377012,0.000388655,0.000400333,0.000412043,0.000423777,0.000435524,0.000447279,0.000459032,0.000470778,0.000482506,0.000494206,0.000505872,0.000517496,0.000529068,0.000540577,0.000552016,0.000563378,0.00057465,0.000585825,0.000596894,0.000607846,0.000618671,0.000629364,0.00063991,0.000650302,0.000660531,0.000670589,0.000680463,0.000690148,0.000699632,0.000708908,0.000717965,0.000726796,0.000735389,0.00074374,0.000751837,0.000759673,0.000767239,0.00077453,0.000781535,0.00078825,0.000794664,0.000800773,0.00080657,0.000812047,0.000817199,0.00082202,0.000826506,0.000830651,0.000834449,0.000837897,0.000840992,0.000843728,0.000846104,0.000848116,0.000849761,0.000851039,0.000851948,0.000852489,0.000852667,0.000852488,0.000852461
-6.85415e-05,-6.85014e-05,-6.87108e-05,-6.87314e-05,-6.85397e-05,-6.81273e-05,-6.74915e-05,-6.66322e-05,-6.55501e-05,-6.42449e-05,-6.2717e-05,-6.09668e-05,-5.89941e-05,-5.67999e-05,-5.43843e-05,-5.17474e-05,-4.88894e-05,-4.58113e-05,-4.25139e-05,-3.89972e-05,-3.52625e-05,-3.13104e-05,-2.71399e-05,-2.27531e-05,-1.81519e-05,-1.33368e-05,-8.30828e-06,-3.06733e-06,2.38331e-06,8.04404e-06,1.39137e-05,1.99884e-05,2.62685e-05,3.27522e-05,3.94375e-05,4.63214e-05,5.34036e-05,6.06799e-05,6.81502e-05,7.58114e-05,8.36601e-05,9.16962e-05,9.99143e-05,0.000108312,0.000116888,0.000125637,0.000134558,0.000143647,0.000152898,0.00016231,0.000171878,0.000181601,0.00019147,0.000201483,0.000211637,0.000221924,0.000232341,0.000242885,0.000253545,0.000264323,0.00027521,0.0002862,0.000297286,0.000308467,0.000319731,0.000331075,0.000342492,0.000353973,0.000365516,0.000377112,0.000388752,0.000400431,0.000412138,0.000423868,0.000435612,0.000447365,0.000459115,0.000470856,0.000482581,0.000494278,0.00050594,0.000517558,0.000529127,0.000540632,0.000552065,0.000563422,0.000574689,0.000585859,0.000596922,0.000607867,0.000618687,0.000629372,0.000639913,0.0006503,0.000660522,0.000670573,0.000680441,0.00069012,0.000699598,0.000708867,0.000717917,0.000726742,0.000735328,0.000743672,0.000751763,0.000759593,0.000767153,0.000774437,0.000781437,0.000788147,0.000794555,0.000800658,0.00080645,0.000811923,0.000817069,0.000821887,0.000826368,0.000830508,0.000834303,0.000837749,0.00084084,0.000843573,0.000845946,0.000847956,0.000849599,0.000850874,0.000851779,0.000852315,0.000852494,0.000852342,0.000852314
-6.87521e-05,-6.8712e-05,-6.89212e-05,-6.89665e-05,-6.8788e-05,-6.838e-05,-6.77452e-05,-6.68855e-05,-6.58022e-05,-6.44957e-05,-6.29661e-05,-6.12142e-05,-5.92395e-05,-5.70429e-05,-5.4625e-05,-5.19853e-05,-4.91249e-05,-4.60437e-05,-4.27431e-05,-3.92231e-05,-3.54849e-05,-3.15286e-05,-2.73547e-05,-2.29648e-05,-1.83592e-05,-1.354e-05,-8.50684e-06,-3.26141e-06,2.19386e-06,7.8593e-06,1.37331e-05,1.98136e-05,2.60992e-05,3.25878e-05,3.92783e-05,4.61678e-05,5.32555e-05,6.05377e-05,6.80135e-05,7.56804e-05,8.35358e-05,9.15766e-05,9.9801e-05,0.000108205,0.000116787,0.000125544,0.00013447,0.000143564,0.000152822,0.00016224,0.000171814,0.000181543,0.00019142,0.000201439,0.000211598,0.000221893,0.000232316,0.000242865,0.000253533,0.000264316,0.00027521,0.000286205,0.000297299,0.000308486,0.000319756,0.000331105,0.000342527,0.000354016,0.000365564,0.000377165,0.000388811,0.000400494,0.000412208,0.000423942,0.000435693,0.00044745,0.000459205,0.000470952,0.000482681,0.000494382,0.000506049,0.000517672,0.000529244,0.000540753,0.000552192,0.000563552,0.000574823,0.000585996,0.000597062,0.000608012,0.000618835,0.000629524,0.000640067,0.000650456,0.000660682,0.000670736,0.000680607,0.000690288,0.000699768,0.000709039,0.000718092,0.000726917,0.000735507,0.000743852,0.000751945,0.000759777,0.000767339,0.000774624,0.000781626,0.000788335,0.000794745,0.000800851,0.000806643,0.000812116,0.000817264,0.000822082,0.000826564,0.000830705,0.000834501,0.000837947,0.000841038,0.000843773,0.000846146,0.000848155,0.000849798,0.000851071,0.000851971,0.000852494,0.000852646,0.000852494,0.000852467
-6.8792e-05,-6.87521e-05,-6.89612e-05,-6.90065e-05,-6.8828e-05,-6.842e-05,-6.77851e-05,-6.69254e-05,-6.58421e-05,-6.45356e-05,-6.3006e-05,-6.1254e-05,-5.92792e-05,-5.70826e-05,-5.46646e-05,-5.20249e-05,-4.91644e-05,-4.60832e-05,-4.27825e-05,-3.92624e-05,-3.5524e-05,-3.15677e-05,-2.73937e-05,-2.30037e-05,-1.8398e-05,-1.35787e-05,-8.54544e-06,-3.29991e-06,2.15548e-06,7.82105e-06,1.3695e-05,1.97756e-05,2.60614e-05,3.25501e-05,3.92408e-05,4.61304e-05,5.32182e-05,6.05005e-05,6.79765e-05,7.56437e-05,8.34992e-05,9.15401e-05,9.97647e-05,0.000108169,0.000116751,0.000125508,0.000134434,0.000143529,0.000152787,0.000162205,0.000171779,0.000181508,0.000191386,0.000201405,0.000211564,0.000221859,0.000232283,0.000242831,0.0002535,0.000264283,0.000275177,0.000286172,0.000297266,0.000308453,0.000319723,0.000331073,0.000342495,0.000353984,0.000365533,0.000377133,0.00038878,0.000400463,0.000412177,0.000423912,0.000435662,0.000447419,0.000459175,0.000470922,0.000482651,0.000494352,0.00050602,0.000517643,0.000529214,0.000540724,0.000552163,0.000563523,0.000574794,0.000585967,0.000597034,0.000607983,0.000618806,0.000629495,0.000640038,0.000650428,0.000660654,0.000670707,0.000680579,0.00069026,0.00069974,0.000709011,0.000718064,0.000726889,0.000735479,0.000743824,0.000751917,0.000759749,0.000767311,0.000774596,0.000781598,0.000788307,0.000794718,0.000800823,0.000806615,0.000812088,0.000817236,0.000822054,0.000826536,0.000830678,0.000834473,0.000837919,0.000841011,0.000843745,0.000846118,0.000848128,0.000849771,0.000851044,0.000851943,0.000852466,0.000852619,0.000852467,0.000852439
