0,1.90998,1.85706,1.81852,1.78691,1.76031,1.73722,1.71685,1.69859,1.68208,1.66702,1.65322,1.64056,1.62892,1.61824,1.60845,1.59947,1.59121,1.58355,1.57637,1.56952,1.56286,1.55626,1.54961,1.54283,1.53584,1.52862,1.52117,1.51349,1.50563,1.49762,1.48953,1.48141,1.47329,1.46524,1.45729,1.44948,1.44183,1.43437,1.4271,1.42004,1.41319,1.40655,1.40011,1.39389,1.38786,1.38201,1.37635,1.37087,1.36555,1.36038,1.35536,1.35049,1.34575,1.34114,1.33666,1.33229,1.32804,1.3239,1.31987,1.31594,1.31212,1.3084,1.30477,1.30125,1.29782,1.29449,1.29126,1.28812,1.28508,1.28214,1.27929,1.27655,1.2739,1.27135,1.2689,1.26655,1.2643,1.26216,1.26011,1.25816,1.25632,1.25457,1.25293,1.25138,1.24993,1.24857,1.24731,1.24614,1.24505,1.24405,1.24314,1.2423,1.24153,1.24084,1.24022,1.23966,1.23916,1.23872,1.23833,1.23799,1.23769,1.23744,1.23722,1.23703,1.23687,1.23674,1.23663,1.23653,1.23645,1.23639,1.23633,1.2363,1.23627,1.2363,1.23635,1.23652,1.23677,1.23734,1.23819,1.23988,1.24251,1.24752,1.25579,1.27133,1.29833,1.34983,1.44394,1.63274,2
0,0.0900203,0.142941,0.181484,0.213088,0.239692,0.262777,0.283153,0.301406,0.317923,0.332981,0.346776,0.359444,0.371081,0.381761,0.391551,0.40053,0.408791,0.416447,0.42363,0.430479,0.437142,0.44374,0.450388,0.457173,0.46416,0.471376,0.47883,0.486508,0.494371,0.502375,0.510467,0.518595,0.526708,0.534759,0.542707,0.55052,0.558169,0.565634,0.572902,0.579964,0.586815,0.593454,0.599886,0.606113,0.612144,0.617985,0.623645,0.629133,0.634455,0.63962,0.644636,0.64951,0.654249,0.658858,0.663343,0.667709,0.671959,0.676099,0.68013,0.684057,0.68788,0.691602,0.695225,0.69875,0.702177,0.705507,0.70874,0.711876,0.714917,0.71786,0.720705,0.723452,0.7261,0.72865,0.731099,0.733448,0.735696,0.737844,0.73989,0.741836,0.74368,0.745425,0.747071,0.748618,0.750069,0.751426,0.752689,0.753862,0.754947,0.755946,0.756864,0.757703,0.758466,0.759157,0.75978,0.760339,0.760837,0.761279,0.761668,0.762009,0.762306,0.762562,0.762782,0.762968,0.763128,0.76326,0.763375,0.763467,0.76355,0.763611,0.763669,0.763698,0.763726,0.763697,0.763653,0.763478,0.763229,0.762658,0.761812,0.760123,0.757486,0.752476,0.744214,0.728669,0.701669,0.650166,0.556056,0.367262,0
0,-0.105462,-0.103248,-0.100386,-0.0945863,-0.0889229,-0.0828186,-0.0767526,-0.0707235,-0.064871,-0.0592634,-0.0539928,-0.0491298,-0.044712,-0.0407071,-0.0369848,-0.033304,-0.0293336,-0.0247,-0.0190575,-0.0121402,-0.0038082,0.0059507,0.0169411,0.0290054,0.0419388,0.0555057,0.0694951,0.0836818,0.0978759,0.111929,0.125726,0.139175,0.152211,0.164786,0.176873,0.188456,0.199535,0.210119,0.220223,0.22987,0.239084,0.247893,0.256327,0.264412,0.272177,0.279647,0.286848,0.293801,0.300526,0.307043,0.313367,0.319512,0.32549,0.331313,0.33699,0.342527,0.347932,0.35321,0.358365,0.3634,0.368318,0.37312,0.377807,0.38238,0.386839,0.391183,0.39541,0.39952,0.403511,0.40738,0.411126,0.414747,0.41824,0.421603,0.424834,0.427931,0.430891,0.433714,0.436398,0.438941,0.441345,0.443607,0.445728,0.44771,0.449552,0.451257,0.452827,0.454264,0.45557,0.45675,0.457807,0.458744,0.459566,0.460278,0.460883,0.461388,0.461798,0.462116,0.46235,0.462503,0.462582,0.462592,0.462538,0.462427,0.462262,0.462049,0.461793,0.461498,0.461169,0.460811,0.460425,0.460009,0.459563,0.459072,0.458529,0.457889,0.457119,0.456103,0.454736,0.452707,0.449682,0.444788,0.436911,0.423423,0.400582,0.360142,0.290761,0.16957,0
0,0.0126321,-0.02776,-0.0555318,-0.074593,-0.0867562,-0.0956383,-0.102117,-0.107044,-0.110756,-0.113518,-0.115444,-0.116574,-0.116851,-0.116149,-0.114284,-0.111042,-0.106222,-0.0996677,-0.0913105,-0.0811866,-0.0694435,-0.0562961,-0.0419713,-0.0267779,-0.0110047,0.00514315,0.0212097,0.0369947,0.0523755,0.0672418,0.0815045,0.0950988,0.107984,0.120143,0.131574,0.142292,0.152324,0.161706,0.170479,0.178689,0.186384,0.193611,0.200417,0.206846,0.212939,0.218733,0.224262,0.229556,0.234642,0.239543,0.244277,0.248863,0.253313,0.257639,0.26185,0.265953,0.269953,0.273855,0.277661,0.281371,0.284987,0.288507,0.291931,0.295255,0.298476,0.301593,0.3046,0.307494,0.310269,0.312922,0.315448,0.317842,0.320098,0.322212,0.32418,0.325997,0.32766,0.329165,0.330509,0.33169,0.332706,0.333555,0.334238,0.334755,0.335105,0.335293,0.335318,0.335185,0.334897,0.334459,0.333874,0.333149,0.332289,0.331299,0.330187,0.328956,0.327611,0.326161,0.324613,0.322974,0.321252,0.319456,0.317593,0.315671,0.313698,0.311685,0.309638,0.307566,0.305471,0.303365,0.301243,0.299115,0.296966,0.294806,0.29259,0.290323,0.287911,0.285328,0.282372,0.278927,0.274544,0.26882,0.260692,0.248833,0.230498,0.201473,0.154834,0.0810083,0
0,-0.0068547,-0.0275418,-0.0412871,-0.0537835,-0.0645746,-0.0735279,-0.0809233,-0.0869842,-0.0919079,-0.0958035,-0.0987175,-0.10062,-0.101415,-0.100953,-0.0990486,-0.0955082,-0.0901661,-0.0829216,-0.0737735,-0.0628355,-0.0503311,-0.0365281,-0.0217308,-0.00624538,0.00965263,0.0254028,0.040989,0.0562633,0.0710682,0.0852856,0.0988317,0.111652,0.123715,0.135013,0.145552,0.155356,0.164455,0.172892,0.180713,0.187968,0.194708,0.200983,0.206842,0.212331,0.217494,0.222368,0.226989,0.231388,0.23559,0.23962,0.243497,0.247238,0.250855,0.254361,0.257762,0.261066,0.264278,0.2674,0.270433,0.273378,0.276234,0.278999,0.28167,0.284242,0.286713,0.289075,0.291325,0.293456,0.29546,0.297333,0.299067,0.300654,0.302087,0.303361,0.304468,0.305401,0.306154,0.306722,0.307099,0.307281,0.307264,0.307045,0.306621,0.305991,0.305156,0.304113,0.302866,0.301416,0.299766,0.297918,0.295875,0.293642,0.291226,0.288632,0.285868,0.282944,0.27987,0.276653,0.273303,0.269827,0.266236,0.262537,0.258742,0.25486,0.250901,0.246876,0.242794,0.238667,0.234503,0.230315,0.226103,0.221883,0.217641,0.213388,0.209086,0.204738,0.200253,0.195613,0.190624,0.185218,0.178994,0.171762,0.162711,0.151304,0.135793,0.114395,0.0827027,0.0372369,0
0,-0.00655253,-0.0187635,-0.0298938,-0.0398876,-0.0483751,-0.0555002,-0.0614038,-0.0662281,-0.0701044,-0.0731301,-0.0753545,-0.0767658,-0.0772868,-0.0767751,-0.0750334,-0.0718289,-0.066931,-0.0601688,-0.0514926,-0.041001,-0.0289434,-0.0156105,-0.00134588,0.0134482,0.0283025,0.0432105,0.0579521,0.0723402,0.0862301,0.0995164,0.112126,0.124013,0.135156,0.145551,0.155211,0.164164,0.172445,0.180099,0.187174,0.193721,0.199793,0.205439,0.210707,0.215641,0.220283,0.22467,0.228834,0.232804,0.236603,0.240255,0.243775,0.247179,0.250478,0.253681,0.256796,0.259828,0.26278,0.265654,0.26845,0.271167,0.273804,0.276358,0.278824,0.281198,0.283475,0.285648,0.287711,0.289657,0.291479,0.293167,0.294714,0.296112,0.297353,0.298426,0.299326,0.300042,0.300568,0.300895,0.301017,0.300927,0.300618,0.300087,0.299327,0.298337,0.297111,0.29565,0.293951,0.292012,0.289832,0.287415,0.284764,0.281881,0.278771,0.275437,0.271884,0.268117,0.264142,0.259965,0.255593,0.251035,0.246297,0.241389,0.236319,0.231099,0.225737,0.220246,0.214637,0.208922,0.203114,0.197226,0.191268,0.185253,0.179179,0.173057,0.166864,0.160598,0.154195,0.147629,0.140758,0.133524,0.125648,0.117041,0.107206,0.0960349,0.0825333,0.0660625,0.0434513,0.0143166,0
0,-0.00413711,-0.0124242,-0.021167,-0.02917,-0.036038,-0.0416858,-0.0461844,-0.0496812,-0.0522973,-0.0541633,-0.0553876,-0.0560224,-0.0560359,-0.0552967,-0.0535746,-0.0505625,-0.0459306,-0.0394257,-0.0309712,-0.0206885,-0.00888943,0.00408557,0.0177023,0.031656,0.0457969,0.0598619,0.07365,0.0870077,0.0998182,0.111996,0.123485,0.134251,0.144283,0.153587,0.162185,0.17011,0.177406,0.18412,0.190306,0.196018,0.201307,0.206226,0.210822,0.215137,0.21921,0.223077,0.226766,0.230303,0.233711,0.237006,0.240205,0.243318,0.246355,0.249322,0.252225,0.255067,0.25785,0.260573,0.263236,0.265837,0.268372,0.270837,0.273227,0.275537,0.277761,0.279891,0.28192,0.28384,0.285643,0.287319,0.28886,0.290257,0.2915,0.292581,0.293489,0.294216,0.294753,0.295091,0.295222,0.29514,0.294835,0.294304,0.293538,0.292535,0.291289,0.289795,0.28805,0.286053,0.283804,0.2813,0.278543,0.275532,0.272269,0.268755,0.264992,0.260982,0.256728,0.252233,0.247498,0.242529,0.237329,0.231902,0.226253,0.220389,0.214315,0.208039,0.201569,0.194917,0.188093,0.181109,0.173977,0.166711,0.159318,0.151807,0.144174,0.136419,0.128507,0.120421,0.112078,0.103442,0.0943655,0.0848377,0.0746361,0.063863,0.0519848,0.0387109,0.021535,0.00186549,0
0,-0.00191566,-0.00753397,-0.0143871,-0.0209397,-0.0265753,-0.031178,-0.0347281,-0.0372347,-0.0388299,-0.0396564,-0.0398813,-0.0396362,-0.0389548,-0.037728,-0.0356936,-0.032466,-0.0276269,-0.0208903,-0.0122224,-0.00184127,0.00986133,0.0223087,0.0353287,0.0486173,0.0618834,0.0749259,0.0875902,0.099756,0.111332,0.122254,0.132482,0.141995,0.150793,0.158893,0.166325,0.173131,0.179361,0.18507,0.190314,0.19515,0.199631,0.20381,0.207731,0.211436,0.21496,0.218336,0.221588,0.224738,0.227805,0.230801,0.233739,0.236626,0.239468,0.242269,0.245032,0.247756,0.250442,0.253087,0.255688,0.258242,0.260743,0.263187,0.265567,0.267876,0.270108,0.272253,0.274305,0.276253,0.278089,0.279804,0.281388,0.282831,0.284123,0.285254,0.286215,0.286996,0.287589,0.287983,0.288171,0.288145,0.287898,0.287423,0.286713,0.285766,0.284572,0.283131,0.281439,0.279494,0.277295,0.274839,0.272126,0.269157,0.26593,0.262446,0.258705,0.254707,0.250452,0.245941,0.241173,0.236147,0.230864,0.225323,0.219523,0.213465,0.207148,0.200575,0.193748,0.186671,0.179349,0.17179,0.164003,0.155999,0.147788,0.139382,0.130787,0.12201,0.113046,0.103893,0.0945255,0.0849459,0.0751157,0.0650982,0.0548697,0.0446263,0.0340665,0.0228972,0.00898514,-0.00521389,0
0,-0.000151216,-0.00355241,-0.00875667,-0.0141468,-0.0189021,-0.022773,-0.0256727,-0.0275662,-0.0285024,-0.0286114,-0.0280823,-0.0270985,-0.025745,-0.0239257,-0.0213346,-0.0175117,-0.0119837,-0.00454073,0.0047375,0.0153366,0.0268817,0.0390795,0.0515591,0.0640344,0.0763077,0.0882265,0.0996725,0.110556,0.12081,0.130392,0.139277,0.14746,0.154953,0.161785,0.167997,0.173641,0.178775,0.18346,0.187758,0.191729,0.195427,0.198903,0.2022,0.205356,0.208402,0.211365,0.214265,0.217118,0.219937,0.222731,0.225505,0.228263,0.231007,0.233737,0.23645,0.239146,0.24182,0.244467,0.247083,0.249662,0.252197,0.254681,0.257108,0.259469,0.261755,0.263959,0.266071,0.268082,0.269981,0.27176,0.273407,0.274912,0.276266,0.277458,0.278479,0.279317,0.279965,0.280413,0.280652,0.280674,0.280474,0.280042,0.279377,0.278469,0.277316,0.275916,0.274265,0.272361,0.270205,0.267795,0.26513,0.262212,0.25904,0.255615,0.251937,0.248006,0.243821,0.239381,0.234685,0.22973,0.224513,0.21903,0.213276,0.207247,0.200936,0.19434,0.187453,0.180273,0.172797,0.165027,0.156964,0.148615,0.139989,0.131096,0.121949,0.112563,0.102955,0.0931438,0.0831492,0.073016,0.0627884,0.0525928,0.0425336,0.0328392,0.0232957,0.0134606,0.00155133,-0.00928175,0
0,0.00119528,-0.000177525,-0.00379615,-0.00810152,-0.0121017,-0.015394,-0.017826,-0.0193293,-0.0198878,-0.0196031,-0.0186513,-0.0172209,-0.0153961,-0.0130416,-0.00976105,-0.00503023,0.00160478,0.010071,0.0199596,0.0309338,0.0425391,0.0543791,0.066183,0.0777594,0.0889634,0.0996872,0.10985,0.119394,0.128276,0.136471,0.143973,0.150791,0.156952,0.162498,0.167484,0.171975,0.176036,0.179737,0.183145,0.186321,0.18932,0.192189,0.194968,0.197689,0.200376,0.203049,0.205721,0.208401,0.211094,0.213803,0.216527,0.219264,0.222011,0.224763,0.227515,0.230261,0.232994,0.235709,0.238397,0.241052,0.243665,0.246228,0.248734,0.251174,0.253539,0.25582,0.258007,0.26009,0.262061,0.263908,0.265621,0.267189,0.268603,0.269852,0.270925,0.271813,0.272505,0.272994,0.273269,0.273325,0.273152,0.272745,0.272098,0.271206,0.270068,0.268679,0.267037,0.265143,0.262996,0.260596,0.257945,0.255044,0.251894,0.248497,0.244855,0.240969,0.236838,0.232463,0.227842,0.222972,0.217849,0.212468,0.206822,0.200902,0.1947,0.188206,0.181409,0.1743,0.16687,0.159111,0.15102,0.142596,0.133843,0.124769,0.115389,0.105724,0.0958032,0.085667,0.0753668,0.0649832,0.0546187,0.0444458,0.0346451,0.0254485,0.0166654,0.00773235,-0.00314811,-0.0116209,0
0,0.00216602,0.00266822,0.000740945,-0.00243471,-0.00567726,-0.00842598,-0.010459,-0.0116701,-0.0120237,-0.011592,-0.0105222,-0.00896085,-0.00691768,-0.00413523,-5.63796e-05,0.005859,0.0137046,0.0232505,0.0339576,0.0452615,0.0567304,0.0680808,0.0791226,0.0897258,0.0998022,0.10929,0.118142,0.126328,0.133825,0.140627,0.146744,0.152201,0.157045,0.161333,0.165137,0.168532,0.171597,0.174407,0.177034,0.179538,0.181971,0.184374,0.186781,0.189213,0.191687,0.194212,0.196791,0.199425,0.20211,0.20484,0.20761,0.21041,0.213233,0.21607,0.218912,0.221751,0.224578,0.227385,0.230163,0.232906,0.235603,0.238248,0.240833,0.243347,0.245784,0.248133,0.250386,0.252533,0.254564,0.256468,0.258236,0.259857,0.26132,0.262615,0.263731,0.264657,0.265385,0.265904,0.266206,0.266283,0.266126,0.265731,0.265091,0.264202,0.26306,0.261664,0.260013,0.258105,0.255942,0.253526,0.250858,0.247942,0.244781,0.241377,0.237735,0.233857,0.229745,0.225401,0.220824,0.216012,0.210964,0.205673,0.200133,0.194334,0.188266,0.181915,0.175268,0.168309,0.161025,0.153403,0.145431,0.137102,0.128414,0.119373,0.109991,0.100292,0.0903119,0.0801052,0.0697441,0.0593345,0.0490151,0.0389875,0.0294736,0.0206947,0.0124543,0.00405356,-0.0061729,-0.012987,0
0,0.00274648,0.00491491,0.00474632,0.00293006,0.000556224,-0.00163697,-0.00329629,-0.0042793,-0.00454951,-0.00416432,-0.00323023,-0.00180223,0.000279495,0.0034953,0.00848906,0.0157092,0.0249664,0.0355997,0.0468834,0.0582781,0.0694423,0.0801734,0.0903563,0.0999265,0.108845,0.117086,0.12463,0.131466,0.137593,0.143021,0.14778,0.151916,0.155495,0.158595,0.161303,0.163709,0.165903,0.167964,0.169963,0.171957,0.17399,0.176094,0.17829,0.180588,0.18299,0.185495,0.188096,0.19078,0.193538,0.196356,0.199222,0.202122,0.205045,0.207979,0.210915,0.213841,0.216751,0.219633,0.222482,0.225289,0.228046,0.230746,0.233382,0.235946,0.238429,0.240823,0.243119,0.245309,0.247381,0.249327,0.251135,0.252795,0.254296,0.255628,0.256778,0.257738,0.258496,0.259042,0.259368,0.259464,0.259323,0.258939,0.258304,0.257415,0.25627,0.254865,0.253199,0.251273,0.249088,0.246646,0.243951,0.241006,0.237817,0.234388,0.230723,0.226829,0.222709,0.218366,0.213804,0.209021,0.204018,0.198791,0.193334,0.187639,0.181694,0.175487,0.169002,0.16222,0.155126,0.1477,0.139926,0.131793,0.123291,0.114423,0.105196,0.0956354,0.0857789,0.0756865,0.0654425,0.0551664,0.0450162,0.0352073,0.0259796,0.0175378,0.00966388,0.00157364,-0.0081886,-0.0137826,0
0,0.0029201,0.00643241,0.00797976,0.00765104,0.00633661,0.00482015,0.0035529,0.00273201,0.00241912,0.00258396,0.00318226,0.00431238,0.00639581,0.0101977,0.0164443,0.0252031,0.0357674,0.0472,0.0587621,0.0699981,0.0806652,0.0906492,0.0999027,0.108409,0.116164,0.123169,0.129424,0.134939,0.13973,0.143829,0.147286,0.150173,0.152577,0.154598,0.156341,0.157909,0.159397,0.160884,0.162436,0.1641,0.165906,0.167872,0.170002,0.172291,0.174729,0.177298,0.179983,0.182762,0.185618,0.188534,0.191491,0.194476,0.197474,0.200475,0.203467,0.206442,0.209392,0.212308,0.215185,0.218016,0.220794,0.223514,0.226168,0.22875,0.231251,0.233665,0.235983,0.238196,0.240294,0.242266,0.244103,0.245793,0.247325,0.248688,0.249871,0.250861,0.251649,0.252224,0.252577,0.252696,0.252576,0.252208,0.251587,0.250707,0.249565,0.248158,0.246486,0.24455,0.242349,0.239889,0.237171,0.234202,0.230986,0.22753,0.22384,0.219923,0.215785,0.211431,0.206866,0.202094,0.197116,0.191931,0.186535,0.180922,0.175084,0.169006,0.162675,0.156072,0.149178,0.141972,0.134435,0.126549,0.118304,0.109694,0.100725,0.0914169,0.0818076,0.0719574,0.0619538,0.0519206,0.042022,0.032476,0.0235265,0.0153606,0.00774271,-0.000213725,-0.00958463,-0.0142341,0
0,0.00272819,0.00709929,0.0101413,0.0113106,0.0111673,0.0104211,0.00957003,0.00886977,0.00841167,0.00821814,0.00836782,0.00921733,0.0115645,0.0164312,0.0243022,0.0346017,0.0461847,0.0580465,0.0695562,0.0803884,0.0904025,0.0995519,0.107834,0.115266,0.121866,0.127657,0.132658,0.136894,0.140403,0.143239,0.145479,0.147219,0.148573,0.149662,0.150606,0.151515,0.152485,0.153587,0.154874,0.156376,0.158105,0.160058,0.162223,0.164578,0.167099,0.169759,0.172532,0.175395,0.178324,0.1813,0.184305,0.187325,0.190347,0.193361,0.196358,0.199331,0.202272,0.205178,0.208042,0.210858,0.213624,0.216332,0.218977,0.221553,0.224053,0.226469,0.228793,0.231016,0.233129,0.23512,0.236979,0.238694,0.240254,0.241646,0.24286,0.243882,0.244702,0.245309,0.245691,0.24584,0.245746,0.245403,0.244802,0.24394,0.242812,0.241416,0.239751,0.237816,0.235615,0.233148,0.230422,0.227441,0.224212,0.220741,0.217035,0.213103,0.208953,0.204591,0.200025,0.195259,0.190299,0.185146,0.179799,0.174255,0.168508,0.162546,0.156357,0.149924,0.143227,0.136246,0.128958,0.121345,0.113392,0.105088,0.0964371,0.0874533,0.0781705,0.0686456,0.0589634,0.0492448,0.0396514,0.0303955,0.0217158,0.0137826,0.00634488,-0.00157745,-0.0105942,-0.0144751,0
0,0.00228903,0.00691276,0.0110073,0.0134818,0.014481,0.0145315,0.0141036,0.0134865,0.0128176,0.0122132,0.0119722,0.0128536,0.0160831,0.0226547,0.0323571,0.0439457,0.0561226,0.0680259,0.0792017,0.08945,0.0987032,0.106959,0.114247,0.120604,0.126071,0.130681,0.134473,0.137489,0.139787,0.141449,0.14258,0.143306,0.143764,0.144094,0.144425,0.144869,0.145509,0.146403,0.147581,0.149052,0.150805,0.152817,0.155058,0.157494,0.160091,0.162816,0.16564,0.168537,0.171484,0.174462,0.177456,0.180454,0.183445,0.186422,0.189377,0.192304,0.1952,0.19806,0.200881,0.203658,0.206387,0.209063,0.211682,0.214238,0.216723,0.219131,0.221453,0.223679,0.225799,0.227804,0.22968,0.231416,0.233001,0.234421,0.235665,0.236718,0.237571,0.238211,0.238626,0.238808,0.238746,0.238432,0.23786,0.237023,0.235919,0.234543,0.232895,0.230976,0.228787,0.22633,0.223611,0.220636,0.21741,0.213941,0.210238,0.206308,0.202161,0.197806,0.193249,0.1885,0.183564,0.178445,0.173147,0.167668,0.162006,0.156152,0.150097,0.143825,0.137318,0.130558,0.123521,0.116188,0.108541,0.100568,0.0922663,0.0836463,0.074736,0.065586,0.0562748,0.0469151,0.0376602,0.0287108,0.020295,0.0125656,0.00525316,-0.00266089,-0.0113601,-0.0145854,0
0,0.00175087,0.00603743,0.0105735,0.0139406,0.0158664,0.0166201,0.0165714,0.0160057,0.0151182,0.0141903,0.013896,0.0155267,0.0205346,0.0292899,0.0406551,0.0530691,0.0654027,0.0770358,0.0876783,0.0972186,0.105638,0.112966,0.11925,0.124547,0.128908,0.132382,0.13502,0.136885,0.138061,0.138659,0.138813,0.13868,0.138416,0.138175,0.138085,0.138246,0.138724,0.13955,0.140731,0.142248,0.144068,0.146153,0.14846,0.150946,0.153574,0.15631,0.159125,0.161995,0.1649,0.167825,0.170757,0.173686,0.176605,0.179506,0.182387,0.185241,0.188067,0.19086,0.193619,0.19634,0.199019,0.201652,0.204235,0.20676,0.209223,0.211614,0.213925,0.216147,0.218269,0.220281,0.222169,0.223922,0.225527,0.226971,0.22824,0.229323,0.230207,0.230879,0.231328,0.231544,0.231516,0.231236,0.230697,0.229893,0.228819,0.227473,0.225854,0.223961,0.221796,0.219364,0.216668,0.213714,0.21051,0.207063,0.203381,0.199474,0.195351,0.191022,0.186494,0.181779,0.176882,0.171811,0.16657,0.161163,0.155588,0.149842,0.143918,0.137802,0.131482,0.124937,0.118148,0.111094,0.103756,0.096121,0.0881814,0.0799432,0.0714282,0.0626791,0.0537655,0.0447895,0.035892,0.0272594,0.019105,0.0115625,0.00434498,-0.00356309,-0.0119669,-0.0146133,0
0,0.001228,0.00475867,0.0090969,0.0127964,0.0152617,0.0164888,0.0166999,0.0161466,0.0151144,0.0141818,0.014575,0.0180303,0.0255855,0.0364795,0.0489966,0.0617332,0.0738775,0.0850262,0.0950027,0.103754,0.111294,0.117675,0.122961,0.127219,0.130512,0.132901,0.134451,0.135249,0.135406,0.135066,0.134395,0.133571,0.13277,0.132143,0.131807,0.131842,0.132284,0.133136,0.134375,0.135959,0.137841,0.13997,0.142297,0.14478,0.14738,0.150067,0.152816,0.155607,0.158423,0.161253,0.164087,0.166916,0.169735,0.172539,0.175325,0.17809,0.18083,0.183544,0.18623,0.188883,0.191502,0.194082,0.196618,0.199105,0.201535,0.203901,0.206193,0.208402,0.210518,0.212527,0.214419,0.216181,0.217798,0.219259,0.22055,0.221657,0.222568,0.22327,0.223752,0.224002,0.22401,0.223767,0.223265,0.222499,0.221464,0.220156,0.218574,0.216719,0.214592,0.212198,0.20954,0.206624,0.203459,0.200053,0.196413,0.19255,0.188473,0.184191,0.179716,0.175055,0.170218,0.165214,0.160048,0.154725,0.149249,0.143618,0.137828,0.13187,0.125733,0.119401,0.112855,0.106076,0.0990442,0.091745,0.0841688,0.0763167,0.0682039,0.0598653,0.0513604,0.042779,0.0342483,0.0259382,0.0180452,0.0106823,0.00354548,-0.00434744,-0.0124671,-0.0145885,0
0,0.000776377,0.0033674,0.00699873,0.010457,0.012987,0.0143598,0.0146478,0.0140802,0.0131313,0.0128663,0.0150746,0.0213537,0.0315587,0.0440172,0.0570855,0.0697484,0.0814726,0.0919985,0.101222,0.10913,0.115765,0.121194,0.125497,0.128748,0.131018,0.132379,0.132918,0.132743,0.132,0.130863,0.129527,0.12819,0.127027,0.126181,0.125746,0.125768,0.126251,0.127168,0.128472,0.130105,0.13201,0.134131,0.136423,0.138843,0.141362,0.143951,0.146592,0.149266,0.151963,0.154672,0.157386,0.160096,0.1628,0.165494,0.168173,0.170836,0.173481,0.176105,0.178707,0.181284,0.183833,0.186349,0.188829,0.191266,0.193652,0.195981,0.198243,0.200428,0.202524,0.204521,0.206405,0.208165,0.209785,0.211254,0.212558,0.213683,0.214616,0.215344,0.215856,0.216139,0.216184,0.21598,0.215521,0.214799,0.213809,0.212549,0.211015,0.20921,0.207134,0.204792,0.202187,0.199327,0.196219,0.192872,0.189294,0.185495,0.181486,0.177276,0.172875,0.168294,0.16354,0.158625,0.153554,0.148335,0.142973,0.13747,0.131823,0.126029,0.120077,0.113957,0.107651,0.101142,0.0944105,0.0874415,0.0802232,0.0727525,0.0650391,0.05711,0.0490141,0.0408293,0.0326679,0.0246833,0.0170531,0.00986878,0.00280832,-0.00505486,-0.0128949,-0.0145297,0
0,0.000404636,0.00205608,0.00469054,0.00745269,0.0096003,0.010779,0.010969,0.0104732,0.0101311,0.0115757,0.0166925,0.0260388,0.0382525,0.0515418,0.0646909,0.0770223,0.0881774,0.0979857,0.106395,0.113426,0.119144,0.123632,0.126975,0.129257,0.130556,0.130957,0.130567,0.129526,0.128011,0.126227,0.124391,0.122708,0.121343,0.120414,0.119983,0.120058,0.120612,0.121592,0.122934,0.124572,0.126447,0.128508,0.130711,0.133024,0.135421,0.137879,0.140383,0.142919,0.145478,0.148051,0.150631,0.153213,0.155792,0.158365,0.160928,0.163481,0.166021,0.168546,0.171055,0.173544,0.176012,0.178453,0.180864,0.183238,0.185568,0.187847,0.190064,0.19221,0.194274,0.196244,0.198107,0.199851,0.201463,0.202929,0.204236,0.20537,0.206318,0.207067,0.207605,0.207921,0.208003,0.207841,0.207428,0.206756,0.20582,0.204616,0.203142,0.201399,0.199389,0.197114,0.194579,0.191792,0.18876,0.185491,0.181996,0.178284,0.174365,0.170249,0.165947,0.161468,0.156822,0.152018,0.147066,0.141972,0.136743,0.131383,0.125893,0.120271,0.114512,0.108606,0.102539,0.0962952,0.0898583,0.0832115,0.0763422,0.0692438,0.0619211,0.0543935,0.0467006,0.0389082,0.0311143,0.0234557,0.0160907,0.00908707,0.00210621,-0.00571184,-0.0132725,-0.014449,0
0,9.34883e-05,0.000892312,0.00244645,0.0042515,0.0057055,0.00645684,0.00652786,0.00646989,0.00759867,0.0117822,0.0201405,0.0318765,0.0452178,0.0587711,0.0717016,0.0835337,0.0940135,0.103034,0.110588,0.116726,0.12153,0.125094,0.127511,0.128867,0.129252,0.128767,0.127542,0.125749,0.123598,0.121318,0.11914,0.11726,0.115822,0.114908,0.114541,0.114693,0.115311,0.116322,0.117658,0.119251,0.121046,0.123,0.125077,0.12725,0.129499,0.131805,0.134157,0.136543,0.138954,0.141382,0.143821,0.146266,0.148713,0.151157,0.153598,0.156032,0.158458,0.160874,0.163278,0.165669,0.168043,0.170397,0.172725,0.175021,0.17728,0.179492,0.181649,0.183741,0.185757,0.187684,0.189512,0.191227,0.192817,0.194267,0.195566,0.1967,0.197656,0.19842,0.198981,0.199326,0.199445,0.199326,0.198963,0.198346,0.197471,0.196334,0.194931,0.193264,0.191333,0.189141,0.186694,0.183999,0.181062,0.177892,0.1745,0.170896,0.167089,0.163091,0.15891,0.154558,0.150043,0.145375,0.140564,0.135617,0.130541,0.125343,0.120025,0.114589,0.10903,0.103343,0.0975161,0.0915363,0.085388,0.0790554,0.0725247,0.0657874,0.0588436,0.0517061,0.0444062,0.0369982,0.0295671,0.0222333,0.0151357,0.00831721,0.00142063,-0.00633558,-0.0136143,-0.0143542,0
0,-0.000180453,-0.000127607,0.000405936,0.00120152,0.00186967,0.00220405,0.0024399,0.00348582,0.0069489,0.0142136,0.0251668,0.0382985,0.052099,0.0655661,0.0780836,0.0892923,0.0990144,0.107198,0.113873,0.119114,0.123017,0.125684,0.127212,0.127694,0.127229,0.125936,0.123976,0.121552,0.118901,0.116273,0.113894,0.111941,0.110523,0.109682,0.109399,0.10962,0.110269,0.11127,0.112551,0.114054,0.11573,0.117545,0.119469,0.121483,0.123569,0.125713,0.127904,0.130132,0.132389,0.134667,0.13696,0.139262,0.14157,0.143881,0.14619,0.148497,0.1508,0.153097,0.155387,0.157667,0.159935,0.162186,0.164417,0.166621,0.168793,0.170923,0.173003,0.175023,0.176974,0.178843,0.180619,0.18229,0.183844,0.185267,0.186547,0.187671,0.188626,0.189398,0.189977,0.190349,0.190503,0.190429,0.190118,0.189562,0.188755,0.187693,0.186372,0.184793,0.182955,0.180863,0.178521,0.175936,0.173114,0.170064,0.166797,0.163322,0.15965,0.155791,0.151755,0.147553,0.143192,0.138684,0.134036,0.129258,0.124356,0.119338,0.114209,0.108972,0.103624,0.0981625,0.092579,0.0868623,0.0809984,0.0749724,0.0687704,0.062382,0.0558039,0.0490436,0.0421244,0.0350911,0.0280159,0.0210044,0.014176,0.00754616,0.000741746,-0.00693753,-0.0139308,-0.0142505,0
0,-0.000423467,-0.000992429,-0.00131928,-0.00139026,-0.00133485,-0.00110058,-0.000166277,0.00264091,0.00872801,0.0185317,0.031071,0.0448542,0.0587155,0.0718719,0.0838302,0.0943172,0.10322,0.110534,0.11632,0.120672,0.123696,0.1255,0.126184,0.125846,0.124598,0.122584,0.119993,0.11706,0.114044,0.1112,0.108739,0.106806,0.105467,0.104719,0.104514,0.104772,0.105413,0.106358,0.107544,0.108921,0.11045,0.112105,0.113862,0.115705,0.117621,0.119597,0.121623,0.12369,0.125789,0.127913,0.130056,0.132211,0.134376,0.136546,0.138718,0.14089,0.143061,0.14523,0.147394,0.149551,0.1517,0.153835,0.155954,0.15805,0.160118,0.162149,0.164136,0.166069,0.167938,0.169733,0.171443,0.173055,0.174559,0.175941,0.177191,0.178295,0.17924,0.180014,0.180605,0.181,0.181188,0.181158,0.180902,0.18041,0.179677,0.178697,0.177468,0.175988,0.174258,0.172281,0.170061,0.167603,0.164916,0.162007,0.158885,0.155562,0.152046,0.148349,0.14448,0.140449,0.136266,0.131938,0.127476,0.122887,0.118179,0.113361,0.108437,0.103412,0.0982864,0.0930586,0.0877228,0.0822696,0.076687,0.0709613,0.0650786,0.0590276,0.0528021,0.0464052,0.0398539,0.033184,0.026457,0.0197643,0.013206,0.00676962,5.96877e-05,-0.00752509,-0.0142284,-0.0141414,0
0,-0.000612502,-0.00163878,-0.00256902,-0.00318871,-0.00336293,-0.00276465,-0.000659102,0.0041826,0.0124768,0.0239302,0.0372999,0.0513071,0.064981,0.0776598,0.0889425,0.0986318,0.106672,0.1131,0.118,0.121481,0.123656,0.124635,0.124521,0.123421,0.121464,0.118818,0.115705,0.112384,0.109128,0.106183,0.103733,0.101879,0.100643,0.0999847,0.0998289,0.100087,0.100677,0.101529,0.102589,0.103816,0.105182,0.106664,0.108246,0.109915,0.111657,0.113462,0.115322,0.117225,0.119164,0.121131,0.123121,0.125126,0.127142,0.129166,0.131195,0.133226,0.135257,0.137288,0.139316,0.14134,0.143356,0.145363,0.147356,0.149329,0.151278,0.153195,0.155073,0.156903,0.158675,0.160381,0.162009,0.163549,0.164989,0.16632,0.167527,0.168601,0.169527,0.170295,0.170892,0.171306,0.171525,0.171539,0.171337,0.170913,0.170257,0.169367,0.168237,0.166867,0.165257,0.163408,0.161325,0.159013,0.156478,0.153729,0.150773,0.147622,0.144284,0.14077,0.13709,0.133252,0.129265,0.125139,0.120882,0.116502,0.112008,0.107406,0.102703,0.097904,0.093012,0.0880262,0.0829429,0.0777548,0.0724516,0.0670207,0.061449,0.0557244,0.0498389,0.0437923,0.0375957,0.0312779,0.0248907,0.0185124,0.0122246,0.00598674,-0.000634361,-0.00810155,-0.0145118,-0.0140286,0
0,-0.000704802,-0.00196916,-0.00318224,-0.00395657,-0.00393745,-0.00260004,0.000903628,0.00747954,0.0173354,0.0297758,0.0435586,0.0575341,0.0708393,0.0829079,0.0934245,0.102261,0.109414,0.114952,0.11898,0.121616,0.122977,0.123174,0.122313,0.120514,0.117924,0.11474,0.111211,0.107617,0.104231,0.101278,0.0989027,0.0971589,0.0960261,0.0954343,0.095293,0.0955127,0.0960169,0.0967467,0.0976587,0.0987223,0.099915,0.10122,0.102624,0.104115,0.105683,0.107317,0.109008,0.110747,0.112524,0.114334,0.116167,0.118019,0.119884,0.121759,0.123639,0.125523,0.127408,0.129293,0.131177,0.133056,0.13493,0.136796,0.13865,0.140488,0.142304,0.144093,0.145848,0.14756,0.149222,0.150824,0.152358,0.153812,0.155178,0.156444,0.157599,0.158631,0.15953,0.160284,0.16088,0.161307,0.161553,0.161608,0.161461,0.161104,0.16053,0.159733,0.15871,0.157458,0.155978,0.15427,0.152338,0.150187,0.147821,0.145249,0.142479,0.139519,0.136378,0.133067,0.129595,0.125969,0.122199,0.118294,0.114261,0.110107,0.105842,0.101472,0.097005,0.0924456,0.0877975,0.0830618,0.0782362,0.0733153,0.0682902,0.0631498,0.0578817,0.0524736,0.0469165,0.0412071,0.0353526,0.0293755,0.0233191,0.01725,0.0112315,0.00519285,-0.00133441,-0.00867173,-0.0147842,-0.013914,0
0,-0.000673916,-0.00193487,-0.003116,-0.00370128,-0.00319324,-0.000967503,0.00385473,0.0117327,0.0226687,0.0357385,0.0496933,0.0634527,0.0762452,0.0875988,0.097282,0.105231,0.111488,0.116146,0.119325,0.121148,0.121733,0.121193,0.119641,0.117208,0.114064,0.110436,0.106596,0.102835,0.0994122,0.0965204,0.0942569,0.09263,0.091583,0.0910258,0.0908631,0.0910104,0.0914021,0.0919906,0.0927427,0.0936351,0.0946508,0.0957769,0.0970021,0.0983163,0.0997094,0.101172,0.102694,0.104267,0.105883,0.107533,0.10921,0.110907,0.112619,0.114342,0.11607,0.117803,0.119537,0.12127,0.123002,0.12473,0.126453,0.128168,0.129872,0.131563,0.133235,0.134884,0.136503,0.138086,0.139625,0.141112,0.142539,0.143896,0.145176,0.146366,0.147458,0.148441,0.149303,0.150034,0.150622,0.151055,0.151324,0.151415,0.151321,0.151031,0.15054,0.14984,0.148928,0.147802,0.14646,0.144903,0.143134,0.141156,0.138975,0.136596,0.134027,0.131275,0.12835,0.12526,0.122013,0.118617,0.115082,0.111413,0.10762,0.103709,0.0996881,0.0955648,0.0913458,0.087037,0.0826425,0.0781642,0.0736013,0.0689495,0.0642017,0.0593482,0.054377,0.0492765,0.0440367,0.0386528,0.0331284,0.0274808,0.021746,0.0159802,0.010228,0.00438733,-0.0020393,-0.00923735,-0.0150478,-0.013798,0
0,-0.000533391,-0.00158664,-0.0024979,-0.00267795,-0.00155134,0.00157399,0.00741532,0.0163625,0.0281509,0.0416528,0.0556045,0.0689975,0.0811603,0.0917192,0.100524,0.107571,0.112936,0.116735,0.119095,0.12014,0.119992,0.118764,0.116577,0.113578,0.109964,0.105985,0.101933,0.0980956,0.09471,0.0919247,0.0897886,0.088268,0.0872798,0.086724,0.0865077,0.0865571,0.0868183,0.0872543,0.0878401,0.0885585,0.0893967,0.0903442,0.0913914,0.0925291,0.0937481,0.0950391,0.0963931,0.0978013,0.0992548,0.100745,0.102265,0.103807,0.105365,0.106935,0.10851,0.110089,0.111669,0.113247,0.114822,0.116393,0.117958,0.119515,0.121062,0.122597,0.124116,0.125615,0.127089,0.128532,0.129938,0.1313,0.13261,0.13386,0.135043,0.136148,0.137167,0.13809,0.138907,0.139606,0.140178,0.140612,0.140896,0.14102,0.140974,0.140751,0.140341,0.13974,0.138943,0.137946,0.13675,0.135352,0.133756,0.131963,0.129978,0.127805,0.125451,0.122924,0.120229,0.117375,0.114369,0.111218,0.107931,0.104514,0.100974,0.0973189,0.0935551,0.0896899,0.0857303,0.0816817,0.0775489,0.0733344,0.0690382,0.0646574,0.0601863,0.055616,0.0509359,0.0461348,0.0412026,0.0361329,0.030927,0.0255981,0.0201758,0.0147065,0.00921678,0.00357271,-0.0027488,-0.00979924,-0.0153036,-0.0136811,0
0,-0.000331333,-0.00105381,-0.00156645,-0.00125466,0.000514788,0.00444576,0.0111839,0.0211283,0.0336429,0.0474211,0.0612165,0.0741146,0.0855537,0.0952611,0.103164,0.109308,0.1138,0.116767,0.118342,0.118651,0.117814,0.115949,0.113187,0.109694,0.105691,0.101453,0.0972779,0.0934421,0.0901472,0.0874933,0.0854825,0.0840471,0.0830874,0.0825024,0.0822078,0.0821416,0.0822615,0.0825394,0.0829573,0.0835022,0.0841642,0.0849346,0.0858052,0.0867675,0.0878131,0.0889333,0.0901196,0.091363,0.0926546,0.0939861,0.0953495,0.0967373,0.0981425,0.0995592,0.100982,0.102408,0.103833,0.105254,0.106671,0.108081,0.109484,0.110878,0.112263,0.113636,0.114995,0.116337,0.117658,0.118954,0.120219,0.121447,0.122632,0.123766,0.124843,0.125854,0.126792,0.127646,0.128408,0.129068,0.129616,0.130042,0.130336,0.130487,0.130486,0.130325,0.129996,0.129494,0.128813,0.12795,0.126903,0.125671,0.124254,0.122655,0.120875,0.11892,0.116793,0.1145,0.112048,0.109442,0.106689,0.103797,0.10077,0.097616,0.0943411,0.090952,0.0874553,0.0838579,0.080166,0.0763855,0.0725209,0.0685752,0.0645492,0.0604406,0.0562449,0.0519545,0.0475601,0.0430508,0.0384167,0.0336509,0.0287527,0.023732,0.0186132,0.0134335,0.00820148,0.00275036,-0.00346198,-0.0103573,-0.0155518,-0.0135629,0
0,-0.000125507,-0.000484304,-0.000565985,0.000243716,0.00261025,0.00729686,0.015015,0.0259459,0.0390676,0.0529701,0.0664678,0.0787597,0.0894027,0.0982224,0.105216,0.110472,0.114117,0.116287,0.117116,0.116732,0.115254,0.112806,0.109531,0.105617,0.101308,0.0968944,0.0926758,0.0889028,0.0857337,0.0832192,0.08132,0.0799438,0.0789839,0.078345,0.0779544,0.0777621,0.0777357,0.0778546,0.0781057,0.0784794,0.0789677,0.0795633,0.080259,0.0810472,0.0819204,0.0828707,0.0838896,0.0849687,0.0860995,0.0872735,0.0884821,0.0897171,0.0909711,0.0922374,0.0935102,0.0947843,0.0960558,0.0973217,0.0985801,0.0998298,0.10107,0.1023,0.10352,0.104728,0.105923,0.107103,0.108267,0.109409,0.110527,0.111615,0.112668,0.11368,0.114644,0.115553,0.116401,0.117179,0.117878,0.118491,0.119007,0.119419,0.119715,0.119888,0.119926,0.119824,0.119573,0.119168,0.118603,0.117875,0.11698,0.115917,0.114686,0.113285,0.111719,0.109988,0.108096,0.106047,0.103846,0.101498,0.0990082,0.0963819,0.0936246,0.0907423,0.0877405,0.0846255,0.0814036,0.0780808,0.0746633,0.0711565,0.0675649,0.0638914,0.0601374,0.0563015,0.0523798,0.048366,0.0442517,0.040027,0.0356823,0.0312106,0.0266099,0.0218873,0.0170628,0.0121652,0.00718473,0.00192334,-0.00417738,-0.0109108,-0.0157924,-0.0134426,0
0,4.0301e-05,9.40209e-06,0.000333605,0.00162367,0.00458417,0.0100891,0.0189118,0.0307807,0.0443672,0.0582389,0.0713064,0.082898,0.092692,0.100607,0.106701,0.111093,0.113925,0.115336,0.115462,0.11443,0.112361,0.109386,0.105663,0.101401,0.0968642,0.0923548,0.0881595,0.0844946,0.0814706,0.0790909,0.0772828,0.0759394,0.074955,0.0742442,0.0737468,0.0734235,0.0732503,0.0732124,0.0733001,0.073506,0.0738237,0.0742471,0.0747699,0.0753855,0.0760875,0.0768685,0.0777208,0.0786366,0.0796077,0.0806253,0.0816808,0.0827656,0.0838715,0.084991,0.086117,0.0872436,0.0883658,0.0894799,0.0905838,0.0916758,0.0927554,0.0938224,0.094877,0.0959194,0.0969495,0.0979666,0.0989695,0.0999559,0.100923,0.101867,0.102783,0.103667,0.104513,0.105314,0.106066,0.10676,0.10739,0.107948,0.108426,0.108816,0.109108,0.109295,0.109368,0.10932,0.109144,0.108834,0.108385,0.107791,0.107049,0.106156,0.105112,0.103914,0.102563,0.101061,0.0994089,0.0976094,0.0956656,0.0935809,0.0913594,0.0890053,0.0865231,0.0839178,0.0811947,0.078359,0.0754166,0.0723732,0.069234,0.0660044,0.0626885,0.0592892,0.0558079,0.0522438,0.048594,0.044853,0.0410133,0.0370663,0.0330028,0.0288158,0.0245026,0.0200684,0.0155296,0.0109064,0.00617133,0.00109211,-0.00489324,-0.0114591,-0.0160246,-0.0133195,0
0,0.000148359,0.000375534,0.00105503,0.00280686,0.00643564,0.0129279,0.0229077,0.0356015,0.0494884,0.063173,0.0756885,0.086503,0.0954139,0.102424,0.107638,0.111199,0.113256,0.113952,0.11342,0.111788,0.10918,0.105736,0.101631,0.0970927,0.0924048,0.0878697,0.0837517,0.0802258,0.0773529,0.0750952,0.0733555,0.0720213,0.070994,0.0701999,0.0695905,0.0691359,0.0688186,0.0686281,0.068557,0.0685995,0.0687504,0.0690046,0.0693567,0.0698017,0.0703336,0.0709461,0.0716326,0.0723858,0.073198,0.0740607,0.0749651,0.0759024,0.0768638,0.0778406,0.0788248,0.0798093,0.0807882,0.0817569,0.0827122,0.0836522,0.0845762,0.0854844,0.0863777,0.087257,0.0881234,0.0889777,0.0898199,0.0906493,0.091464,0.0922616,0.0930387,0.0937915,0.0945152,0.095205,0.0958557,0.0964615,0.0970162,0.0975137,0.0979468,0.0983082,0.0985905,0.0987862,0.0988884,0.0988903,0.0987852,0.0985669,0.0982295,0.0977677,0.0971772,0.0964543,0.0955961,0.0946007,0.093467,0.0921945,0.0907834,0.0892348,0.0875497,0.0857305,0.0837796,0.0816999,0.0794952,0.0771695,0.0747271,0.0721731,0.0695124,0.0667502,0.0638912,0.0609402,0.0579007,0.0547757,0.0515664,0.0482725,0.0448914,0.0414188,0.0378483,0.0341718,0.0303814,0.0264703,0.0224351,0.0182802,0.014018,0.00966105,0.00516312,0.000262107,-0.00560921,-0.0120005,-0.0162465,-0.0131925,0
0,0.000204122,0.000620481,0.0016137,0.00384282,0.00826341,0.0159027,0.027003,0.0403667,0.0543779,0.067722,0.0795774,0.0895564,0.0975681,0.103685,0.108049,0.110818,0.112145,0.11217,0.111027,0.108845,0.105752,0.101899,0.0974768,0.0927348,0.0879665,0.0834659,0.079467,0.0760981,0.073373,0.0712196,0.0695266,0.0681829,0.0671,0.0662167,0.0654947,0.0649121,0.064456,0.0641187,0.0638945,0.0637787,0.0637671,0.0638556,0.06404,0.0643162,0.0646792,0.0651242,0.0656455,0.0662366,0.0668904,0.0675992,0.0683543,0.0691467,0.0699669,0.0708056,0.0716539,0.0725032,0.0733464,0.0741777,0.0749929,0.0757892,0.0765656,0.0773223,0.0780605,0.0787821,0.0794894,0.0801843,0.0808684,0.0815422,0.0822054,0.0828568,0.0834944,0.0841152,0.0847155,0.0852915,0.0858389,0.086353,0.086829,0.0872614,0.0876446,0.0879727,0.0882395,0.0884391,0.0885655,0.0886123,0.0885733,0.088442,0.0882123,0.0878784,0.0874352,0.0868781,0.0862032,0.0854073,0.0844877,0.0834425,0.0822704,0.0809705,0.0795426,0.0779872,0.0763054,0.0744992,0.0725709,0.0705239,0.0683619,0.066089,0.0637097,0.0612282,0.0586488,0.0559755,0.0532115,0.0503591,0.0474195,0.0443927,0.0412765,0.0380674,0.0347598,0.031347,0.0278217,0.0241775,0.0204115,0.0165265,0.0125323,0.00843434,0.0041679,-0.000573054,-0.00632031,-0.012533,-0.0164571,-0.0130598,0
0,0.000225311,0.000787065,0.00209039,0.00487019,0.0101988,0.0190589,0.0311728,0.0450267,0.0589803,0.0718393,0.0829432,0.092047,0.0991589,0.104407,0.107959,0.109979,0.11062,0.110022,0.108318,0.105637,0.102115,0.0979131,0.0932405,0.088363,0.0835785,0.0791634,0.0753137,0.0721093,0.0695219,0.0674545,0.0657895,0.0644226,0.063277,0.0623032,0.061472,0.0607672,0.0601793,0.0597022,0.0593314,0.0590633,0.0588943,0.0588213,0.0588414,0.0589511,0.059147,0.0594253,0.0597816,0.0602107,0.0607063,0.0612616,0.0618683,0.0625176,0.0631997,0.0639047,0.0646226,0.0653439,0.06606,0.0667634,0.0674489,0.0681122,0.0687517,0.0693671,0.0699599,0.0705324,0.0710879,0.0716297,0.0721604,0.0726825,0.0731974,0.073705,0.0742046,0.0746945,0.0751721,0.0756346,0.0760784,0.0765,0.0768953,0.0772606,0.0775912,0.0778827,0.0781305,0.0783299,0.0784758,0.0785625,0.078584,0.0785338,0.0784057,0.0781935,0.0778915,0.077494,0.0769963,0.0763937,0.0756823,0.0748587,0.0739197,0.0728629,0.0716869,0.0703902,0.0689728,0.0674355,0.0657797,0.0640077,0.0621226,0.0601278,0.0580269,0.0558234,0.053521,0.0511227,0.048631,0.0460479,0.0433744,0.0406103,0.0377541,0.0348027,0.0317517,0.0285952,0.0253268,0.0219412,0.0184354,0.0148114,0.0110767,0.0072292,0.00318465,-0.00140294,-0.0070263,-0.0130544,-0.0166543,-0.0129198,0
0,0.000231583,0.000924497,0.00256183,0.00598593,0.0123403,0.0224011,0.0353764,0.0495245,0.0632397,0.0754823,0.085763,0.0939705,0.100196,0.104609,0.107391,0.108709,0.108712,0.10754,0.105326,0.1022,0.0983041,0.0938142,0.0889566,0.0840088,0.0792649,0.0749761,0.0712951,0.068255,0.0657919,0.0637931,0.0621415,0.0607427,0.0595322,0.0584708,0.0575365,0.0567171,0.0560054,0.0553966,0.0548868,0.0544731,0.0541529,0.0539237,0.0537833,0.0537295,0.0537603,0.0538731,0.0540647,0.0543314,0.0546685,0.0550698,0.055528,0.0560348,0.0565806,0.0571551,0.0577478,0.0583478,0.0589452,0.0595312,0.0600985,0.0606414,0.0611569,0.0616442,0.0621041,0.0625393,0.0629535,0.063351,0.0637363,0.0641132,0.0644849,0.064853,0.0652183,0.0655805,0.0659381,0.0662891,0.0666312,0.0669614,0.0672772,0.0675754,0.0678529,0.0681066,0.0683331,0.0685292,0.0686904,0.0688117,0.0688874,0.0689115,0.0688775,0.0687791,0.0686098,0.0683636,0.0680343,0.0676162,0.0671042,0.066493,0.0657782,0.064956,0.0640229,0.0629768,0.0618159,0.0605401,0.0591497,0.0576465,0.0560324,0.0543102,0.0524826,0.0505523,0.0485219,0.0463937,0.0441695,0.0418508,0.0394381,0.0369312,0.034329,0.0316289,0.0288275,0.0259197,0.0229003,0.0197646,0.01651,0.0131384,0.00965455,0.00604886,0.00221824,-0.00222533,-0.00772442,-0.0135623,-0.0168354,-0.0127712,0
0,0.000239157,0.00107422,0.00308271,0.0072414,0.0147046,0.0258964,0.0395576,0.0537957,0.0670999,0.0786142,0.0880209,0.0953286,0.100694,0.104313,0.106372,0.107035,0.106451,0.104755,0.102082,0.0985635,0.094352,0.0896356,0.0846563,0.0796984,0.0750446,0.0709133,0.0674117,0.0645298,0.0621769,0.0602318,0.0585832,0.0571486,0.055875,0.0547318,0.0537025,0.0527776,0.0519514,0.0512198,0.0505796,0.0500284,0.0495638,0.0491843,0.0488883,0.0486751,0.0485434,0.0484922,0.0485198,0.0486239,0.0488012,0.049047,0.0493554,0.0497189,0.0501285,0.0505741,0.0510448,0.0515289,0.0520155,0.0524939,0.0529547,0.053391,0.0537976,0.054172,0.0545144,0.0548269,0.0551134,0.055379,0.0556296,0.0558704,0.0561063,0.0563413,0.0565779,0.0568171,0.0570589,0.0573024,0.0575463,0.0577885,0.0580273,0.0582606,0.0584864,0.0587027,0.0589074,0.0590979,0.0592708,0.0594217,0.0595454,0.0596363,0.0596881,0.0596942,0.0596478,0.0595422,0.0593703,0.0591256,0.0588011,0.0583906,0.0578884,0.0572889,0.0565875,0.0557807,0.0548658,0.0538415,0.0527074,0.0514641,0.050113,0.0486557,0.0470941,0.04543,0.0436649,0.0418004,0.0398372,0.0377762,0.0356176,0.0333613,0.031006,0.0285502,0.0259907,0.0233238,0.0205451,0.0176507,0.0146389,0.0115107,0.00826903,0.00489672,0.00126857,-0.00303504,-0.00841153,-0.0140538,-0.0169975,-0.0126117,0
0,0.000258241,0.00126767,0.00370676,0.00866527,0.0172777,0.0294996,0.0436505,0.0577721,0.0705073,0.0812039,0.0897082,0.0961294,0.100671,0.103541,0.104926,0.104986,0.103864,0.101697,0.0986163,0.0947609,0.0902908,0.0854084,0.0803678,0.0754543,0.0709318,0.0669805,0.0636619,0.0609293,0.0586727,0.0567697,0.0551182,0.0536478,0.0523159,0.0510989,0.049984,0.0489639,0.0480334,0.0471889,0.046428,0.045748,0.0451473,0.0446245,0.0441793,0.0438114,0.0435209,0.0433081,0.0431727,0.043114,0.0431301,0.0432185,0.0433745,0.0435923,0.0438639,0.0441798,0.0445293,0.0449009,0.0452822,0.0456612,0.0460269,0.0463699,0.046683,0.0469616,0.0472041,0.0474113,0.0475871,0.0477365,0.0478661,0.0479828,0.0480934,0.0482039,0.0483189,0.0484412,0.0485727,0.0487138,0.0488641,0.0490226,0.0491884,0.0493603,0.0495372,0.0497178,0.049901,0.0500848,0.0502665,0.0504425,0.0506083,0.0507585,0.0508872,0.0509879,0.0510536,0.0510767,0.0510497,0.0509648,0.0508142,0.0505905,0.0502866,0.0498958,0.0494125,0.0488317,0.0481502,0.0473655,0.0464764,0.0454825,0.0443842,0.0431823,0.0418776,0.040471,0.0389629,0.0373537,0.0356434,0.0338321,0.0319198,0.029906,0.02779,0.0255702,0.0232448,0.0208104,0.0182639,0.0156026,0.0128246,0.00993137,0.00692332,0.00377475,0.000340872,-0.00383122,-0.00908474,-0.0145251,-0.0171376,-0.0124392,0
0,0.000288094,0.00150662,0.00444339,0.0102719,0.0200405,0.0331562,0.0475811,0.0613845,0.0734142,0.0832291,0.090824,0.0963862,0.100148,0.10232,0.103083,0.102591,0.100983,0.0983951,0.0949604,0.0908225,0.0861511,0.0811614,0.0761162,0.0712957,0.0669374,0.0631806,0.0600438,0.0574499,0.0552776,0.0534085,0.0517518,0.0502489,0.0488658,0.0475844,0.0463945,0.0452898,0.044266,0.04332,0.0424485,0.0416497,0.0409219,0.0402644,0.0396773,0.039161,0.0387168,0.0383459,0.0380495,0.0378282,0.0376824,0.0376109,0.0376115,0.0376797,0.0378093,0.0379923,0.0382188,0.0384776,0.0387562,0.0390414,0.0393206,0.0395822,0.0398166,0.0400167,0.0401782,0.0403003,0.0403849,0.0404369,0.0404631,0.0404713,0.04047,0.0404672,0.0404697,0.0404829,0.0405106,0.0405549,0.0406168,0.0406964,0.0407936,0.040908,0.0410392,0.0411864,0.041349,0.0415256,0.0417141,0.0419115,0.0421139,0.0423165,0.0425136,0.0426988,0.0428649,0.043004,0.0431081,0.0431684,0.0431767,0.0431243,0.043003,0.0428055,0.0425248,0.0421556,0.0416932,0.0411345,0.0404774,0.0397207,0.0388637,0.0379062,0.0368479,0.0356885,0.0344273,0.0330635,0.0315966,0.0300258,0.0283506,0.0265705,0.0246848,0.0226927,0.0205923,0.0183821,0.0160594,0.0136223,0.0110698,0.00840295,0.00562007,0.00268746,-0.000567761,-0.00460881,-0.00974019,-0.0149736,-0.0172528,-0.0122511,0
0,0.000323653,0.00177803,0.00527473,0.0120578,0.0229623,0.0367988,0.0512694,0.0645669,0.0757811,0.0846773,0.0913759,0.0961191,0.0991511,0.100678,0.100871,0.0998782,0.0978364,0.0948797,0.0911442,0.0867784,0.0819619,0.0769213,0.0719241,0.067238,0.0630696,0.0595154,0.0565551,0.0540888,0.0519911,0.0501512,0.0484904,0.0469606,0.0455351,0.0441994,0.0429455,0.0417679,0.0406627,0.0396262,0.0386555,0.0377486,0.0369041,0.0361217,0.0354014,0.0347447,0.0341533,0.0336293,0.0331752,0.0327934,0.0324855,0.0322525,0.0320939,0.0320079,0.0319902,0.0320347,0.0321333,0.0322757,0.0324498,0.0326425,0.0328401,0.0330291,0.0331973,0.0333347,0.0334343,0.0334921,0.0335078,0.0334845,0.0334282,0.0333473,0.033251,0.0331493,0.0330513,0.032965,0.0328966,0.0328504,0.0328292,0.0328346,0.0328675,0.0329281,0.0330165,0.0331324,0.0332755,0.0334448,0.0336386,0.0338542,0.0340884,0.0343368,0.034594,0.0348537,0.0351087,0.035351,0.0355719,0.0357627,0.0359139,0.0360164,0.0360615,0.0360407,0.0359467,0.0357731,0.0355147,0.0351675,0.0347286,0.0341958,0.0335674,0.0328419,0.0320181,0.031094,0.0300682,0.0289389,0.0277045,0.0263636,0.0249153,0.023359,0.0216942,0.0199202,0.0180363,0.0160412,0.0139334,0.0117118,0.00937649,0.00692778,0.00436162,0.00163542,-0.00145146,-0.00536738,-0.0103754,-0.0153951,-0.0173401,-0.0120457,0
0,0.000367126,0.00208598,0.00620624,0.0140187,0.0260012,0.0403483,0.0546333,0.0672601,0.07758,0.0855469,0.0913793,0.0953525,0.0977095,0.0986455,0.0983212,0.0968793,0.094455,0.0911819,0.0871981,0.082658,0.0777512,0.0727135,0.0678115,0.0632947,0.0593344,0.0559852,0.0531938,0.0508452,0.0488148,0.0470023,0.0453408,0.0437913,0.0423328,0.0409538,0.0396474,0.0384088,0.0372338,0.0361187,0.0350607,0.0340574,0.0331076,0.0322108,0.0313679,0.0305801,0.0298496,0.0291796,0.0285734,0.0280344,0.027566,0.0271709,0.0268508,0.0266059,0.0264348,0.0263339,0.026297,0.0263157,0.0263796,0.0264762,0.0265918,0.0267117,0.0268217,0.0269092,0.0269635,0.0269773,0.0269469,0.0268725,0.0267582,0.0266112,0.0264411,0.026259,0.026076,0.0259026,0.0257477,0.0256186,0.0255202,0.025456,0.0254283,0.0254381,0.025486,0.0255722,0.0256964,0.0258579,0.0260552,0.0262861,0.0265475,0.0268355,0.0271448,0.0274694,0.0278021,0.0281348,0.0284588,0.0287649,0.0290433,0.0292846,0.0294794,0.0296189,0.0296952,0.0297012,0.0296312,0.0294804,0.0292451,0.028922,0.0285084,0.0280015,0.0273987,0.0266973,0.0258944,0.0249872,0.0239732,0.0228507,0.0216183,0.0202751,0.0188209,0.0172554,0.0155782,0.0137892,0.0118875,0.00987303,0.00774591,0.00550718,0.00314968,0.000621053,-0.0023077,-0.00610389,-0.0109868,-0.0157867,-0.0173962,-0.0118216,0
0,0.000426542,0.00245534,0.00724535,0.0161515,0.0291002,0.043717,0.0575954,0.069417,0.0787953,0.0858461,0.0908573,0.0941162,0.0958546,0.0962536,0.0954646,0.0936256,0.0908704,0.0873323,0.083152,0.0784905,0.0735462,0.0685612,0.0637958,0.0594763,0.0557358,0.05259,0.0499589,0.0477188,0.0457511,0.0439666,0.0423095,0.0407485,0.0392668,0.0378554,0.0365082,0.0352202,0.0339873,0.0328059,0.0316725,0.030585,0.0295419,0.028543,0.0275887,0.0266805,0.0258211,0.025014,0.0242632,0.023573,0.022948,0.0223924,0.0219099,0.0215032,0.0211733,0.0209192,0.0207376,0.020623,0.0205671,0.0205593,0.0205866,0.0206347,0.0206884,0.0207326,0.0207537,0.0207405,0.0206853,0.0205844,0.0204383,0.0202518,0.0200333,0.0197939,0.0195458,0.0193017,0.0190734,0.018871,0.0187026,0.018574,0.0184892,0.0184505,0.0184593,0.0185164,0.0186215,0.0187741,0.0189726,0.0192153,0.0194993,0.0198207,0.0201745,0.0205548,0.0209544,0.0213655,0.0217791,0.022186,0.0225765,0.0229408,0.0232692,0.0235528,0.0237832,0.023953,0.0240558,0.0240861,0.0240393,0.0239111,0.0236976,0.023395,0.0229992,0.0225065,0.0219127,0.0212141,0.0204078,0.0194912,0.0184628,0.0173213,0.0160671,0.0146996,0.0132195,0.0116272,0.00992262,0.00810639,0.00617979,0.00414252,0.00198559,-0.000356774,-0.0031332,-0.00681621,-0.0115716,-0.0161447,-0.0174177,-0.0115761,0
0,0.000497819,0.00287944,0.00841462,0.0184468,0.032187,0.0468152,0.0600875,0.0710045,0.079425,0.0855941,0.0898397,0.0924439,0.0936204,0.093536,0.0923341,0.0901496,0.0871145,0.0833622,0.0790365,0.0743043,0.0693726,0.0644856,0.0598926,0.0557914,0.0522768,0.0493294,0.0468495,0.0447109,0.0428031,0.041049,0.0394024,0.0378383,0.0363435,0.0349104,0.0335333,0.0322075,0.0309286,0.0296925,0.028496,0.0273367,0.0262131,0.0251243,0.0240709,0.0230547,0.0220781,0.0211447,0.0202589,0.019426,0.0186511,0.0179397,0.017297,0.0167277,0.0162354,0.0158218,0.0154868,0.015228,0.0150401,0.0149152,0.0148428,0.0148098,0.0148013,0.0148013,0.0147939,0.0147647,0.0147015,0.0145959,0.0144438,0.014246,0.0140079,0.0137388,0.0134507,0.0131576,0.0128735,0.0126115,0.0123828,0.0121964,0.0120585,0.0119736,0.0119444,0.0119721,0.012057,0.0121984,0.0123951,0.0126455,0.0129468,0.0132954,0.0136862,0.0141133,0.0145696,0.0150473,0.0155379,0.0160321,0.0165203,0.0169927,0.0174396,0.0178518,0.0182206,0.0185385,0.0187986,0.0189945,0.0191208,0.0191722,0.0191436,0.0190301,0.0188263,0.0185272,0.018128,0.0176242,0.0170117,0.0162879,0.0154508,0.0144993,0.0134333,0.0122537,0.0109607,0.00955546,0.00803914,0.006413,0.00467786,0.00283487,0.00087027,-0.00129656,-0.00392806,-0.00750217,-0.0121268,-0.0164665,-0.0174033,-0.0113089,0
0,0.000578329,0.003359,0.00971827,0.0208691,0.035173,0.0495555,0.0620552,0.0720055,0.0794814,0.0848195,0.0883615,0.0903712,0.091042,0.0905273,0.0889644,0.0864849,0.0832197,0.079303,0.0748811,0.0701275,0.0652551,0.0605064,0.0561148,0.0522466,0.0489592,0.0462033,0.0438659,0.0418229,0.0399741,0.0382538,0.0366242,0.0350655,0.0335672,0.0321226,0.0307263,0.0293735,0.0280597,0.0267806,0.025533,0.0243142,0.0231222,0.0219564,0.0208172,0.0197059,0.0186249,0.0175778,0.0165692,0.0156042,0.0146889,0.0138294,0.0130322,0.0123033,0.0116483,0.0110718,0.0105766,0.0101636,0.00983101,0.00957456,0.00938678,0.00925749,0.00917358,0.00911974,0.00907955,0.00903613,0.00897376,0.00887926,0.00874326,0.00856109,0.00833315,0.0080651,0.00776702,0.00745224,0.0071358,0.00683312,0.00655852,0.00632408,0.00613939,0.00601145,0.00594497,0.00594267,0.0060056,0.00613332,0.00632446,0.00657789,0.00689093,0.00725978,0.00767975,0.00814482,0.00864797,0.00918167,0.00973756,0.0103065,0.0108791,0.0114455,0.0119961,0.0125219,0.0130142,0.0134652,0.013867,0.0142132,0.0144969,0.014712,0.0148525,0.0149119,0.0148845,0.0147635,0.0145435,0.0142193,0.0137866,0.0132418,0.0125829,0.0118092,0.0109203,0.00991734,0.00880139,0.00757397,0.00623679,0.00479166,0.00324119,0.0015833,-0.000197938,-0.00219618,-0.00469149,-0.00816058,-0.0126506,-0.01675,-0.0173509,-0.0110189,0
0,0.000674255,0.00389815,0.0111649,0.0233621,0.0379631,0.0518607,0.0634605,0.0724197,0.0789885,0.0835581,0.0864613,0.0879364,0.0881564,0.0872637,0.0853902,0.0826652,0.0792188,0.0751856,0.0707153,0.0659869,0.0612165,0.0566411,0.0524737,0.0488474,0.0457846,0.0432118,0.0410086,0.0390566,0.0372671,0.0355846,0.0339786,0.0324335,0.0309407,0.0294938,0.0280881,0.0267184,0.02538,0.0240689,0.0227815,0.0215149,0.0202669,0.0190369,0.0178248,0.0166318,0.0154601,0.0143131,0.013195,0.0121111,0.0110675,0.0100708,0.00912818,0.00824664,0.00743326,0.00669472,0.00603635,0.00546225,0.0049743,0.00457207,0.00425215,0.00400787,0.00382961,0.00370461,0.00361744,0.00355092,0.0034873,0.00340977,0.00330372,0.00315833,0.00296785,0.00273218,0.00245686,0.0021524,0.00183303,0.00151499,0.00121478,0.000947716,0.000726703,0.000561931,0.000460744,0.00042792,0.000466209,0.00057678,0.000759094,0.00101137,0.00133097,0.0017142,0.00215651,0.00265239,0.00319188,0.0037696,0.00437864,0.00500975,0.00565367,0.00630096,0.00694227,0.00756794,0.00816935,0.00873805,0.00926638,0.0097466,0.0101717,0.0105344,0.0108275,0.0110437,0.0111758,0.0112169,0.0111605,0.0110005,0.0107326,0.0103528,0.00985897,0.00925039,0.00852702,0.00768983,0.00674056,0.00568117,0.00451448,0.00324264,0.00186704,0.000388828,-0.0012194,-0.00305596,-0.00542302,-0.00879079,-0.0131419,-0.0169943,-0.0172598,-0.010706,0
0,0.00079231,0.00450002,0.0127576,0.02585,0.0404631,0.0536686,0.0642854,0.0722632,0.0779812,0.0818508,0.0841801,0.0851788,0.0850015,0.0837813,0.0816466,0.0787247,0.0751445,0.0710414,0.0665678,0.0619076,0.0572776,0.0529048,0.0489783,0.0455976,0.0427536,0.0403547,0.0382782,0.0364141,0.0346848,0.0330443,0.0314681,0.0299441,0.0284646,0.0270241,0.0256176,0.02424,0.0228867,0.0215536,0.0202368,0.0189333,0.017641,0.0163589,0.0150867,0.0138252,0.0125767,0.011344,0.0101309,0.00894256,0.00778488,0.00666456,0.00558875,0.00456541,0.00360247,0.00270785,0.00188871,0.00115177,0.000502298,-5.65363e-05,-0.000523887,-0.000901914,-0.00119607,-0.00141511,-0.00157142,-0.00168031,-0.00175921,-0.00182676,-0.00190134,-0.00199914,-0.00213259,-0.00230898,-0.00252949,-0.00278916,-0.0030774,-0.00337945,-0.00367812,-0.00395586,-0.00419647,-0.00438623,-0.00451448,-0.00457362,-0.00455865,-0.00446676,-0.00429724,-0.00405172,-0.00373261,-0.00334341,-0.00288887,-0.00237507,-0.00180718,-0.00119286,-0.000539853,0.000143602,0.000848206,0.00156469,0.00228209,0.00299189,0.00368692,0.00435828,0.00499779,0.00559698,0.00614738,0.00664085,0.00706962,0.00742549,0.00770039,0.00788681,0.0079776,0.00796634,0.00784808,0.0076192,0.00727707,0.00682104,0.00625122,0.00556892,0.00477642,0.00387612,0.00287043,0.00176284,0.000557336,-0.000753561,-0.00219313,-0.0038766,-0.0061235,-0.0093922,-0.0135998,-0.0171987,-0.017131,-0.0103713,0
0,0.000928989,0.00516978,0.014481,0.028243,0.0425876,0.0549368,0.064531,0.0715654,0.0765013,0.0797418,0.0815604,0.0821387,0.0816152,0.0801169,0.077769,0.0746972,0.0710291,0.0669002,0.0624663,0.0579137,0.0534572,0.0493104,0.0456358,0.0424999,0.0398667,0.0376322,0.0356756,0.0338968,0.032229,0.0306345,0.0290941,0.0275975,0.0261384,0.0247115,0.0233117,0.0219343,0.0205747,0.0192284,0.0178915,0.0165613,0.0152353,0.0139124,0.0125921,0.0112751,0.00996313,0.00865861,0.00736525,0.00608769,0.00483143,0.00360271,0.00240884,0.0012576,0.000157528,-0.000882877,-0.00185454,-0.00274956,-0.00356036,-0.00428057,-0.00490538,-0.00543269,-0.00586297,-0.00620025,-0.00645223,-0.00663022,-0.00674914,-0.00682685,-0.00688282,-0.00693664,-0.00700641,-0.00710666,-0.00724665,-0.00742928,-0.00765067,-0.00790063,-0.00816423,-0.00842364,-0.00866042,-0.00885745,-0.00900022,-0.00907751,-0.00908146,-0.00900711,-0.00885227,-0.00861739,-0.00830424,-0.0079158,-0.00745636,-0.00693104,-0.00634442,-0.00570394,-0.00501791,-0.00429458,-0.00354295,-0.00277245,-0.00199163,-0.00120826,-0.000431977,0.000328468,0.00106389,0.00176467,0.00242202,0.00302896,0.00357604,0.00405454,0.00445553,0.00477061,0.00499213,0.00511378,0.00513032,0.00503786,0.00483412,0.00451819,0.00409028,0.00355215,0.00290605,0.00215484,0.00130291,0.000352638,-0.000695154,-0.0018424,-0.00312093,-0.00465981,-0.00679367,-0.00996551,-0.0140246,-0.0173641,-0.0169657,-0.0100171,0
0,0.00108763,0.00591024,0.0162898,0.0304446,0.0442674,0.0556451,0.064216,0.0703664,0.0745955,0.0772767,0.078645,0.0788556,0.0780356,0.0763069,0.0737925,0.0706162,0.0669037,0.0627912,0.0584362,0.0540268,0.0497721,0.045869,0.0424517,0.039556,0.037124,0.0350444,0.0332016,0.031506,0.0299011,0.0283564,0.0268564,0.0253928,0.0239599,0.0225525,0.0211661,0.0197959,0.018437,0.0170852,0.0157366,0.0143885,0.0130384,0.0116849,0.0103275,0.00896685,0.00760393,0.00624111,0.00488174,0.00352999,0.00219074,0.00086979,-0.000425674,-0.00168796,-0.00290905,-0.00408024,-0.00519225,-0.00623568,-0.00720143,-0.0080807,-0.00886602,-0.0095512,-0.0101324,-0.0106086,-0.0109819,-0.0112586,-0.0114489,-0.0115671,-0.0116309,-0.0116603,-0.0116766,-0.0116996,-0.0117463,-0.0118285,-0.0119513,-0.0121126,-0.0123031,-0.0125082,-0.0127097,-0.0128885,-0.0130265,-0.0131085,-0.0131229,-0.0130616,-0.0129202,-0.0126972,-0.0123931,-0.0120101,-0.0115514,-0.0110212,-0.0104243,-0.00976796,-0.00905988,-0.00830822,-0.00752144,-0.00670805,-0.00587583,-0.00503371,-0.00419173,-0.00335912,-0.00254532,-0.00175925,-0.001009,-0.000304764,0.000344084,0.000927817,0.00143672,0.00186276,0.00219872,0.00243768,0.00257412,0.00260433,0.00252564,0.00233731,0.00204012,0.00163563,0.00112668,0.000516438,-0.000192511,-0.000994813,-0.00188924,-0.0028801,-0.00400549,-0.00540789,-0.00743584,-0.010512,-0.014418,-0.0174932,-0.0167679,-0.00964584,0
0,0.00127621,0.00673709,0.0181172,0.0323647,0.0454541,0.0557935,0.0633736,0.0687136,0.0723132,0.0745018,0.0754757,0.075369,0.0743,0.0723873,0.0697515,0.0665137,0.0627981,0.0587411,0.0545016,0.0502664,0.0462366,0.0425891,0.0394298,0.0367668,0.0345252,0.0325912,0.0308565,0.0292424,0.0277018,0.0262098,0.024754,0.0233277,0.0219255,0.0205429,0.0191752,0.0178177,0.0164656,0.0151148,0.0137617,0.0124033,0.0110373,0.00966238,0.00827786,0.00688386,0.00548149,0.00407292,0.0026609,0.00124895,-0.000158244,-0.0015547,-0.00293463,-0.00429109,-0.00561609,-0.00690105,-0.00813683,-0.00931374,-0.0104217,-0.011451,-0.0123917,-0.0132351,-0.0139737,-0.0146019,-0.0151168,-0.0155188,-0.0158125,-0.0160064,-0.0161137,-0.016152,-0.0161416,-0.0161049,-0.0160641,-0.0160385,-0.016043,-0.0160856,-0.0161663,-0.0162776,-0.0164057,-0.0165323,-0.0166378,-0.0167035,-0.0167136,-0.016656,-0.0165225,-0.0163092,-0.0160146,-0.0156393,-0.0151854,-0.0146565,-0.0140572,-0.0133939,-0.0126736,-0.0119041,-0.0110929,-0.0102482,-0.00937808,-0.00849209,-0.00759981,-0.00671052,-0.0058336,-0.00497775,-0.0041527,-0.00336909,-0.00263704,-0.00196619,-0.00136565,-0.000843787,-0.000408868,-6.77757e-05,0.000174203,0.000313154,0.000346737,0.000274252,9.63872e-05,-0.000185123,-0.000567235,-0.00104628,-0.00161873,-0.00228007,-0.00302835,-0.00387004,-0.00484965,-0.00612411,-0.00805258,-0.0110347,-0.0147832,-0.0175902,-0.0165415,-0.00926181,0
0,0.00149842,0.00766808,0.019883,0.0339276,0.0461215,0.0554013,0.0620482,0.066659,0.0697038,0.0714616,0.0720934,0.0717171,0.0704448,0.0683928,0.0656786,0.0624205,0.0587409,0.0547757,0.050684,0.0466495,0.0428622,0.0394771,0.0365724,0.0341322,0.0320698,0.0302722,0.0286404,0.0271063,0.0256307,0.0241935,0.0227849,0.021399,0.0200312,0.0186772,0.0173324,0.015992,0.0146517,0.0133074,0.0119556,0.0105934,0.00921875,0.00783015,0.00642679,0.00500879,0.00357732,0.00213397,0.000681101,-0.000777694,-0.00223811,-0.00369559,-0.00514436,-0.00657798,-0.00798905,-0.00936955,-0.0107107,-0.012003,-0.0132363,-0.0144004,-0.0154844,-0.0164781,-0.0173712,-0.018155,-0.0188222,-0.0193682,-0.0197913,-0.0200939,-0.020283,-0.0203705,-0.0203731,-0.0203113,-0.0202085,-0.0200889,-0.0199747,-0.019884,-0.0198279,-0.0198097,-0.0198241,-0.0198585,-0.0198953,-0.0199147,-0.0198973,-0.0198267,-0.0196904,-0.0194804,-0.0191923,-0.0188245,-0.0183778,-0.0178545,-0.0172587,-0.0165957,-0.0158719,-0.0150938,-0.0142691,-0.0134051,-0.0125106,-0.0115948,-0.0106668,-0.00973586,-0.00881135,-0.00790269,-0.00702043,-0.00617503,-0.00537669,-0.00463507,-0.00395905,-0.0033578,-0.00283972,-0.00241128,-0.0020779,-0.00184338,-0.00170977,-0.00167789,-0.00174713,-0.00191541,-0.00217964,-0.00253583,-0.00297993,-0.00350752,-0.00411657,-0.00481609,-0.00565761,-0.00681202,-0.00864777,-0.0115372,-0.0151243,-0.0176605,-0.0162935,-0.00886972,0
0,0.00174926,0.00870295,0.0215038,0.0350774,0.0462662,0.0545028,0.0602914,0.0642555,0.0668156,0.0681989,0.0685372,0.0679367,0.0665053,0.0643565,0.0616047,0.0583651,0.0547578,0.0509174,0.0470021,0.0431905,0.0396581,0.0365372,0.0338801,0.0316514,0.0297564,0.0280868,0.0265531,0.0250972,0.0236867,0.0223057,0.020946,0.0196029,0.0182722,0.0169496,0.0156306,0.0143108,0.0129861,0.0116526,0.0103069,0.0089464,0.00756899,0.00617315,0.00475824,0.00332443,0.00187254,0.000403873,-0.00107896,-0.00257295,-0.00407459,-0.00557949,-0.00708239,-0.00857727,-0.0100575,-0.0115156,-0.0129434,-0.0143318,-0.0156713,-0.0169515,-0.0181618,-0.0192908,-0.0203272,-0.0212603,-0.0220799,-0.0227772,-0.0233455,-0.0237814,-0.0240852,-0.0242618,-0.0243215,-0.0242797,-0.0241569,-0.0239772,-0.0237667,-0.0235503,-0.0233495,-0.0231794,-0.0230467,-0.0229491,-0.0228759,-0.0228104,-0.022733,-0.0226241,-0.0224666,-0.0222477,-0.0219588,-0.0215952,-0.0211552,-0.0206395,-0.0200511,-0.019394,-0.0186735,-0.0178956,-0.0170671,-0.0161958,-0.0152895,-0.0143571,-0.0134074,-0.0124498,-0.0114936,-0.0105489,-0.0096259,-0.00873531,-0.00788678,-0.0070902,-0.00635492,-0.00569011,-0.00510361,-0.00460206,-0.00419057,-0.0038728,-0.00365095,-0.00352575,-0.00349642,-0.00356098,-0.00371597,-0.00395751,-0.00428079,-0.00468173,-0.00515848,-0.00572279,-0.00643379,-0.00747607,-0.00922587,-0.0120241,-0.0154477,-0.0177116,-0.0160311,-0.00847541,0
0,0.00200985,0.00980477,0.0228989,0.0357791,0.0459034,0.0531441,0.0581583,0.0615556,0.063694,0.0647541,0.0648444,0.0640629,0.0625144,0.0603092,0.0575587,0.0543738,0.0508719,0.0471863,0.0434722,0.0399004,0.0366304,0.0337716,0.0313529,0.0293228,0.0275838,0.0260338,0.0245937,0.0232139,0.0218682,0.0205437,0.019234,0.0179351,0.0166429,0.0153535,0.0140624,0.0127658,0.0114597,0.0101403,0.00880458,0.0074501,0.00607465,0.00467705,0.00325679,0.00181388,0.000348822,-0.00113662,-0.00264044,-0.00416004,-0.00569213,-0.00723254,-0.00877646,-0.0103184,-0.0118525,-0.0133716,-0.0148683,-0.0163341,-0.0177601,-0.0191366,-0.020453,-0.0216983,-0.0228611,-0.0239294,-0.0248916,-0.0257363,-0.0264535,-0.0270348,-0.0274749,-0.0277718,-0.0279284,-0.027953,-0.0278598,-0.0276686,-0.0274038,-0.0270931,-0.0267643,-0.0264422,-0.0261462,-0.0258867,-0.0256651,-0.0254732,-0.0252959,-0.025114,-0.0249076,-0.0246595,-0.0243564,-0.0239888,-0.0235515,-0.0230427,-0.0224632,-0.0218155,-0.0211039,-0.0203336,-0.0195107,-0.018642,-0.0177353,-0.0167987,-0.015841,-0.014871,-0.0138984,-0.012933,-0.011985,-0.0110646,-0.0101816,-0.00934564,-0.00856635,-0.00785246,-0.00721152,-0.00664994,-0.00617272,-0.00578352,-0.00548459,-0.00527632,-0.00515814,-0.00512786,-0.00518223,-0.00531687,-0.00552668,-0.00580791,-0.00615913,-0.00659514,-0.00718316,-0.00812184,-0.00979228,-0.0125018,-0.0157603,-0.017752,-0.0157636,-0.00808534,0
0,0.00225615,0.0109023,0.023998,0.0360174,0.0450644,0.0513779,0.0557044,0.058608,0.0603818,0.0611652,0.06105,0.0601283,0.0585025,0.0562796,0.0535663,0.0504695,0.0471036,0.0435992,0.0401069,0.0367873,0.033783,0.0311808,0.0289888,0.0271443,0.02555,0.0241119,0.0227607,0.0214547,0.0201726,0.0189044,0.017645,0.0163907,0.0151377,0.0138823,0.0126207,0.0113489,0.0100633,0.0087606,0.00743788,0.00609267,0.0047232,0.00332839,0.00190772,0.000461128,-0.00101058,-0.00250603,-0.00402345,-0.00556038,-0.00711357,-0.00867934,-0.0102531,-0.01183,-0.0134043,-0.0149697,-0.0165192,-0.0180452,-0.0195393,-0.0209925,-0.0223949,-0.0237361,-0.0250048,-0.0261894,-0.0272774,-0.0282567,-0.0291152,-0.0298414,-0.0304257,-0.0308606,-0.0311425,-0.0312719,-0.0312552,-0.0311047,-0.0308395,-0.0304842,-0.0300673,-0.0296192,-0.0291684,-0.0287382,-0.0283436,-0.0279898,-0.0276717,-0.0273762,-0.0270847,-0.0267779,-0.0264383,-0.0260518,-0.0256081,-0.0251016,-0.0245297,-0.023893,-0.0231941,-0.022437,-0.0216268,-0.0207698,-0.0198728,-0.0189435,-0.0179901,-0.0170212,-0.016046,-0.0150742,-0.0141157,-0.01318,-0.0122771,-0.0114164,-0.010607,-0.00985733,-0.00917474,-0.00856537,-0.00803405,-0.00758451,-0.00721864,-0.0069373,-0.00673937,-0.00662282,-0.00658453,-0.00661975,-0.00672346,-0.00689173,-0.00712396,-0.00743868,-0.00791167,-0.00875509,-0.0103534,-0.0129769,-0.0160706,-0.0177915,-0.0155007,-0.00770635,0
0,0.00247729,0.0119131,0.0247485,0.0357979,0.0437918,0.0492603,0.0529831,0.0554589,0.056918,0.0574671,0.0571858,0.0561628,0.0544973,0.0522924,0.0496499,0.0466722,0.0434699,0.0401697,0.0369157,0.0338568,0.0311176,0.0287635,0.0267851,0.025113,0.0236528,0.0223191,0.021052,0.019817,0.0185971,0.0173844,0.0161746,0.0149645,0.0137507,0.0125297,0.0112981,0.0100521,0.00878854,0.00750425,0.00619656,0.00486331,0.00350298,0.00211458,0.000697444,-0.00074813,-0.00222142,-0.00372133,-0.00524615,-0.00679339,-0.00836003,-0.00994247,-0.0115367,-0.013138,-0.0147411,-0.0163401,-0.0179286,-0.0194995,-0.0210451,-0.0225572,-0.0240266,-0.0254436,-0.0267977,-0.0280776,-0.0292715,-0.0303668,-0.0313508,-0.0322108,-0.0329346,-0.0335111,-0.0339315,-0.0341899,-0.0342851,-0.0342213,-0.0340092,-0.0336664,-0.0332172,-0.0326911,-0.0321206,-0.0315374,-0.0309692,-0.0304354,-0.0299452,-0.0294972,-0.0290804,-0.0286777,-0.0282706,-0.0278413,-0.0273748,-0.0268602,-0.0262908,-0.0256637,-0.0249788,-0.0242386,-0.0234467,-0.0226085,-0.0217299,-0.0208178,-0.0198796,-0.0189236,-0.0179584,-0.0169932,-0.0160371,-0.0150996,-0.01419,-0.0133175,-0.0124907,-0.0117176,-0.0110051,-0.0103591,-0.00978457,-0.0092848,-0.00886189,-0.00851638,-0.00824739,-0.00805288,-0.00792944,-0.00787266,-0.00787719,-0.0079389,-0.00805912,-0.00825959,-0.00862552,-0.00938266,-0.010916,-0.0134576,-0.016388,-0.0178409,-0.0152523,-0.00734549,0
0,0.00268597,0.0127695,0.0251253,0.0351455,0.0421383,0.0468488,0.0500451,0.0521499,0.0533382,0.0536911,0.053281,0.0521928,0.0505227,0.048369,0.0458282,0.0429979,0.0399839,0.0369074,0.0339045,0.0311112,0.0286332,0.0265165,0.0247384,0.0232256,0.0218891,0.0206525,0.019465,0.0182981,0.0171384,0.0159796,0.0148182,0.0136513,0.012476,0.0112892,0.0100876,0.00886789,0.00762712,0.00636239,0.00507133,0.00375212,0.00240338,0.00102405,-0.000386201,-0.00182701,-0.00329788,-0.00479772,-0.0063247,-0.00787646,-0.00945006,-0.0110422,-0.0126491,-0.014266,-0.0158881,-0.01751,-0.0191256,-0.0207283,-0.0223112,-0.0238665,-0.025386,-0.0268606,-0.0282806,-0.0296357,-0.0309144,-0.0321051,-0.0331951,-0.0341713,-0.0350207,-0.0357303,-0.0362882,-0.0366842,-0.0369109,-0.0369653,-0.0368493,-0.0365719,-0.0361493,-0.0356052,-0.0349697,-0.034277,-0.0335618,-0.0328557,-0.0321828,-0.0315564,-0.0309791,-0.0304416,-0.0299296,-0.0294255,-0.028911,-0.0283706,-0.0277923,-0.0271687,-0.0264961,-0.0257738,-0.0250038,-0.0241896,-0.0233362,-0.0224494,-0.0215358,-0.0206029,-0.0196586,-0.0187112,-0.0177693,-0.0168418,-0.0159374,-0.0150647,-0.0142319,-0.0134464,-0.0127145,-0.0120423,-0.0114343,-0.0108938,-0.0104228,-0.0100217,-0.00968991,-0.00942505,-0.00922401,-0.00908206,-0.00899398,-0.00895618,-0.00897086,-0.00906424,-0.00933161,-0.0100117,-0.0114884,-0.013953,-0.0167235,-0.0179117,-0.015029,-0.00700927,0
0,0.00291373,0.0134353,0.0251327,0.0341035,0.0401625,0.0441991,0.046936,0.0487184,0.0496738,0.0498658,0.0493608,0.0482411,0.0465988,0.0445268,0.0421164,0.0394591,0.0366549,0.0338185,0.0310764,0.0285499,0.0263265,0.0244355,0.0228439,0.021478,0.0202553,0.0191091,0.0179965,0.0168946,0.0157927,0.0146857,0.0135709,0.0124459,0.0113081,0.0101547,0.00898266,0.00778918,0.00657147,0.00532699,0.00405374,0.00275006,0.0014146,4.65851e-05,-0.00135404,-0.00278729,-0.00425249,-0.00574843,-0.00727328,-0.00882482,-0.0104003,-0.0119964,-0.0136092,-0.0152345,-0.0168676,-0.0185033,-0.020136,-0.0217595,-0.0233674,-0.0249525,-0.0265073,-0.0280236,-0.0294923,-0.030904,-0.0322483,-0.0335141,-0.0346894,-0.0357617,-0.036718,-0.0375447,-0.0382287,-0.0387574,-0.0391196,-0.0393066,-0.0393135,-0.0391409,-0.0387956,-0.0382926,-0.0376546,-0.0369119,-0.0361001,-0.0352568,-0.0344171,-0.0336093,-0.0328518,-0.0321487,-0.0314955,-0.03088,-0.030285,-0.0296928,-0.0290869,-0.0284546,-0.0277873,-0.0270805,-0.0263328,-0.0255457,-0.0247223,-0.023867,-0.0229855,-0.022084,-0.0211696,-0.0202496,-0.019332,-0.0184248,-0.017536,-0.0166734,-0.0158446,-0.0150563,-0.014315,-0.0136259,-0.0129934,-0.0124209,-0.01191,-0.0114615,-0.0110744,-0.0107467,-0.0104751,-0.0102548,-0.010081,-0.00994993,-0.00986578,-0.00985958,-0.010037,-0.0106499,-0.012079,-0.014473,-0.0170879,-0.0180159,-0.0148415,-0.00670393,0
0,0.00319343,0.0139031,0.0248005,0.0327271,0.0379244,0.0413633,0.0436972,0.0451968,0.0459527,0.0460152,0.0454467,0.0443263,0.0427414,0.0407794,0.0385249,0.0360633,0.033488,0.0309054,0.0284306,0.0261694,0.0241925,0.0225148,0.0210964,0.0198654,0.0187475,0.0176853,0.0166432,0.0156027,0.0145556,0.013498,0.0124279,0.0113431,0.0102413,0.0091201,0.00797696,0.00680928,0.00561457,0.00439076,0.00313604,0.00184884,0.000528071,-0.000826728,-0.00221587,-0.00363922,-0.00509601,-0.00658498,-0.00810429,-0.00965181,-0.0112248,-0.0128199,-0.0144334,-0.0160612,-0.0176986,-0.0193407,-0.0209821,-0.0226172,-0.0242397,-0.0258432,-0.0274207,-0.0289648,-0.0304673,-0.0319195,-0.033312,-0.0346345,-0.0358759,-0.0370246,-0.0380678,-0.0389927,-0.0397858,-0.0404335,-0.0409229,-0.0412422,-0.0413818,-0.0413356,-0.0411024,-0.0406877,-0.0401046,-0.0393752,-0.0385297,-0.0376048,-0.0366403,-0.0356751,-0.0347413,-0.0338597,-0.0330397,-0.0322798,-0.0315698,-0.0308937,-0.0302338,-0.0295732,-0.028898,-0.028199,-0.0274704,-0.0267101,-0.0259189,-0.0250992,-0.0242551,-0.0233915,-0.0225143,-0.0216299,-0.0207449,-0.0198666,-0.0190022,-0.0181585,-0.0173425,-0.0165604,-0.0158181,-0.0151206,-0.014472,-0.0138753,-0.0133322,-0.0128437,-0.0124088,-0.0120253,-0.0116897,-0.011398,-0.0111447,-0.010927,-0.0107508,-0.0106528,-0.0107493,-0.0113058,-0.012697,-0.0150277,-0.017493,-0.0181653,-0.0146998,-0.00643514,0
0,0.00354013,0.0141839,0.0241716,0.0310751,0.0354812,0.0383874,0.0403632,0.0416131,0.042198,0.0421593,0.0415557,0.0404627,0.0389623,0.0371353,0.03506,0.0328144,0.0304844,0.0281665,0.0259628,0.0239639,0.0222244,0.0207475,0.0194892,0.0183823,0.0173609,0.0163767,0.0154005,0.014418,0.0134227,0.012412,0.0113842,0.0103375,0.00927004,0.00817983,0.00706455,0.00592201,0.0047501,0.00354704,0.00231121,0.00104128,-0.000263655,-0.00160401,-0.00298009,-0.00439161,-0.00583775,-0.00731718,-0.00882823,-0.0103687,-0.0119357,-0.013526,-0.0151358,-0.0167611,-0.0183974,-0.0200398,-0.021683,-0.0233218,-0.0249502,-0.0265624,-0.0281519,-0.029712,-0.0312354,-0.032714,-0.0341395,-0.0355026,-0.0367931,-0.038,-0.0391117,-0.0401158,-0.0409992,-0.0417486,-0.0423504,-0.0427916,-0.04306,-0.0431456,-0.0430412,-0.0427444,-0.0422593,-0.0415978,-0.0407809,-0.0398388,-0.038809,-0.0377335,-0.0366533,-0.0356048,-0.0346116,-0.0336871,-0.0328329,-0.0320409,-0.0312962,-0.030581,-0.0298782,-0.029173,-0.0284548,-0.0277172,-0.0269573,-0.0261746,-0.025371,-0.0245497,-0.0237151,-0.0228723,-0.0220268,-0.0211846,-0.0203519,-0.0195347,-0.0187391,-0.017971,-0.0172355,-0.016537,-0.0158796,-0.015266,-0.0146982,-0.0141767,-0.0137008,-0.0132681,-0.0128756,-0.0125185,-0.0121923,-0.0118943,-0.011633,-0.011451,-0.0114768,-0.0119875,-0.0133517,-0.0156281,-0.0179508,-0.0183715,-0.0146128,-0.00620742,0
0,0.00394359,0.0142908,0.02329,0.0292023,0.0328823,0.0353092,0.0369627,0.0379896,0.0384283,0.0383136,0.0377007,0.0366603,0.0352684,0.033599,0.031723,0.0297116,0.0276409,0.0255963,0.023666,0.0219251,0.0204136,0.0191253,0.0180155,0.0170227,0.0160904,0.0151785,0.0142639,0.0133357,0.0123893,0.0114228,0.0104348,0.00942407,0.00838923,0.00732847,0.00623989,0.00512169,0.0039722,0.0027898,0.00157308,0.000320923,-0.000967306,-0.00229222,-0.00365389,-0.00505196,-0.00648556,-0.00795348,-0.00945399,-0.0109847,-0.0125428,-0.0141251,-0.0157278,-0.0173468,-0.0189775,-0.0206151,-0.0222546,-0.0238906,-0.0255178,-0.0271305,-0.0287229,-0.0302888,-0.0318218,-0.0333148,-0.0347601,-0.0361496,-0.0374741,-0.0387236,-0.0398872,-0.0409533,-0.0419095,-0.0427428,-0.0434401,-0.0439879,-0.0443733,-0.0445843,-0.0446102,-0.0444436,-0.0440812,-0.0435259,-0.0427886,-0.0418895,-0.0408584,-0.0397335,-0.038558,-0.0373783,-0.0362292,-0.0351397,-0.0341264,-0.0331936,-0.032335,-0.0315365,-0.0307806,-0.0300493,-0.0293274,-0.0286033,-0.0278696,-0.0271219,-0.0263592,-0.0255824,-0.0247938,-0.0239969,-0.0231959,-0.0223954,-0.0216004,-0.0208161,-0.0200477,-0.0193001,-0.0185779,-0.0178853,-0.017226,-0.0166023,-0.0160163,-0.0154685,-0.014958,-0.0144829,-0.0140395,-0.0136238,-0.0132309,-0.0128591,-0.0125197,-0.012262,-0.0122271,-0.0127041,-0.0140534,-0.0162856,-0.018473,-0.0186453,-0.0145883,-0.0060241,0
0,0.0043707,0.0142304,0.0221923,0.0271539,0.0301668,0.0321581,0.0335176,0.0343431,0.0346573,0.0344894,0.0338899,0.0329245,0.0316618,0.0301697,0.0285114,0.0267495,0.02495,0.0231856,0.02153,0.0200423,0.0187495,0.017639,0.0166673,0.0157801,0.0149301,0.0140853,0.0132283,0.012351,0.0114504,0.0105251,0.00957456,0.00859778,0.00759365,0.00656078,0.00549775,0.00440315,0.00327555,0.00211359,0.000916094,-0.00031785,-0.00158882,-0.00289733,-0.00424339,-0.00562657,-0.00704612,-0.00850077,-0.00998867,-0.0115075,-0.0130544,-0.014626,-0.0162187,-0.0178282,-0.0194497,-0.0210786,-0.0227098,-0.024338,-0.0259581,-0.0275646,-0.0291523,-0.0307155,-0.0322485,-0.0337451,-0.0351987,-0.0366022,-0.0379474,-0.0392253,-0.0404262,-0.0415392,-0.0425526,-0.043454,-0.0442306,-0.0448692,-0.0453568,-0.0456806,-0.0458289,-0.0457911,-0.0455597,-0.0451308,-0.0445066,-0.0436971,-0.0427218,-0.0416103,-0.0404018,-0.0391431,-0.0378771,-0.0366447,-0.0354771,-0.0343935,-0.0334004,-0.0324927,-0.0316571,-0.0308759,-0.030131,-0.0294062,-0.0286889,-0.0279704,-0.027246,-0.0265132,-0.0257718,-0.0250233,-0.02427,-0.0235153,-0.0227628,-0.0220166,-0.0212806,-0.0205592,-0.0198563,-0.0191758,-0.0185205,-0.0178931,-0.0172951,-0.0167271,-0.0161885,-0.0156771,-0.0151894,-0.0147209,-0.0142675,-0.0138286,-0.0134183,-0.0130936,-0.0130087,-0.0134652,-0.0148122,-0.0170111,-0.0190712,-0.0189971,-0.0146333,-0.00588703,0
0,0.00477676,0.0140004,0.0209046,0.0249639,0.0273641,0.0289553,0.0300427,0.0306855,0.0308942,0.0306928,0.0301272,0.0292556,0.0281408,0.0268428,0.0254174,0.0239182,0.0224002,0.020922,0.0195415,0.0183023,0.0172203,0.0162782,0.0154358,0.0146468,0.0138734,0.0130913,0.012288,0.0114584,0.0106006,0.00971405,0.00879852,0.00785355,0.00687829,0.00587186,0.0048333,0.00376147,0.00265522,0.00151346,0.000335266,-0.000880057,-0.00213318,-0.00342442,-0.00475377,-0.00612087,-0.0075249,-0.00896457,-0.010438,-0.011943,-0.0134766,-0.0150355,-0.0166157,-0.018213,-0.0198226,-0.0214396,-0.0230589,-0.0246753,-0.0262836,-0.0278787,-0.0294555,-0.031009,-0.0325339,-0.0340251,-0.0354769,-0.0368833,-0.0382373,-0.0395312,-0.0407561,-0.0419025,-0.0429592,-0.0439147,-0.0447563,-0.0454714,-0.0460468,-0.0464699,-0.0467281,-0.0468103,-0.0467064,-0.0464089,-0.0459139,-0.0452231,-0.0443461,-0.0433022,-0.0421214,-0.0408431,-0.0395138,-0.0381798,-0.0368831,-0.0356574,-0.034524,-0.0334905,-0.0325528,-0.0316978,-0.0309078,-0.0301639,-0.0294491,-0.0287505,-0.028058,-0.0273657,-0.0266703,-0.0259705,-0.0252667,-0.0245604,-0.0238537,-0.0231492,-0.0224502,-0.0217599,-0.0210815,-0.0204181,-0.0197726,-0.0191471,-0.018543,-0.017961,-0.0174001,-0.0168584,-0.0163322,-0.0158173,-0.0153097,-0.0148101,-0.0143363,-0.0139536,-0.0138306,-0.0142801,-0.0156389,-0.0178166,-0.0197567,-0.019436,-0.0147527,-0.00579707,0
0,0.00511613,0.0135942,0.0194454,0.0226566,0.0244938,0.0257145,0.026548,0.027024,0.0271439,0.0269266,0.0264114,0.0256505,0.0246987,0.023609,0.0224292,0.0212039,0.0199759,0.018789,0.0176842,0.01669,0.0158123,0.0150314,0.0143113,0.0136146,0.0129131,0.0121899,0.0114371,0.0106521,0.00983438,0.00898413,0.00810149,0.00718631,0.00623834,0.00525707,0.0042419,0.00319204,0.00210667,0.000984963,-0.00017379,-0.00137017,-0.0026048,-0.00387791,-0.00518951,-0.00653921,-0.00792624,-0.00934929,-0.0108066,-0.0122959,-0.0138143,-0.0153583,-0.0169239,-0.0185068,-0.0201021,-0.0217048,-0.0233096,-0.0249111,-0.0265042,-0.0280839,-0.0296452,-0.0311833,-0.0326938,-0.0341721,-0.0356137,-0.0370133,-0.0383655,-0.0396638,-0.0409009,-0.0420681,-0.0431555,-0.0441523,-0.0450464,-0.0458253,-0.0464761,-0.0469857,-0.0473418,-0.0475325,-0.0475471,-0.0473764,-0.0470132,-0.046454,-0.0457006,-0.0447623,-0.0436584,-0.0424178,-0.0410838,-0.039701,-0.0383173,-0.036977,-0.0357148,-0.0345531,-0.0335003,-0.0325523,-0.031696,-0.030913,-0.0301841,-0.0294918,-0.0288219,-0.0281639,-0.0275107,-0.0268579,-0.0262034,-0.0255463,-0.0248872,-0.0242275,-0.0235688,-0.0229134,-0.0222638,-0.0216224,-0.0209916,-0.0203732,-0.0197686,-0.019178,-0.0186006,-0.0180344,-0.0174758,-0.0169204,-0.0163649,-0.0158111,-0.0152813,-0.0148503,-0.0147013,-0.0151588,-0.0165449,-0.0187136,-0.0205407,-0.0199702,-0.0149506,-0.00575308,0
0,0.00535157,0.0130063,0.0178285,0.0202502,0.021569,0.0224436,0.0230388,0.023362,0.0234074,0.0231883,0.0227384,0.0221015,0.0213252,0.020455,0.0195311,0.0185885,0.0176579,0.0167668,0.0159388,0.0151878,0.0145104,0.0138855,0.0132829,0.0126745,0.0120414,0.0113739,0.0106688,0.00992596,0.00914603,0.00832992,0.00747819,0.00659117,0.00566904,0.00471177,0.00371911,0.00269056,0.0016257,0.000523993,-0.000615091,-0.00179212,-0.00300756,-0.00426164,-0.0055543,-0.00688526,-0.00825373,-0.0096585,-0.0110979,-0.0125696,-0.0140708,-0.0155979,-0.0171469,-0.0187134,-0.0202924,-0.0218787,-0.0234668,-0.0250512,-0.0266267,-0.028188,-0.0297305,-0.0312493,-0.0327407,-0.0342005,-0.035625,-0.03701,-0.0383514,-0.0396442,-0.0408823,-0.0420586,-0.0431648,-0.0441909,-0.0451257,-0.0459571,-0.046672,-0.0472576,-0.0477008,-0.0479895,-0.0481125,-0.04806,-0.0478235,-0.0473968,-0.0467769,-0.0459658,-0.0449728,-0.0438169,-0.0425315,-0.0411554,-0.0397361,-0.0383225,-0.0369596,-0.0356831,-0.0345153,-0.0334644,-0.0325256,-0.0316853,-0.0309245,-0.0302235,-0.029564,-0.0289313,-0.0283141,-0.0277044,-0.0270971,-0.0264887,-0.025878,-0.0252644,-0.0246484,-0.0240309,-0.0234137,-0.0227983,-0.0221867,-0.0215803,-0.0209801,-0.0203863,-0.0197979,-0.0192128,-0.0186275,-0.0180376,-0.0174401,-0.0168389,-0.0162611,-0.015792,-0.0156303,-0.0161121,-0.0175414,-0.0197142,-0.0214336,-0.0206069,-0.0152285,-0.00575288,0
0,0.00545941,0.0122367,0.0160674,0.0177584,0.0185985,0.0191473,0.0195166,0.0196986,0.0196815,0.0194737,0.0191005,0.0185982,0.0180066,0.017364,0.0167035,0.0160506,0.0154231,0.014832,0.0142834,0.0137758,0.0132972,0.0128261,0.0123386,0.0118164,0.0112496,0.0106357,0.00997631,0.00927355,0.00852952,0.00774572,0.00692329,0.00606309,0.0051657,0.00423148,0.00326057,0.00225291,0.00120839,0.000126766,-0.000992358,-0.00214949,-0.00334496,-0.00457889,-0.00585136,-0.00716205,-0.00851031,-0.00989495,-0.0113144,-0.0127665,-0.0142483,-0.0157564,-0.0172868,-0.0188349,-0.0203956,-0.0219636,-0.0235332,-0.0250988,-0.0266549,-0.0281961,-0.0297175,-0.0312147,-0.0326839,-0.0341213,-0.0355238,-0.0368884,-0.0382118,-0.0394906,-0.0407202,-0.0418953,-0.0430088,-0.0440527,-0.0450167,-0.0458895,-0.0466583,-0.0473101,-0.0478313,-0.0482092,-0.0484319,-0.048489,-0.0483714,-0.048072,-0.0475854,-0.0469094,-0.0460464,-0.0450069,-0.0438121,-0.0424927,-0.0410899,-0.0396519,-0.0382283,-0.0368647,-0.035596,-0.0344439,-0.0334153,-0.0325043,-0.0316961,-0.030971,-0.0303086,-0.0296904,-0.0291011,-0.0285288,-0.0279648,-0.0274031,-0.02684,-0.0262729,-0.0257008,-0.0251236,-0.0245415,-0.0239556,-0.0233671,-0.022777,-0.0221859,-0.0215939,-0.0209999,-0.0204014,-0.019795,-0.0191763,-0.0185429,-0.0179012,-0.0172836,-0.0167869,-0.0166273,-0.0171505,-0.0186405,-0.0208301,-0.0224456,-0.0213518,-0.0155869,-0.00579271,0
0,0.00542928,0.0112938,0.0141778,0.0151939,0.0155887,0.0158273,0.0159808,0.0160311,0.0159619,0.0157744,0.0154868,0.0151267,0.0147262,0.0143165,0.0139241,0.0135653,0.0132452,0.0129585,0.0126931,0.0124315,0.0121533,0.0118371,0.0114654,0.0110291,0.0105279,0.00996687,0.00935186,0.00868785,0.00797832,0.00722559,0.0064314,0.00559702,0.00472354,0.00381172,0.0028621,0.00187513,0.000851034,-0.000210301,-0.00130911,-0.00244561,-0.00362004,-0.00483266,-0.00608351,-0.0073723,-0.0086984,-0.0100609,-0.0114583,-0.0128884,-0.0143484,-0.0158351,-0.0173445,-0.0188719,-0.0204123,-0.0219601,-0.0235096,-0.0250549,-0.0265903,-0.0281102,-0.0296095,-0.0310839,-0.0325292,-0.0339421,-0.0353198,-0.0366601,-0.0379607,-0.0392192,-0.0404326,-0.0415974,-0.0427084,-0.0437592,-0.0447411,-0.0456442,-0.0464565,-0.0471649,-0.0477556,-0.048215,-0.0485303,-0.0486899,-0.0486842,-0.0485053,-0.0481472,-0.0476058,-0.04688,-0.0459737,-0.0448975,-0.0436735,-0.0423336,-0.04092,-0.0394816,-0.0380685,-0.0367254,-0.0354863,-0.0343709,-0.0333837,-0.0325172,-0.031755,-0.0310768,-0.0304616,-0.0298908,-0.0293486,-0.0288229,-0.0283045,-0.027787,-0.0272658,-0.0267381,-0.0262023,-0.0256575,-0.025104,-0.024542,-0.0239721,-0.0233946,-0.0228091,-0.0222143,-0.0216077,-0.0209857,-0.0203439,-0.0196808,-0.0190053,-0.0183564,-0.0178442,-0.0177022,-0.0182858,-0.0198548,-0.0220736,-0.0235857,-0.0222087,-0.0160236,-0.00586664,0
0,0.00526307,0.010193,0.0121777,0.0125683,0.0125442,0.0124844,0.0124292,0.0123553,0.012241,0.0120809,0.0118845,0.0116713,0.0114652,0.0112906,0.0111677,0.0111048,0.0110949,0.0111169,0.0111397,0.0111298,0.0110574,0.0109006,0.0106479,0.0103001,0.00986601,0.00935809,0.00878724,0.00816142,0.00748569,0.00676339,0.00599679,0.00518773,0.00433771,0.00344797,0.00251958,0.00155342,0.000549898,-0.000490792,-0.00156855,-0.00268349,-0.00383584,-0.00502582,-0.00625338,-0.00751833,-0.00882027,-0.0101583,-0.0115311,-0.0129365,-0.0143721,-0.0158347,-0.0173204,-0.0188245,-0.0203421,-0.0218677,-0.0233953,-0.0249188,-0.0264324,-0.0279303,-0.0294071,-0.0308581,-0.0322792,-0.033667,-0.0350191,-0.0363334,-0.0376084,-0.0388426,-0.0400347,-0.0411825,-0.0422827,-0.0433308,-0.0443202,-0.0452427,-0.0460876,-0.0468425,-0.0474939,-0.0480272,-0.0484286,-0.0486852,-0.0487859,-0.0487219,-0.0484868,-0.0480758,-0.0474864,-0.0467186,-0.0457767,-0.0446743,-0.0434334,-0.0420872,-0.0406792,-0.039259,-0.0378765,-0.036575,-0.035386,-0.0343262,-0.0333974,-0.0325896,-0.0318849,-0.0312621,-0.0307002,-0.0301802,-0.0296867,-0.0292071,-0.0287323,-0.0282554,-0.0277717,-0.0272778,-0.0267719,-0.0262529,-0.0257204,-0.0251743,-0.0246143,-0.0240397,-0.023449,-0.0228394,-0.022207,-0.0215478,-0.0208611,-0.0201588,-0.0194881,-0.0189728,-0.0188656,-0.0195301,-0.0211974,-0.0234567,-0.0248625,-0.0231804,-0.0165351,-0.00596724,0
0,0.00497117,0.00895504,0.0100865,0.00989342,0.00946964,0.00911831,0.00885896,0.00866494,0.00851012,0.00838124,0.00827916,0.00821459,0.0082033,0.00826292,0.0084078,0.00863986,0.00894074,0.0092751,0.00959266,0.00984268,0.00998496,0.0099959,0.00986956,0.00961546,0.009252,0.00879918,0.00827348,0.00768625,0.00704449,0.00635258,0.00561359,0.00482982,0.00400325,0.00313575,0.0022289,0.00128383,0.000301303,-0.000718024,-0.00177384,-0.00286621,-0.00399524,-0.00516095,-0.00636342,-0.00760259,-0.00887808,-0.0101891,-0.0115344,-0.0129123,-0.0143204,-0.0157558,-0.0172146,-0.0186925,-0.0201845,-0.0216853,-0.0231888,-0.0246888,-0.0261794,-0.0276545,-0.0291085,-0.0305364,-0.0319338,-0.0332972,-0.0346241,-0.0359125,-0.0371614,-0.0383701,-0.0395381,-0.0406646,-0.0417482,-0.0427862,-0.0437742,-0.0447061,-0.045573,-0.046364,-0.0470662,-0.0476651,-0.0481459,-0.0484941,-0.048697,-0.0487441,-0.0486277,-0.0483426,-0.0478858,-0.0472558,-0.0464539,-0.0454873,-0.0443696,-0.0431243,-0.0417865,-0.0404009,-0.0390176,-0.0376854,-0.0364454,-0.0353253,-0.034338,-0.0334817,-0.0327438,-0.032105,-0.0315433,-0.0310379,-0.0305699,-0.0301243,-0.0296886,-0.0292537,-0.0288128,-0.0283608,-0.0278946,-0.0274118,-0.0269112,-0.0263918,-0.0258531,-0.0252937,-0.0247116,-0.0241038,-0.0234663,-0.0227952,-0.0220909,-0.0213695,-0.0206866,-0.0201823,-0.0201288,-0.0208963,-0.0226817,-0.0249913,-0.0262833,-0.0242674,-0.0171145,-0.0060856,0
0,0.00456924,0.00760368,0.00792445,0.00718061,0.00636884,0.00572802,0.00526607,0.00495368,0.00475952,0.0046629,0.00465521,0.00473817,0.0049194,0.00520922,0.00561679,0.00613986,0.0067497,0.00739884,0.00801822,0.00853896,0.00890876,0.00910012,0.00911111,0.00895936,0.00867259,0.00827889,0.00780085,0.00725373,0.00664696,0.00598627,0.00527547,0.00451752,0.00371506,0.0028705,0.00198574,0.00106237,0.000101685,-0.000895321,-0.00192823,-0.00299683,-0.00410101,-0.00524081,-0.00641628,-0.00762743,-0.00887393,-0.0101551,-0.0114701,-0.0128172,-0.0141945,-0.0155991,-0.0170275,-0.0184757,-0.019939,-0.0214118,-0.0228885,-0.0243629,-0.0258289,-0.0272802,-0.028711,-0.0301161,-0.0314907,-0.0328311,-0.0341344,-0.0353986,-0.0366228,-0.0378067,-0.0389504,-0.0400543,-0.0411182,-0.0421413,-0.0431214,-0.0440544,-0.0449338,-0.0457507,-0.0464934,-0.0471486,-0.0477008,-0.0481346,-0.0484354,-0.0485904,-0.04859,-0.0484276,-0.0480998,-0.0476047,-0.0469426,-0.0461174,-0.0451363,-0.0440147,-0.0427785,-0.0414643,-0.0401184,-0.0387905,-0.0375277,-0.0363672,-0.0353325,-0.0344315,-0.0336586,-0.0329985,-0.0324307,-0.031933,-0.0314847,-0.0310678,-0.0306674,-0.0302717,-0.0298719,-0.0294612,-0.0290349,-0.0285896,-0.0281229,-0.0276332,-0.0271191,-0.0265787,-0.0260097,-0.0254084,-0.0247708,-0.0240932,-0.0233778,-0.022645,-0.0219608,-0.0214828,-0.0215039,-0.0223984,-0.0243218,-0.0266891,-0.0278547,-0.0254681,-0.0177529,-0.00620989,0
0,0.00407523,0.00616322,0.00571076,0.00443952,0.00324483,0.0023126,0.00164624,0.00121365,0.00097922,0.000913291,0.000997584,0.00122376,0.00159201,0.00210526,0.00276782,0.00357357,0.00448772,0.00545229,0.00638032,0.00718469,0.00779832,0.00818719,0.0083508,0.00831376,0.00811283,0.00778467,0.00735855,0.0068545,0.00628481,0.00565696,0.00497573,0.00424494,0.00346785,0.00264726,0.00178561,0.000885052,-5.26294e-05,-0.00102624,-0.00203501,-0.00307838,-0.00415612,-0.00526819,-0.00641467,-0.00759548,-0.00881035,-0.0100589,-0.0113404,-0.0126534,-0.0139961,-0.0153661,-0.0167603,-0.018175,-0.0196055,-0.0210469,-0.0224937,-0.0239397,-0.0253789,-0.026805,-0.028212,-0.0295943,-0.0309471,-0.0322659,-0.0335478,-0.0347905,-0.0359927,-0.0371543,-0.0382758,-0.039358,-0.040402,-0.0414084,-0.0423768,-0.0433053,-0.0441897,-0.0450234,-0.0457971,-0.0464985,-0.0471131,-0.047625,-0.0480181,-0.0482775,-0.0483909,-0.0483497,-0.0481487,-0.0477859,-0.0472615,-0.0465777,-0.0457388,-0.0447543,-0.0436414,-0.0424281,-0.0411534,-0.0398643,-0.0386098,-0.0374339,-0.0363691,-0.0354332,-0.0346289,-0.0339468,-0.033369,-0.0328742,-0.0324406,-0.0320478,-0.0316787,-0.0313195,-0.0309589,-0.0305886,-0.0302021,-0.029795,-0.029364,-0.0289063,-0.0284198,-0.0279022,-0.0273503,-0.0267602,-0.0261274,-0.0254489,-0.0247289,-0.0239932,-0.0233195,-0.0228853,-0.0230043,-0.0240514,-0.0261329,-0.0285622,-0.0295812,-0.0267784,-0.0184386,-0.00632654,0
0,0.00350731,0.00465704,0.00346254,0.00167899,9.96608e-05,-0.00112879,-0.0020056,-0.00256243,-0.00284078,-0.00287981,-0.00270876,-0.00234606,-0.00180032,-0.00107227,-0.000165211,0.000910523,0.00212126,0.00339849,0.00464071,0.00574288,0.00662004,0.00722757,0.00756367,0.00765804,0.00755575,0.0073023,0.0069346,0.00647817,0.00594899,0.00535659,0.0047073,0.00400574,0.00325582,0.00246084,0.00162391,0.000747727,-0.000165603,-0.00111444,-0.00209751,-0.00311405,-0.00416365,-0.00524617,-0.00636149,-0.0075095,-0.00869017,-0.0099032,-0.0111479,-0.0124232,-0.0137277,-0.0150592,-0.0164151,-0.017792,-0.0191857,-0.0205917,-0.0220048,-0.0234191,-0.0248287,-0.0262275,-0.0276094,-0.0289686,-0.0302999,-0.0315987,-0.0328615,-0.0340856,-0.0352694,-0.0364125,-0.0375153,-0.0385791,-0.0396054,-0.040596,-0.041552,-0.0424731,-0.0433577,-0.0442016,-0.0449977,-0.045736,-0.0464035,-0.0469848,-0.0474633,-0.0478222,-0.0480467,-0.0481252,-0.0480502,-0.0478184,-0.0474295,-0.0468854,-0.0461897,-0.0453482,-0.0443719,-0.0432805,-0.0421047,-0.0408856,-0.0396705,-0.0385066,-0.0374334,-0.0364775,-0.0356503,-0.0349493,-0.0343614,-0.0338672,-0.0334445,-0.0330722,-0.0327314,-0.0324058,-0.0320826,-0.0317513,-0.0314046,-0.0310365,-0.0306423,-0.0302188,-0.0297629,-0.0292713,-0.0287405,-0.028166,-0.0275431,-0.0268692,-0.0261514,-0.0254219,-0.0247724,-0.0244015,-0.0246442,-0.0258716,-0.0281311,-0.0306219,-0.0314665,-0.0281915,-0.0191561,-0.00641943,0
0,0.00288275,0.00310618,0.00119561,-0.00109243,-0.00306587,-0.00459875,-0.00569236,-0.00638043,-0.00671071,-0.0067314,-0.00648155,-0.00598968,-0.00527384,-0.00434367,-0.00320589,-0.00187728,-0.000382791,0.00120022,0.00276016,0.00417438,0.00533672,0.00618802,0.00672123,0.00696839,0.00698172,0.00681569,0.00651548,0.00611321,0.00562937,0.00507644,0.00446241,0.00379298,0.00307273,0.00230574,0.0014957,0.000645791,-0.000241382,-0.0011636,-0.00211925,-0.00310725,-0.00412692,-0.00517789,-0.00625988,-0.00737282,-0.00851671,-0.00969129,-0.010896,-0.0121303,-0.0133928,-0.0146819,-0.0159952,-0.01733,-0.0186826,-0.0200489,-0.0214242,-0.022803,-0.0241797,-0.0255485,-0.0269033,-0.0282382,-0.029548,-0.0308277,-0.0320733,-0.0332817,-0.0344508,-0.0355797,-0.0366685,-0.0377184,-0.0387313,-0.0397093,-0.0406546,-0.0415686,-0.0424516,-0.0433015,-0.0441139,-0.0448814,-0.045593,-0.0462347,-0.0467902,-0.0472421,-0.0475734,-0.0477696,-0.0478201,-0.0477189,-0.0474646,-0.0470588,-0.0465052,-0.0458081,-0.044975,-0.044019,-0.0429626,-0.0418394,-0.0406922,-0.0395679,-0.0385101,-0.0375526,-0.0367153,-0.0360029,-0.0354082,-0.0349146,-0.0345015,-0.0341476,-0.0338324,-0.0335383,-0.0332506,-0.0329576,-0.0326503,-0.0323213,-0.0319653,-0.0315778,-0.031155,-0.0306929,-0.030187,-0.0296324,-0.0290241,-0.0283608,-0.0276523,-0.0269396,-0.0263295,-0.0260443,-0.0264397,-0.027877,-0.0303327,-0.0328798,-0.0335124,-0.0296974,-0.0198864,-0.00646935,0
0,0.002217,0.00152972,-0.00107594,-0.00387576,-0.00624503,-0.00809142,-0.00941557,-0.010248,-0.010642,-0.010655,-0.0103374,-0.00972815,-0.00885497,-0.00773476,-0.00637793,-0.00480028,-0.0030437,-0.00117869,0.000700358,0.0024382,0.00390795,0.00503122,0.00579089,0.0062173,0.00636808,0.00630615,0.00608577,0.00574664,0.00531492,0.00480681,0.0042325,0.003599,0.00291187,0.00217597,0.00139556,0.000574356,-0.000284314,-0.0011778,-0.00210407,-0.00306165,-0.00404946,-0.00506679,-0.00611336,-0.00718903,-0.00829365,-0.00942704,-0.0105889,-0.0117788,-0.0129958,-0.0142386,-0.0155054,-0.0167938,-0.0181009,-0.0194231,-0.0207562,-0.0220954,-0.0234355,-0.0247711,-0.0260961,-0.0274051,-0.0286925,-0.0299533,-0.0311829,-0.0323779,-0.0335356,-0.0346546,-0.0357343,-0.0367758,-0.0377805,-0.0387509,-0.0396897,-0.0405993,-0.0414816,-0.0423365,-0.043162,-0.0439531,-0.0447014,-0.0453951,-0.0460192,-0.0465564,-0.0469886,-0.0472988,-0.0474732,-0.0475026,-0.047383,-0.0471151,-0.0467022,-0.0461491,-0.0454614,-0.0446482,-0.043725,-0.0427177,-0.0416626,-0.0406035,-0.0395854,-0.0386469,-0.0378151,-0.0371023,-0.0365069,-0.036017,-0.0356143,-0.035278,-0.0349872,-0.0347231,-0.0344699,-0.0342145,-0.0339462,-0.0336568,-0.0333401,-0.0329904,-0.0326031,-0.0321733,-0.031696,-0.0311655,-0.030577,-0.02993,-0.0292391,-0.0285545,-0.0280015,-0.0278278,-0.0284084,-0.0300872,-0.0327555,-0.0353465,-0.0357181,-0.0312831,-0.0206072,-0.00645468,0
0,0.00152438,-5.60777e-05,-0.00335669,-0.00665241,-0.00943084,-0.01161,-0.0131798,-0.0141713,-0.0146428,-0.0146613,-0.0142886,-0.0135749,-0.0125578,-0.0112627,-0.00970574,-0.00790361,-0.00589049,-0.00374058,-0.00157281,0.000491999,0.00229036,0.00371607,0.00473536,0.00537283,0.00568818,0.00575194,0.00562755,0.0053636,0.00499306,0.00453684,0.00400801,0.00341543,0.00276585,0.00206489,0.00131753,0.000528198,-0.000299222,-0.00116152,-0.00205617,-0.00298114,-0.00393495,-0.0049167,-0.00592587,-0.00696207,-0.0080251,-0.00911486,-0.0102312,-0.0113738,-0.0125421,-0.0137351,-0.0149515,-0.0161897,-0.0174472,-0.018721,-0.0200077,-0.0213031,-0.0226027,-0.0239013,-0.0251937,-0.0264743,-0.0277377,-0.0289788,-0.0301929,-0.0313761,-0.0325251,-0.0336377,-0.0347131,-0.0357515,-0.0367539,-0.0377225,-0.0386604,-0.0395704,-0.0404553,-0.0413168,-0.0421548,-0.0429668,-0.0437469,-0.0444858,-0.0451706,-0.0457851,-0.046311,-0.04673,-0.0470252,-0.0471842,-0.0471996,-0.0470697,-0.0467973,-0.0463873,-0.0458452,-0.0451779,-0.0443962,-0.0435189,-0.0425752,-0.0416037,-0.0406481,-0.0397498,-0.0389411,-0.0382408,-0.0376538,-0.0371733,-0.036784,-0.0364663,-0.0362,-0.0359655,-0.0357462,-0.0355278,-0.0352985,-0.0350494,-0.0347728,-0.0344626,-0.0341131,-0.0337187,-0.0332733,-0.0327711,-0.0322072,-0.0315831,-0.0309185,-0.0302757,-0.0298004,-0.0297676,-0.0305698,-0.0325232,-0.0354176,-0.0380315,-0.0380809,-0.0329317,-0.0212922,-0.00635133,0
0,0.000820007,-0.00165717,-0.00561885,-0.00941926,-0.0126235,-0.0151503,-0.0169849,-0.0181544,-0.0187209,-0.0187614,-0.0183491,-0.0175458,-0.0163996,-0.0149447,-0.0132032,-0.0111946,-0.00895163,-0.00653936,-0.00406832,-0.00169678,0.000439426,0.0021976,0.00351288,0.00439816,0.00491098,0.00512729,0.00511983,0.00494681,0.00464933,0.00425416,0.00377824,0.00323285,0.00262623,0.00196503,0.00125502,0.000501359,-0.000291474,-0.00111965,-0.00197997,-0.0028699,-0.00378762,-0.0047318,-0.00570151,-0.00669623,-0.00771566,-0.00875964,-0.00982815,-0.0109209,-0.0120377,-0.013178,-0.014341,-0.0155254,-0.0167296,-0.0179512,-0.0191875,-0.0204352,-0.0216902,-0.0229482,-0.0242045,-0.0254539,-0.0266911,-0.0279113,-0.0291094,-0.0302813,-0.0314232,-0.0325325,-0.0336075,-0.0346475,-0.0356532,-0.0366264,-0.0375695,-0.0384857,-0.0393784,-0.0402502,-0.0411027,-0.0419354,-0.042745,-0.0435246,-0.0442637,-0.044948,-0.0455602,-0.0460814,-0.0464929,-0.0467791,-0.046929,-0.0469377,-0.0468061,-0.0465388,-0.0461416,-0.0456209,-0.0449849,-0.0442467,-0.0434287,-0.0425634,-0.041691,-0.040853,-0.0400853,-0.0394123,-0.0388451,-0.0383816,-0.0380104,-0.0377143,-0.0374738,-0.0372695,-0.0370843,-0.0369026,-0.0367128,-0.0365044,-0.0362692,-0.0360001,-0.0356907,-0.0353343,-0.0349245,-0.0344545,-0.0339203,-0.033326,-0.0326979,-0.0321124,-0.031739,-0.0318815,-0.0329455,-0.0352074,-0.0383373,-0.0409431,-0.0405943,-0.0346224,-0.0219117,-0.0061335,0
0,0.000110736,-0.00325986,-0.00785718,-0.0121706,-0.0158142,-0.0187102,-0.0208311,-0.0221998,-0.0228818,-0.0229629,-0.0225282,-0.0216517,-0.020393,-0.0187956,-0.0168886,-0.014693,-0.0122388,-0.00958641,-0.00684022,-0.00414612,-0.00168012,0.00042861,0.00207722,0.00325103,0.00399987,0.00440174,0.00453768,0.0044759,0.00426682,0.00394446,0.00353088,0.00304054,0.00248358,0.00186801,0.00120054,0.000487105,-0.000267113,-0.00105759,-0.00188049,-0.00273275,-0.00361198,-0.00451641,-0.00544473,-0.00639617,-0.00737022,-0.00836669,-0.00938547,-0.0104265,-0.0114897,-0.012575,-0.0136819,-0.0148098,-0.0159576,-0.0171238,-0.0183063,-0.0195026,-0.0207096,-0.0219236,-0.0231404,-0.0243555,-0.025564,-0.0267611,-0.027942,-0.0291022,-0.0302378,-0.0313455,-0.0324229,-0.0334686,-0.0344827,-0.035466,-0.0364206,-0.0373494,-0.0382558,-0.0391431,-0.0400141,-0.0408697,-0.0417087,-0.0425269,-0.0433161,-0.0440643,-0.0447558,-0.0453723,-0.0458944,-0.0463038,-0.0465864,-0.0467335,-0.0467432,-0.0466187,-0.0463659,-0.0459916,-0.0455027,-0.044909,-0.0442267,-0.043482,-0.0427101,-0.0419509,-0.0412418,-0.0406117,-0.0400764,-0.0396393,-0.0392928,-0.0390226,-0.0388105,-0.0386379,-0.0384874,-0.0383439,-0.0381941,-0.0380272,-0.0378345,-0.0376082,-0.0373408,-0.0370252,-0.036654,-0.0362205,-0.0357213,-0.0351643,-0.0345844,-0.0340746,-0.0338315,-0.0341884,-0.0355589,-0.0381632,-0.0415318,-0.0440864,-0.0432483,-0.0363306,-0.0224331,-0.00577474,0
0,-0.000623183,-0.00483864,-0.0100682,-0.0148974,-0.0189984,-0.0222838,-0.024715,-0.0263074,-0.0271283,-0.027272,-0.026835,-0.0259035,-0.0245489,-0.0228258,-0.0207711,-0.0184098,-0.0157693,-0.0129002,-0.00989782,-0.00690518,-0.00409304,-0.00163123,0.000378743,0.00188375,0.0029123,0.00353921,0.00385122,0.00392642,0.00382544,0.00359107,0.00325172,0.0028261,0.00232704,0.00176422,0.00114554,0.000477801,-0.000232981,-0.000981548,-0.00176344,-0.00257493,-0.00341305,-0.00427544,-0.00516041,-0.00606683,-0.00699399,-0.00794149,-0.00890915,-0.009897,-0.0109052,-0.0119339,-0.012983,-0.0140524,-0.0151416,-0.01625,-0.0173761,-0.0185183,-0.0196742,-0.0208411,-0.0220153,-0.0231931,-0.0243702,-0.025542,-0.0267039,-0.0278515,-0.0289804,-0.0300871,-0.0311686,-0.0322229,-0.0332491,-0.0342474,-0.0352192,-0.0361667,-0.0370931,-0.0380019,-0.0388964,-0.0397788,-0.0406495,-0.0415063,-0.0423436,-0.0431515,-0.0439167,-0.044622,-0.0452482,-0.0457758,-0.0461877,-0.046472,-0.046623,-0.0466416,-0.0465332,-0.0463048,-0.0459633,-0.0455163,-0.044976,-0.0443625,-0.0437053,-0.043041,-0.0424071,-0.0418347,-0.0413445,-0.0409442,-0.0406302,-0.0403914,-0.0402116,-0.0400733,-0.0399596,-0.039855,-0.0397461,-0.0396221,-0.0394733,-0.0392912,-0.039068,-0.0387957,-0.0384664,-0.0380733,-0.037615,-0.0371036,-0.0365851,-0.0361729,-0.0360934,-0.0367097,-0.0384346,-0.0414143,-0.0450167,-0.0474631,-0.0460277,-0.0380271,-0.0228222,-0.0052515,0
0,-0.00138817,-0.00639465,-0.0122365,-0.0175915,-0.0221648,-0.0258625,-0.0286307,-0.0304746,-0.0314611,-0.0316917,-0.0312747,-0.0303081,-0.0288761,-0.0270449,-0.0248605,-0.0223528,-0.0195484,-0.0164906,-0.0132602,-0.00998827,-0.00684669,-0.00401202,-0.00162748,0.00024433,0.00159967,0.00249723,0.00302472,0.00326892,0.0033011,0.00317404,0.00292398,0.00257515,0.00214401,0.00164251,0.00108006,0.000464583,-0.000197024,-0.00089877,-0.00163539,-0.00240248,-0.0031964,-0.00401426,-0.00485384,-0.00571361,-0.0065925,-0.00748986,-0.00840545,-0.00933929,-0.0102917,-0.0112629,-0.0122533,-0.0132631,-0.0142926,-0.0153416,-0.0164097,-0.0174958,-0.0185985,-0.0197158,-0.020845,-0.0219829,-0.023126,-0.0242701,-0.0254109,-0.0265441,-0.0276654,-0.0287709,-0.0298572,-0.0309218,-0.0319628,-0.0329798,-0.0339733,-0.0349449,-0.0358972,-0.0368336,-0.0377573,-0.0386714,-0.0395774,-0.0404749,-0.0413601,-0.0422258,-0.0430606,-0.0438492,-0.0445734,-0.0452133,-0.0457502,-0.0461689,-0.0464602,-0.0466221,-0.0466582,-0.0465753,-0.0463805,-0.0460812,-0.0456864,-0.0452112,-0.0446796,-0.0441238,-0.0435796,-0.0430796,-0.0426472,-0.0422944,-0.0420217,-0.0418208,-0.0416781,-0.0415776,-0.0415029,-0.0414391,-0.0413728,-0.0412931,-0.0411894,-0.0410534,-0.0408763,-0.0406496,-0.0403653,-0.0400169,-0.0396053,-0.0391491,-0.038708,-0.0384189,-0.0385418,-0.0394678,-0.0415982,-0.0449822,-0.048802,-0.0510671,-0.0489098,-0.039678,-0.023045,-0.00454595,0
0,-0.00213199,-0.00791203,-0.0143565,-0.0202395,-0.0253014,-0.0294352,-0.0325686,-0.0346949,-0.0358771,-0.0362226,-0.0358501,-0.0348707,-0.0333808,-0.031459,-0.0291626,-0.026528,-0.0235821,-0.0203611,-0.0169328,-0.013412,-0.00996014,-0.00676158,-0.00397864,-0.00171472,8.04658e-06,0.00122649,0.00201564,0.00246793,0.00266466,0.00266934,0.00252758,0.00227057,0.00191963,0.00148982,0.00099255,0.000437094,-0.000168603,-0.000817611,-0.00150391,-0.00222235,-0.00296854,-0.00373898,-0.00453091,-0.00534225,-0.00617153,-0.00701785,-0.00788075,-0.00876023,-0.00965656,-0.0105702,-0.0115017,-0.0124519,-0.0134214,-0.0144107,-0.0154199,-0.016449,-0.0174972,-0.0185634,-0.0196458,-0.020742,-0.0218489,-0.0229631,-0.0240809,-0.0251979,-0.0263101,-0.0274135,-0.0285044,-0.0295797,-0.0306371,-0.0316753,-0.032694,-0.0336941,-0.0346774,-0.0356468,-0.0366054,-0.0375565,-0.0385025,-0.0394438,-0.0403786,-0.0413017,-0.0422038,-0.0430718,-0.0438886,-0.0446351,-0.0452919,-0.0458409,-0.0462703,-0.0465746,-0.0467549,-0.0468172,-0.0467688,-0.046617,-0.0463693,-0.0460369,-0.0456388,-0.0452023,-0.0447606,-0.0443458,-0.0439837,-0.0436894,-0.0434669,-0.0433112,-0.0432111,-0.0431523,-0.0431197,-0.0430989,-0.0430772,-0.0430432,-0.0429863,-0.042898,-0.0427689,-0.0425903,-0.0423539,-0.0420545,-0.0416961,-0.0413062,-0.040961,-0.0408256,-0.0411954,-0.0424874,-0.0450745,-0.0488847,-0.0528906,-0.0548813,-0.0518603,-0.0412426,-0.0230693,-0.00366222,0
0,-0.00285854,-0.00937651,-0.0164101,-0.0228263,-0.0283917,-0.0329857,-0.0365159,-0.0389584,-0.0403701,-0.0408614,-0.0405617,-0.0395937,-0.0380669,-0.0360729,-0.0336814,-0.0309375,-0.0278707,-0.0245122,-0.0209163,-0.0171799,-0.0134491,-0.009904,-0.00672291,-0.00403861,-0.00191168,-0.000329049,0.000774377,0.00148081,0.00188065,0.00204773,0.00203822,0.00189195,0.00163636,0.00129075,0.000869276,0.000383039,-0.00015873,-0.000748061,-0.00137807,-0.00204276,-0.00273703,-0.00345664,-0.00419825,-0.00495918,-0.00573748,-0.0065319,-0.00734175,-0.00816684,-0.00900737,-0.0098639,-0.0107372,-0.0116284,-0.0125386,-0.0134686,-0.0144194,-0.0153916,-0.0163851,-0.0173997,-0.0184344,-0.0194875,-0.020557,-0.0216398,-0.0227327,-0.0238318,-0.0249334,-0.0260334,-0.027128,-0.0282139,-0.0292881,-0.0303488,-0.031395,-0.0324267,-0.0334451,-0.0344522,-0.035451,-0.0364444,-0.0374349,-0.0384241,-0.0394114,-0.0403931,-0.0413618,-0.0423065,-0.0432119,-0.0440597,-0.0448306,-0.0455055,-0.0460696,-0.0465143,-0.0468381,-0.047045,-0.0471424,-0.0471375,-0.047037,-0.0468499,-0.0465907,-0.0462821,-0.0459531,-0.0456351,-0.0453546,-0.0451293,-0.0449661,-0.044863,-0.0448114,-0.0447989,-0.0448119,-0.044837,-0.0448618,-0.044875,-0.044867,-0.0448279,-0.0447488,-0.0446205,-0.0444349,-0.0441887,-0.0438912,-0.0435804,-0.0433532,-0.0434072,-0.0440753,-0.0457927,-0.0488859,-0.0531313,-0.0572708,-0.0588711,-0.054828,-0.0426666,-0.0228637,-0.00261998,0
0,-0.00356018,-0.0107799,-0.0183851,-0.0253345,-0.0314164,-0.036495,-0.0404545,-0.0432509,-0.0449293,-0.0456018,-0.0454057,-0.0444764,-0.0429357,-0.040889,-0.0384192,-0.0355822,-0.032413,-0.0289398,-0.0252059,-0.0212896,-0.0173166,-0.0134554,-0.00988967,-0.006777,-0.00421317,-0.00221969,-0.000756016,0.000257169,0.000906136,0.00127334,0.00142627,0.00141438,0.001273,0.0010269,0.000693973,0.000287854,-0.000180537,-0.000702008,-0.00126866,-0.00187359,-0.00251087,-0.00317561,-0.00386367,-0.00457177,-0.00529745,-0.00603903,-0.00679549,-0.00756635,-0.00835169,-0.00915204,-0.0099684,-0.010802,-0.0116542,-0.0125264,-0.0134201,-0.0143364,-0.0152761,-0.0162396,-0.0172268,-0.0182367,-0.0192679,-0.0203184,-0.0213852,-0.0224652,-0.0235547,-0.02465,-0.0257473,-0.0268429,-0.0279339,-0.0290176,-0.0300925,-0.0311579,-0.0322143,-0.0332629,-0.0343061,-0.0353464,-0.0363863,-0.0374278,-0.0384709,-0.0395133,-0.0405494,-0.0415695,-0.0425604,-0.0435053,-0.0443851,-0.0451804,-0.0458748,-0.046457,-0.0469224,-0.0472732,-0.0475154,-0.0476563,-0.0477027,-0.0476619,-0.047545,-0.04737,-0.0471622,-0.0469508,-0.0467621,-0.0466155,-0.0465204,-0.0464774,-0.0464803,-0.046519,-0.0465813,-0.0466551,-0.0467286,-0.0467914,-0.0468337,-0.0468457,-0.0468182,-0.0467421,-0.0466104,-0.0464224,-0.0461942,-0.045978,-0.0458955,-0.0461805,-0.0472041,-0.0494093,-0.0530498,-0.0577206,-0.0619133,-0.0629771,-0.057734,-0.0438793,-0.022403,-0.00153252,0
0,-0.00422313,-0.0121055,-0.0202639,-0.0277434,-0.0343522,-0.0399388,-0.0443627,-0.0475531,-0.0495403,-0.0504327,-0.0503758,-0.0495156,-0.0479864,-0.0459075,-0.0433761,-0.0404615,-0.037206,-0.0336382,-0.029793,-0.0257314,-0.0215569,-0.0174193,-0.0134975,-0.0099644,-0.00694761,-0.00450593,-0.00262956,-0.00125899,-0.000310421,0.00030267,0.000655243,0.000807377,0.00080367,0.000675952,0.000447123,0.000134136,-0.000249724,-0.000693735,-0.00118869,-0.00172669,-0.00230104,-0.00290591,-0.00353642,-0.00418867,-0.00485968,-0.00554715,-0.00624966,-0.00696639,-0.00769722,-0.00844265,-0.00920365,-0.0099815,-0.0107778,-0.0115944,-0.012433,-0.0132954,-0.0141831,-0.015097,-0.0160377,-0.0170052,-0.0179986,-0.0190165,-0.0200569,-0.021117,-0.0221936,-0.0232831,-0.024382,-0.0254866,-0.0265936,-0.0277003,-0.0288044,-0.0299047,-0.0310011,-0.032094,-0.033185,-0.0342761,-0.0353697,-0.0364676,-0.0375703,-0.0386762,-0.0397808,-0.0408763,-0.0419509,-0.0429894,-0.0439733,-0.0448838,-0.0457035,-0.046419,-0.0470234,-0.0475161,-0.0479018,-0.0481875,-0.0483798,-0.0484852,-0.048512,-0.0484747,-0.0483945,-0.0482976,-0.0482096,-0.0481504,-0.0481315,-0.0481557,-0.0482193,-0.048314,-0.0484296,-0.0485552,-0.0486802,-0.0487944,-0.0488884,-0.048953,-0.0489787,-0.048957,-0.0488824,-0.0487581,-0.0486094,-0.0485065,-0.0486005,-0.0491652,-0.050607,-0.0533604,-0.0575764,-0.0626346,-0.066762,-0.0671053,-0.0604593,-0.0447694,-0.0216511,-0.000674498,0
0,-0.00484329,-0.013342,-0.0220283,-0.03003,-0.0371721,-0.0432895,-0.0482131,-0.0518413,-0.0541823,-0.0553391,-0.055461,-0.0547041,-0.0532151,-0.0511268,-0.0485517,-0.0455737,-0.0422457,-0.0386004,-0.0346669,-0.0304917,-0.0261564,-0.021788,-0.0175512,-0.0136229,-0.0101546,-0.00724156,-0.00491028,-0.00312811,-0.00182487,-0.000915916,-0.000319628,3.32162e-05,0.000196594,0.000210741,0.000104976,-9.91425e-05,-0.000385258,-0.000740406,-0.00115385,-0.00161658,-0.00212078,-0.00265973,-0.00322783,-0.00382047,-0.00443397,-0.00506551,-0.00571307,-0.00637552,-0.00705247,-0.0077442,-0.00845153,-0.00917577,-0.00991865,-0.0106822,-0.0114686,-0.0122799,-0.0131181,-0.0139848,-0.0148812,-0.0158078,-0.0167646,-0.0177509,-0.0187652,-0.0198053,-0.0208686,-0.0219518,-0.0230517,-0.0241646,-0.0252871,-0.0264163,-0.0275498,-0.0286857,-0.0298231,-0.0309622,-0.0321036,-0.0332488,-0.0343997,-0.0355578,-0.0367235,-0.0378958,-0.0390711,-0.0402426,-0.0413998,-0.0425295,-0.043613,-0.0446336,-0.0455732,-0.0464174,-0.0471569,-0.0477887,-0.048316,-0.0487448,-0.0490816,-0.0493321,-0.0495032,-0.049606,-0.0496578,-0.0496817,-0.0497015,-0.0497374,-0.0498021,-0.0499003,-0.0500303,-0.0501859,-0.0503586,-0.0505391,-0.0507178,-0.0508854,-0.0510331,-0.0511516,-0.0512321,-0.0512668,-0.0512526,-0.0511987,-0.0511423,-0.0511756,-0.0514843,-0.0523847,-0.0543115,-0.0576688,-0.0624669,-0.0678377,-0.0717338,-0.0711234,-0.0628339,-0.045158,-0.0205127,-0.000589914,0
0,-0.00541222,-0.0144759,-0.0236594,-0.0321688,-0.0398466,-0.0465144,-0.0519733,-0.0560853,-0.058831,-0.0603009,-0.0606459,-0.0600315,-0.0586153,-0.0565432,-0.0539436,-0.0509163,-0.0475283,-0.0438187,-0.0398157,-0.0355542,-0.0310964,-0.0265442,-0.022042,-0.0177593,-0.0138607,-0.0104715,-0.00765601,-0.00541552,-0.00370233,-0.0024415,-0.00155072,-0.000953829,-0.000587475,-0.00040234,-0.000361535,-0.000437595,-0.000609988,-0.00086277,-0.00118322,-0.00156072,-0.0019862,-0.00245204,-0.0029518,-0.00348006,-0.00403238,-0.00460531,-0.00519633,-0.00580386,-0.00642714,-0.00706609,-0.00772134,-0.00839411,-0.00908621,-0.00979971,-0.010537,-0.0113004,-0.0120924,-0.0129148,-0.0137696,-0.014658,-0.0155804,-0.0165368,-0.0175263,-0.0185472,-0.0195977,-0.0206748,-0.0217754,-0.0228962,-0.024034,-0.0251856,-0.0263483,-0.0275201,-0.0286995,-0.0298859,-0.0310797,-0.0322815,-0.0334926,-0.0347139,-0.0359459,-0.0371875,-0.0384355,-0.039684,-0.0409236,-0.0421414,-0.0433215,-0.0444474,-0.0455015,-0.0464689,-0.0473388,-0.0481063,-0.0487725,-0.0493422,-0.0498215,-0.0502157,-0.0505305,-0.0507741,-0.0509608,-0.05111,-0.0512436,-0.0513811,-0.0515358,-0.0517139,-0.0519156,-0.0521365,-0.05237,-0.0526082,-0.0528431,-0.0530661,-0.0532687,-0.0534425,-0.0535792,-0.0536726,-0.0537229,-0.0537477,-0.0537997,-0.0539979,-0.0545673,-0.0558666,-0.0583477,-0.062353,-0.0677108,-0.0732735,-0.0767167,-0.0748626,-0.0646373,-0.0447898,-0.0187741,-0.00172442,0
0,-0.00592094,-0.0154919,-0.0251361,-0.0341325,-0.0423423,-0.0495767,-0.0556057,-0.06025,-0.063455,-0.0652923,-0.0659107,-0.0654828,-0.0641766,-0.0621502,-0.0595477,-0.0564867,-0.0530497,-0.0492867,-0.0452282,-0.0409028,-0.0363554,-0.0316647,-0.0269502,-0.0223655,-0.0180757,-0.0142267,-0.0109165,-0.00818358,-0.0060107,-0.00434152,-0.0031004,-0.00220886,-0.00159635,-0.00120464,-0.000988176,-0.000912563,-0.000951818,-0.00108609,-0.0012998,-0.00158026,-0.00191696,-0.00230116,-0.00272536,-0.00318326,-0.00366966,-0.00418041,-0.00471248,-0.00526372,-0.00583285,-0.00641942,-0.00702381,-0.00764709,-0.00829087,-0.00895727,-0.00964872,-0.0103678,-0.011117,-0.0118989,-0.0127156,-0.0135689,-0.0144598,-0.0153887,-0.0163554,-0.017359,-0.0183979,-0.0194696,-0.0205715,-0.0217005,-0.0228537,-0.0240277,-0.0252198,-0.0264278,-0.0276497,-0.0288847,-0.0301322,-0.0313925,-0.0326661,-0.0339533,-0.0352543,-0.0365676,-0.0378903,-0.0392167,-0.0405386,-0.0418427,-0.0431161,-0.0443425,-0.0455058,-0.0465908,-0.0475857,-0.0484843,-0.0492858,-0.0499936,-0.0506129,-0.0511488,-0.0516057,-0.0519901,-0.0523129,-0.0525905,-0.0528423,-0.0530864,-0.0533364,-0.0535997,-0.0538777,-0.0541679,-0.0544656,-0.0547644,-0.0550575,-0.0553374,-0.0555963,-0.0558267,-0.0560212,-0.0561755,-0.0562958,-0.0564102,-0.0565913,-0.0569902,-0.0578751,-0.0596444,-0.0627474,-0.0674275,-0.0732865,-0.0788709,-0.0815863,-0.0781473,-0.0656493,-0.0434074,-0.0162095,-0.00344031,0
0,-0.00636277,-0.0163767,-0.026438,-0.0358931,-0.0446238,-0.0524358,-0.0590677,-0.0642944,-0.0680173,-0.0702816,-0.0712294,-0.0710382,-0.0698847,-0.0679386,-0.0653586,-0.0622809,-0.0588059,-0.054998,-0.0508946,-0.0465216,-0.0419118,-0.0371226,-0.0322483,-0.02742,-0.0227929,-0.0185206,-0.0147273,-0.0114867,-0.00881657,-0.00668747,-0.00503892,-0.00379711,-0.00288828,-0.00224695,-0.00181925,-0.0015628,-0.00144502,-0.00144105,-0.00153146,-0.00170092,-0.00193701,-0.00222938,-0.00256934,-0.00294958,-0.00336409,-0.00380806,-0.00427772,-0.00477027,-0.00528392,-0.00581783,-0.00637199,-0.00694714,-0.00754472,-0.00816672,-0.00881547,-0.00949369,-0.010204,-0.0109492,-0.0117317,-0.0125535,-0.0134163,-0.014321,-0.0152679,-0.0162565,-0.0172856,-0.0183535,-0.0194579,-0.0205962,-0.0217653,-0.0229623,-0.0241843,-0.025429,-0.0266943,-0.0279786,-0.0292811,-0.0306014,-0.0319393,-0.0332946,-0.0346667,-0.0360539,-0.0374529,-0.0388581,-0.0402613,-0.0416504,-0.0430137,-0.0443365,-0.0456033,-0.0467997,-0.0479137,-0.0489382,-0.0498706,-0.0507129,-0.0514693,-0.0521441,-0.052741,-0.0532648,-0.0537239,-0.0541316,-0.0545044,-0.0548591,-0.0552087,-0.0555612,-0.0559195,-0.0562825,-0.0566472,-0.057009,-0.0573621,-0.0577003,-0.058017,-0.0583046,-0.0585582,-0.0587772,-0.0589748,-0.0591934,-0.0595305,-0.0601749,-0.0614401,-0.0637559,-0.0675427,-0.0728991,-0.0791574,-0.0845413,-0.0862066,-0.0808142,-0.0657092,-0.0408976,-0.0127365,-0.00401537,0
0,-0.00673058,-0.0171174,-0.0275453,-0.0374222,-0.0466544,-0.0550479,-0.0623123,-0.0681707,-0.0724733,-0.0752305,-0.0765704,-0.0766722,-0.0757206,-0.073895,-0.071368,-0.0682939,-0.0647936,-0.0609483,-0.0568066,-0.0523971,-0.0477452,-0.0428909,-0.0379044,-0.0328917,-0.0279897,-0.0233485,-0.0191062,-0.0153654,-0.012179,-0.0095501,-0.00744166,-0.00579251,-0.00453197,-0.00359119,-0.00290935,-0.00243624,-0.00213195,-0.00196537,-0.00191239,-0.00195406,-0.00207527,-0.00226367,-0.00250901,-0.00280287,-0.00313826,-0.00350951,-0.00391205,-0.00434243,-0.00479831,-0.00527832,-0.00578199,-0.0063097,-0.00686258,-0.00744236,-0.00805125,-0.00869182,-0.00936687,-0.0100792,-0.0108315,-0.0116259,-0.0124645,-0.0133486,-0.014279,-0.0152556,-0.0162777,-0.0173441,-0.018453,-0.0196018,-0.0207882,-0.0220092,-0.0232622,-0.0245445,-0.0258539,-0.0271887,-0.0285473,-0.0299289,-0.0313327,-0.0327577,-0.0342027,-0.0356652,-0.0371415,-0.0386263,-0.040109,-0.0415813,-0.0430314,-0.0444459,-0.0458107,-0.0471123,-0.0483392,-0.0494836,-0.0505416,-0.0515141,-0.0524038,-0.0532142,-0.0539484,-0.0546096,-0.0552041,-0.055742,-0.0562375,-0.0567052,-0.0571575,-0.0576025,-0.058044,-0.0584826,-0.0589167,-0.0593432,-0.059758,-0.0601558,-0.0605306,-0.0608769,-0.0611918,-0.0614801,-0.0617649,-0.0621075,-0.0626356,-0.0635807,-0.0653011,-0.0682433,-0.0727619,-0.0787625,-0.0852699,-0.0901833,-0.0904479,-0.0827424,-0.0647546,-0.0372818,-0.00817103,-0.00239479,0
0,-0.00701835,-0.0177022,-0.0284391,-0.0386922,-0.0483975,-0.0573679,-0.0652874,-0.0718257,-0.0767728,-0.0800935,-0.0818947,-0.0823532,-0.0816596,-0.0800017,-0.0775642,-0.0745193,-0.0710085,-0.0671335,-0.0629581,-0.0585186,-0.053838,-0.048944,-0.0438857,-0.0387441,-0.0336326,-0.0286879,-0.0240504,-0.019841,-0.016143,-0.012993,-0.0103837,-0.00827458,-0.00660572,-0.00531055,-0.00432488,-0.00359211,-0.00306508,-0.0027059,-0.00248469,-0.00237793,-0.00236695,-0.00243671,-0.00257508,-0.0027721,-0.00301954,-0.00331065,-0.00364006,-0.00400359,-0.00439825,-0.00482202,-0.00527395,-0.005754,-0.00626282,-0.00680186,-0.00737306,-0.00797885,-0.00862193,-0.00930503,-0.0100309,-0.0108019,-0.0116204,-0.0124879,-0.0134054,-0.0143734,-0.0153918,-0.0164595,-0.0175752,-0.0187369,-0.0199423,-0.021189,-0.0224742,-0.0237955,-0.0251504,-0.0265368,-0.0279529,-0.029397,-0.0308679,-0.0323639,-0.0338829,-0.0354218,-0.0369759,-0.0385386,-0.0401,-0.0416528,-0.0431859,-0.0446872,-0.0461443,-0.0475447,-0.0488778,-0.0501355,-0.0513134,-0.0524109,-0.0534296,-0.0543719,-0.0552398,-0.0560356,-0.0567633,-0.0574308,-0.0580492,-0.0586312,-0.059188,-0.0597276,-0.0602546,-0.0607707,-0.0612759,-0.0617686,-0.0622459,-0.0627037,-0.0631377,-0.063544,-0.0639233,-0.0642877,-0.0646742,-0.0651673,-0.0659314,-0.0672441,-0.0695036,-0.0731489,-0.078425,-0.0849929,-0.0915436,-0.0956671,-0.0941586,-0.083816,-0.062804,-0.0328202,-0.00286949,0.000755636,0
0,-0.00722223,-0.0181226,-0.029104,-0.0396789,-0.0498175,-0.0593491,-0.0679383,-0.0752006,-0.0808575,-0.084817,-0.0871555,-0.0880418,-0.0876704,-0.0862352,-0.0839313,-0.0809471,-0.0774457,-0.0735508,-0.0693454,-0.0648781,-0.0601758,-0.0552594,-0.0501612,-0.0449387,-0.0396804,-0.0345029,-0.0295379,-0.0249133,-0.0207335,-0.0170652,-0.0139329,-0.0113229,-0.00919374,-0.00748826,-0.00614436,-0.00510228,-0.00430924,-0.0037207,-0.0033005,-0.00301969,-0.0028551,-0.00278839,-0.00280479,-0.00289224,-0.00304093,-0.00324288,-0.00349169,-0.0037823,-0.00411093,-0.00447495,-0.00487279,-0.00530381,-0.00576826,-0.00626712,-0.00680204,-0.00737516,-0.00798893,-0.00864596,-0.00934893,-0.0101004,-0.0109026,-0.0117574,-0.012666,-0.0136292,-0.0146472,-0.0157195,-0.016845,-0.0180221,-0.0192491,-0.0205235,-0.0218429,-0.0232048,-0.0246067,-0.0260462,-0.0275211,-0.029029,-0.0305681,-0.032136,-0.0337296,-0.0353449,-0.0369768,-0.0386142,-0.0402525,-0.0418824,-0.0434942,-0.0450771,-0.0466201,-0.0481125,-0.0495446,-0.0509087,-0.0522002,-0.053417,-0.0545596,-0.0556292,-0.0566268,-0.0575536,-0.0584118,-0.0592068,-0.0599472,-0.0606435,-0.0613055,-0.0619407,-0.0625544,-0.0631492,-0.0637266,-0.0642863,-0.0648266,-0.0653451,-0.0658389,-0.0663071,-0.0667554,-0.067206,-0.0677139,-0.0683933,-0.0694505,-0.0712104,-0.0740984,-0.0785128,-0.0845365,-0.0915392,-0.0978636,-0.100827,-0.0971553,-0.0838909,-0.0598587,-0.0279172,-0.000103205,0.00260211,0
0,-0.00734052,-0.0183734,-0.0295289,-0.040362,-0.0508825,-0.0609464,-0.0702083,-0.0782315,-0.0846619,-0.0893393,-0.0922975,-0.0936907,-0.0937134,-0.0925646,-0.090447,-0.0875632,-0.0840974,-0.0801965,-0.0759657,-0.071471,-0.0667488,-0.061819,-0.056703,-0.0514382,-0.0460889,-0.0407481,-0.0355307,-0.0305606,-0.0259522,-0.0217948,-0.0181418,-0.0150092,-0.01238,-0.0102136,-0.00845669,-0.0070516,-0.00594293,-0.00508125,-0.00442448,-0.0039378,-0.00359307,-0.00336771,-0.00324347,-0.00320565,-0.00324239,-0.00334408,-0.00350297,-0.00371293,-0.00396932,-0.00426869,-0.00460873,-0.00498818,-0.00540681,-0.00586502,-0.00636406,-0.0069057,-0.00749204,-0.00812548,-0.00880856,-0.00954377,-0.0103333,-0.011179,-0.0120825,-0.0130447,-0.014066,-0.0151462,-0.0162848,-0.0174805,-0.0187317,-0.0200363,-0.0213923,-0.0227969,-0.0242477,-0.0257418,-0.0272767,-0.0288496,-0.0304578,-0.032098,-0.0337663,-0.0354574,-0.0371626,-0.0388738,-0.040585,-0.0422877,-0.0439728,-0.0456312,-0.0472536,-0.0488308,-0.0503544,-0.0518177,-0.0532156,-0.0545454,-0.0558063,-0.0569982,-0.0581208,-0.0591742,-0.0601591,-0.0610787,-0.0619393,-0.0627486,-0.0635153,-0.0642461,-0.0649466,-0.0656205,-0.0662702,-0.0668968,-0.0675006,-0.06808,-0.0686347,-0.0691676,-0.0696921,-0.0702437,-0.0709011,-0.0718138,-0.0732347,-0.0755323,-0.0791381,-0.084365,-0.0910778,-0.098315,-0.104075,-0.105451,-0.099183,-0.0826693,-0.0555308,-0.0223687,-0.00279972,0.00111692,0
0,-0.00737475,-0.0184535,-0.0297074,-0.0407272,-0.0515659,-0.0621179,-0.0720404,-0.08085,-0.0881135,-0.0935895,-0.0972557,-0.0992421,-0.0997398,-0.0989506,-0.0970819,-0.0943479,-0.0909522,-0.0870655,-0.0828172,-0.0782951,-0.0735506,-0.0686095,-0.0634878,-0.0582085,-0.0528142,-0.0473732,-0.041979,-0.0367425,-0.0317771,-0.0271844,-0.0230405,-0.0193889,-0.0162397,-0.0135749,-0.0113565,-0.00953522,-0.00805803,-0.00687374,-0.00593598,-0.00520489,-0.00464714,-0.00423526,-0.00394695,-0.0037642,-0.00367247,-0.00365997,-0.00371724,-0.00383688,-0.00401295,-0.00424108,-0.00451816,-0.00484216,-0.00521213,-0.00562799,-0.00609045,-0.0066007,-0.00716052,-0.00777198,-0.00843737,-0.00915892,-0.00993875,-0.0107788,-0.0116806,-0.0126453,-0.0136734,-0.0147653,-0.0159204,-0.0171378,-0.0184163,-0.0197541,-0.0211491,-0.0225987,-0.0241002,-0.0256505,-0.0272466,-0.0288853,-0.0305629,-0.0322753,-0.0340172,-0.0357819,-0.0375563,-0.0393371,-0.0411162,-0.0428859,-0.0446382,-0.0463652,-0.0480594,-0.0497136,-0.051321,-0.0528756,-0.0543727,-0.0558088,-0.0571818,-0.0584901,-0.0597324,-0.0609075,-0.0620146,-0.0630552,-0.0640325,-0.0649528,-0.0658224,-0.0666477,-0.0674342,-0.0681864,-0.068908,-0.0696015,-0.0702682,-0.070909,-0.0715262,-0.072129,-0.0727403,-0.0734147,-0.0742595,-0.0754663,-0.077336,-0.0802699,-0.0846732,-0.0907201,-0.0980008,-0.105197,-0.109985,-0.109299,-0.0999828,-0.0798747,-0.0495193,-0.0157194,-0.00538187,-0.00086604,0
0,-0.00732923,-0.0183657,-0.0296389,-0.0407672,-0.0518488,-0.0628279,-0.0733799,-0.0829863,-0.0911334,-0.0974873,-0.101954,-0.104628,-0.10569,-0.105343,-0.103797,-0.101273,-0.0979923,-0.0941489,-0.0898976,-0.0853506,-0.0805797,-0.0756231,-0.0704987,-0.0652212,-0.0598154,-0.0543269,-0.048826,-0.0434038,-0.0381642,-0.0332102,-0.0286312,-0.0244922,-0.0208295,-0.0176499,-0.014936,-0.0126531,-0.0107564,-0.00919773,-0.00792978,-0.00690949,-0.00609903,-0.00546628,-0.00498461,-0.0046321,-0.00439086,-0.00424646,-0.0041873,-0.00420405,-0.00428936,-0.00443763,-0.00464465,-0.00490759,-0.0052246,-0.00559498,-0.0060187,-0.00649644,-0.00702948,-0.00761953,-0.00826841,-0.0089781,-0.00975053,-0.0105876,-0.0114907,-0.0124611,-0.0134995,-0.0146064,-0.0157814,-0.017024,-0.018333,-0.0197069,-0.0211435,-0.0226403,-0.0241942,-0.0258021,-0.0274603,-0.029165,-0.0309118,-0.0326955,-0.0345093,-0.036339,-0.0381796,-0.040024,-0.0418646,-0.0436941,-0.0455058,-0.0472935,-0.0490514,-0.0507744,-0.0524574,-0.0540954,-0.055684,-0.0572192,-0.0586974,-0.0601159,-0.0614721,-0.0627631,-0.0639873,-0.0651438,-0.0662342,-0.0672618,-0.0682316,-0.0691491,-0.0700198,-0.0708489,-0.0716413,-0.0724006,-0.07313,-0.0738329,-0.0745161,-0.0751963,-0.0759114,-0.0767391,-0.0778225,-0.0793997,-0.0818164,-0.0854864,-0.0907444,-0.097565,-0.105217,-0.112019,-0.115371,-0.112128,-0.0993488,-0.07545,-0.0420192,-0.00757599,-0.00233569,-0.000429641,0
0,-0.00720325,-0.0181124,-0.029328,-0.0404834,-0.0517223,-0.0630493,-0.0741773,-0.0845698,-0.0936371,-0.100943,-0.106306,-0.109768,-0.111493,-0.111681,-0.110541,-0.1083,-0.105192,-0.101432,-0.0972006,-0.0926369,-0.087837,-0.0828573,-0.0777254,-0.0724543,-0.0670573,-0.061561,-0.0560123,-0.0504806,-0.0450527,-0.0398237,-0.0348863,-0.030319,-0.0261782,-0.0224946,-0.0192737,-0.0165001,-0.0141427,-0.0121617,-0.0105139,-0.00915575,-0.00804738,-0.00715314,-0.00644234,-0.00588903,-0.00547172,-0.00517283,-0.004978,-0.00487562,-0.00485651,-0.00491343,-0.00504089,-0.00523491,-0.00549272,-0.00581262,-0.00619385,-0.00663645,-0.00714114,-0.00770899,-0.0083414,-0.00903999,-0.00980649,-0.0106425,-0.0115493,-0.0125281,-0.0135798,-0.0147048,-0.015903,-0.0171739,-0.0185165,-0.0199292,-0.0214097,-0.0229555,-0.0245632,-0.0262292,-0.0279495,-0.0297198,-0.0315344,-0.0333867,-0.0352635,-0.0371544,-0.039054,-0.0409543,-0.0428478,-0.0447283,-0.0465904,-0.0484297,-0.0502425,-0.0520255,-0.0537754,-0.0554887,-0.0571609,-0.0587875,-0.0603639,-0.0618858,-0.063349,-0.0647499,-0.0660851,-0.0673522,-0.0685504,-0.0696811,-0.0707473,-0.0717537,-0.0727058,-0.0736096,-0.0744709,-0.0752948,-0.0760868,-0.0768536,-0.0776085,-0.0783792,-0.0792226,-0.0802458,-0.0816346,-0.0836745,-0.0867458,-0.0912424,-0.097373,-0.104853,-0.112595,-0.118572,-0.11997,-0.113681,-0.0971293,-0.0695237,-0.0338234,-0.00196393,0.00181164,0.00107374,0
0,-0.00694529,-0.0176903,-0.0287847,-0.0398875,-0.05119,-0.0627673,-0.0743921,-0.0855332,-0.0955367,-0.103858,-0.110211,-0.114567,-0.117062,-0.117888,-0.117251,-0.115378,-0.112513,-0.10889,-0.104714,-0.100152,-0.0953248,-0.0903146,-0.0851649,-0.0798945,-0.0745128,-0.0690327,-0.0634811,-0.0579047,-0.0523694,-0.0469559,-0.0417504,-0.0368353,-0.0322796,-0.0281329,-0.0244223,-0.021153,-0.0183123,-0.0158737,-0.0138022,-0.0120594,-0.010606,-0.0094054,-0.00842411,-0.00763289,-0.00700687,-0.00652505,-0.00616997,-0.00592745,-0.00578598,-0.00573636,-0.00577145,-0.00588584,-0.00607549,-0.00633762,-0.00667055,-0.00707357,-0.00754654,-0.00808987,-0.00870449,-0.0093916,-0.0101524,-0.0109882,-0.0119003,-0.0128896,-0.013957,-0.0151027,-0.0163267,-0.0176286,-0.0190071,-0.0204606,-0.0219867,-0.0235823,-0.025244,-0.0269678,-0.0287492,-0.0305829,-0.0324622,-0.0343758,-0.0363068,-0.0382511,-0.0402003,-0.0421463,-0.0440824,-0.0460034,-0.0479055,-0.0497862,-0.0516441,-0.0534779,-0.0552862,-0.0570662,-0.058814,-0.0605241,-0.0621911,-0.0638089,-0.0653723,-0.066876,-0.0683155,-0.0696868,-0.0709869,-0.0722151,-0.073373,-0.0744641,-0.0754941,-0.0764695,-0.0773974,-0.0782849,-0.0791402,-0.0799751,-0.0808111,-0.0816921,-0.0826988,-0.0839755,-0.0857536,-0.0883636,-0.0921988,-0.0975876,-0.10455,-0.112488,-0.119946,-0.124591,-0.123486,-0.113669,-0.0930586,-0.0618297,-0.0250857,-0.00327873,0.00128896,0.00106908,0
0,-0.00658252,-0.0171201,-0.0280292,-0.0390026,-0.0502698,-0.0619831,-0.0739969,-0.0858163,-0.0967434,-0.106127,-0.113557,-0.118916,-0.122295,-0.123871,-0.123846,-0.122442,-0.119905,-0.116488,-0.112417,-0.107885,-0.103044,-0.0980001,-0.0928204,-0.0875376,-0.0821652,-0.0767093,-0.0711821,-0.0656098,-0.0600364,-0.0545236,-0.0491442,-0.0439754,-0.0390902,-0.0345492,-0.0303966,-0.0266571,-0.0233369,-0.0204261,-0.017903,-0.0157378,-0.013897,-0.0123455,-0.0110501,-0.0099798,-0.00910717,-0.00840824,-0.00786272,-0.00745357,-0.00716671,-0.00699072,-0.00691643,-0.00693668,-0.00704588,-0.00723995,-0.00751615,-0.00787261,-0.0083083,-0.00882292,-0.00941673,-0.0100903,-0.0108443,-0.0116797,-0.0125974,-0.0135981,-0.0146823,-0.0158503,-0.0171019,-0.0184362,-0.0198518,-0.0213469,-0.0229185,-0.0245634,-0.0262777,-0.0280572,-0.0298967,-0.0317899,-0.0337275,-0.035687,-0.0376646,-0.039651,-0.0416377,-0.0436169,-0.045583,-0.0475322,-0.0494626,-0.0513737,-0.0532664,-0.0551415,-0.0569992,-0.0588375,-0.0606525,-0.0624383,-0.0641878,-0.0658937,-0.0675494,-0.0691485,-0.0706851,-0.0721534,-0.0735486,-0.074868,-0.0761116,-0.0772823,-0.0783859,-0.0794295,-0.0804219,-0.0813725,-0.0822933,-0.0832033,-0.084137,-0.0851571,-0.0863767,-0.0879819,-0.0902515,-0.0935484,-0.0982451,-0.104547,-0.112222,-0.12032,-0.127031,-0.129778,-0.125597,-0.111786,-0.0868744,-0.0521462,-0.0150715,-0.00446267,-0.000201451,0.000416372,0
0,-0.00621361,-0.0163458,-0.0270779,-0.0378621,-0.0489957,-0.0607165,-0.0729827,-0.0853712,-0.0971719,-0.107636,-0.11622,-0.12269,-0.127073,-0.129521,-0.130228,-0.129405,-0.1273,-0.124174,-0.120275,-0.11582,-0.110989,-0.105918,-0.100699,-0.0953885,-0.0900094,-0.0845709,-0.0790766,-0.0735373,-0.0679774,-0.0624374,-0.0569723,-0.0516473,-0.0465304,-0.0416855,-0.0371666,-0.0330131,-0.0292484,-0.0258797,-0.0229009,-0.0202948,-0.0180369,-0.0160984,-0.0144489,-0.0130587,-0.0118995,-0.0109458,-0.0101751,-0.00956779,-0.00910743,-0.00878019,-0.00857482,-0.0084819,-0.00849427,-0.00860634,-0.00881387,-0.00911371,-0.00950384,-0.00998303,-0.0105506,-0.0112064,-0.0119505,-0.0127833,-0.0137052,-0.0147164,-0.0158172,-0.0170073,-0.0182861,-0.0196523,-0.0211041,-0.0226391,-0.024254,-0.0259452,-0.0277085,-0.0295393,-0.0314317,-0.0333773,-0.035352,-0.0373491,-0.0393595,-0.0413737,-0.0433828,-0.0453804,-0.0473621,-0.0493257,-0.0512714,-0.0532012,-0.055118,-0.0570248,-0.0589228,-0.0608109,-0.0626848,-0.0645379,-0.0663616,-0.0681474,-0.0698871,-0.0715735,-0.073199,-0.0747564,-0.0762391,-0.0776426,-0.0789654,-0.0802099,-0.0813821,-0.0824905,-0.0835456,-0.0845601,-0.0855519,-0.08655,-0.0876052,-0.0888072,-0.0903063,-0.0923349,-0.0952137,-0.0993143,-0.10494,-0.112109,-0.12028,-0.128137,-0.133549,-0.133787,-0.125978,-0.107835,-0.0786962,-0.041223,-0.00584833,-0.000728647,0.000662049,0.000469201,0
0,-0.00578283,-0.0154819,-0.025984,-0.0365148,-0.0474182,-0.0590087,-0.0713628,-0.0841687,-0.096747,-0.108274,-0.118065,-0.125748,-0.131257,-0.134708,-0.136277,-0.136165,-0.13461,-0.131879,-0.128237,-0.123923,-0.119144,-0.114065,-0.10881,-0.103458,-0.0980522,-0.092612,-0.0871418,-0.0816437,-0.0761263,-0.070611,-0.0651334,-0.0597417,-0.0544925,-0.0494451,-0.0446553,-0.0401708,-0.0360272,-0.0322468,-0.0288387,-0.0257999,-0.0231178,-0.020773,-0.018742,-0.0169987,-0.0155171,-0.014272,-0.0132402,-0.0124007,-0.0117351,-0.0112277,-0.0108648,-0.0106354,-0.0105304,-0.0105422,-0.0106652,-0.0108948,-0.0112276,-0.0116613,-0.0121942,-0.0128251,-0.0135535,-0.0143788,-0.0153007,-0.016319,-0.0174331,-0.0186422,-0.0199448,-0.0213393,-0.0228232,-0.0243932,-0.0260458,-0.027777,-0.0295826,-0.0314571,-0.033393,-0.0353667,-0.0373669,-0.0393852,-0.0414111,-0.043435,-0.045449,-0.0474479,-0.0494289,-0.0513918,-0.0533393,-0.0552755,-0.0572058,-0.0591345,-0.0610641,-0.0629935,-0.0649182,-0.0668299,-0.0687192,-0.070576,-0.0723909,-0.0741556,-0.0758613,-0.0774993,-0.0790613,-0.0805409,-0.0819356,-0.0832476,-0.0844836,-0.0856536,-0.0867709,-0.0878529,-0.0889256,-0.0900321,-0.0912457,-0.0926886,-0.0945544,-0.0971205,-0.100735,-0.105739,-0.112309,-0.120208,-0.128547,-0.135656,-0.139153,-0.136259,-0.124325,-0.101625,-0.0685285,-0.0298302,-0.00339292,0.00117025,0.00139833,0.00064086,0
0,-0.005332,-0.0145715,-0.0247535,-0.0350064,-0.0455989,-0.0569216,-0.069178,-0.082206,-0.0954107,-0.107932,-0.118951,-0.127933,-0.134691,-0.13928,-0.141852,-0.142593,-0.141725,-0.139512,-0.136232,-0.132143,-0.127478,-0.122431,-0.117154,-0.111757,-0.106307,-0.100841,-0.0953734,-0.0899047,-0.0844354,-0.078972,-0.0735318,-0.0681451,-0.0628524,-0.0577022,-0.0527452,-0.0480294,-0.043597,-0.0394804,-0.0357009,-0.0322689,-0.0291847,-0.0264404,-0.0240212,-0.0219084,-0.0200806,-0.0185158,-0.0171919,-0.0160883,-0.0151861,-0.014468,-0.0139192,-0.0135269,-0.0132802,-0.0131699,-0.0131886,-0.0133302,-0.0135902,-0.0139645,-0.0144504,-0.0150457,-0.0157486,-0.0165577,-0.0174718,-0.0184897,-0.0196098,-0.0208305,-0.0221495,-0.0235643,-0.0250715,-0.0266673,-0.0283478,-0.030109,-0.031946,-0.0338521,-0.0358047,-0.0377881,-0.0397948,-0.0418135,-0.0438337,-0.0458465,-0.0478454,-0.0498266,-0.0517893,-0.0537359,-0.0556712,-0.0576018,-0.059535,-0.0614764,-0.063429,-0.0653915,-0.0673583,-0.06932,-0.0712656,-0.073184,-0.0750648,-0.0768984,-0.0786751,-0.0803845,-0.0820166,-0.0835637,-0.0850227,-0.0863959,-0.0876911,-0.0889206,-0.0901019,-0.0912593,-0.0924305,-0.0936774,-0.0951018,-0.0968653,-0.0992063,-0.102439,-0.106909,-0.11288,-0.120328,-0.12871,-0.136774,-0.142534,-0.143449,-0.136803,-0.120302,-0.0929234,-0.0562566,-0.0177488,-0.00412789,0.000345355,0.00102376,0.000503783,0
0,-0.00487119,-0.0136431,-0.0234243,-0.0333865,-0.0436081,-0.054536,-0.0664987,-0.0795138,-0.0931324,-0.106517,-0.118735,-0.129075,-0.137196,-0.143062,-0.146787,-0.148535,-0.148507,-0.146957,-0.144165,-0.140409,-0.135941,-0.130985,-0.125722,-0.120292,-0.11479,-0.109277,-0.103784,-0.0983184,-0.0928815,-0.0874712,-0.0820913,-0.0767549,-0.071486,-0.0663184,-0.0612915,-0.0564483,-0.0518299,-0.0474729,-0.0434063,-0.0396506,-0.0362177,-0.0331103,-0.0303245,-0.0278502,-0.0256732,-0.0237767,-0.0221425,-0.0207523,-0.0195879,-0.0186326,-0.0178711,-0.0172894,-0.0168756,-0.0166191,-0.016511,-0.016544,-0.0167116,-0.0170088,-0.0174314,-0.0179758,-0.0186391,-0.0194186,-0.0203119,-0.0213167,-0.0224303,-0.0236498,-0.0249723,-0.0263937,-0.0279102,-0.0295175,-0.0312114,-0.0329876,-0.03484,-0.0367476,-0.0386907,-0.0406622,-0.0426506,-0.0446449,-0.0466351,-0.0486136,-0.0505755,-0.052519,-0.0544456,-0.0563599,-0.0582695,-0.0601831,-0.0621093,-0.0640547,-0.0660222,-0.0680095,-0.0700097,-0.0720122,-0.0740046,-0.0759747,-0.0779113,-0.0798039,-0.0816416,-0.0834125,-0.0851052,-0.0867109,-0.0882264,-0.0896546,-0.0910055,-0.0922949,-0.0935462,-0.0947938,-0.0960916,-0.0975262,-0.0992343,-0.101421,-0.104365,-0.108397,-0.113821,-0.120752,-0.128907,-0.137398,-0.144626,-0.148363,-0.146012,-0.135058,-0.113718,-0.081882,-0.0427515,-0.00762735,-0.00132311,0.000880518,0.00102424,0.000438381,0
0,-0.00438698,-0.0126609,-0.022056,-0.0317098,-0.041517,-0.0519464,-0.0634246,-0.0761635,-0.0899224,-0.103961,-0.117283,-0.128999,-0.138579,-0.145856,-0.150888,-0.153808,-0.154791,-0.154068,-0.151915,-0.148622,-0.14446,-0.139678,-0.134487,-0.129056,-0.123511,-0.11794,-0.112395,-0.106902,-0.101467,-0.0960894,-0.0907648,-0.0854946,-0.0802878,-0.0751622,-0.0701443,-0.065266,-0.0605622,-0.0560674,-0.051813,-0.0478249,-0.0441223,-0.0407176,-0.037616,-0.0348168,-0.0323139,-0.0300974,-0.0281549,-0.0264718,-0.0250333,-0.0238243,-0.0228304,-0.022038,-0.0214346,-0.0210091,-0.0207517,-0.0206537,-0.0207075,-0.0209068,-0.0212459,-0.02172,-0.0223246,-0.0230559,-0.02391,-0.0248833,-0.0259719,-0.0271716,-0.0284782,-0.0298868,-0.031393,-0.0329921,-0.0346796,-0.0364499,-0.038284,-0.0401586,-0.0420671,-0.043998,-0.0459398,-0.0478819,-0.0498157,-0.0517354,-0.0536377,-0.0555233,-0.0573961,-0.0592633,-0.0611347,-0.0630207,-0.0649311,-0.0668724,-0.0688469,-0.0708509,-0.0728758,-0.0749093,-0.0769382,-0.0789495,-0.0809314,-0.0828725,-0.0847606,-0.0865826,-0.0883259,-0.0899812,-0.0915457,-0.0930241,-0.0944294,-0.0957831,-0.0971172,-0.0984798,-0.0999471,-0.101636,-0.103724,-0.106458,-0.110145,-0.115098,-0.121517,-0.129308,-0.137873,-0.14597,-0.151704,-0.152697,-0.146418,-0.130691,-0.104402,-0.0685975,-0.0288847,-0.0042831,0.000807509,0.00171815,0.00126634,0.000468025,0
0,-0.00388601,-0.0116465,-0.0206578,-0.0299886,-0.0393829,-0.0492484,-0.0600788,-0.0722712,-0.0858425,-0.100242,-0.114486,-0.127533,-0.138631,-0.147445,-0.153938,-0.158203,-0.16038,-0.160669,-0.15933,-0.156656,-0.152935,-0.148436,-0.143399,-0.138023,-0.132466,-0.126843,-0.121234,-0.115684,-0.110217,-0.104837,-0.0995406,-0.0943243,-0.0891861,-0.0841308,-0.0791709,-0.0743258,-0.06962,-0.0650814,-0.060738,-0.056616,-0.052738,-0.0491218,-0.0457797,-0.0427184,-0.0399398,-0.0374412,-0.0352164,-0.0332566,-0.0315511,-0.0300882,-0.0288558,-0.0278418,-0.0270346,-0.0264232,-0.0259975,-0.0257483,-0.0256673,-0.025747,-0.0259805,-0.0263617,-0.026885,-0.0275451,-0.0283367,-0.0292549,-0.0302943,-0.0314498,-0.0327157,-0.0340869,-0.0355579,-0.0371236,-0.0387783,-0.0405059,-0.0422792,-0.0440921,-0.0459336,-0.0477919,-0.0496562,-0.0515171,-0.0533677,-0.0552038,-0.0570247,-0.0588333,-0.0606362,-0.062443,-0.0642653,-0.0661149,-0.0680016,-0.0699317,-0.0719055,-0.0739176,-0.0759577,-0.0780121,-0.0800667,-0.0821082,-0.0841242,-0.0861026,-0.0880301,-0.0898926,-0.0916764,-0.0933727,-0.09498,-0.096506,-0.0979687,-0.0993973,-0.100836,-0.102354,-0.104052,-0.106087,-0.108675,-0.112099,-0.116665,-0.122619,-0.129993,-0.138417,-0.146953,-0.154031,-0.157536,-0.15505,-0.144241,-0.123419,-0.0923139,-0.0534086,-0.0154377,-0.00308612,0.00123184,0.00202265,0.00142119,0.000502552,0
0,-0.00335888,-0.0105932,-0.0192381,-0.0282132,-0.0372409,-0.0465274,-0.0565966,-0.0679942,-0.0810181,-0.0954015,-0.110281,-0.124521,-0.137145,-0.147593,-0.155695,-0.161478,-0.165043,-0.166547,-0.166222,-0.164351,-0.161233,-0.157155,-0.152382,-0.147144,-0.141629,-0.135984,-0.130316,-0.124695,-0.119165,-0.113744,-0.108438,-0.103243,-0.0981529,-0.0931642,-0.0882781,-0.0835019,-0.0788489,-0.0743371,-0.0699875,-0.065822,-0.0618621,-0.0581267,-0.0546316,-0.0513885,-0.048405,-0.0456846,-0.0432271,-0.0410294,-0.0390856,-0.0373885,-0.0359291,-0.0346979,-0.0336853,-0.0328815,-0.0322769,-0.0318625,-0.0316298,-0.0315707,-0.0316776,-0.0319434,-0.0323614,-0.0329251,-0.033628,-0.0344639,-0.0354265,-0.0365094,-0.0377062,-0.0390109,-0.0404172,-0.0419182,-0.0435015,-0.0451365,-0.0468172,-0.0485335,-0.0502736,-0.0520265,-0.0537825,-0.0555338,-0.0572753,-0.0590049,-0.0607245,-0.0624396,-0.064159,-0.0658947,-0.0676593,-0.0694653,-0.071322,-0.0732338,-0.0751991,-0.0772105,-0.0792555,-0.0813196,-0.0833884,-0.0854482,-0.0874868,-0.089491,-0.0914469,-0.0933389,-0.0951537,-0.0968834,-0.0985295,-0.100104,-0.101634,-0.103157,-0.104738,-0.106468,-0.108484,-0.110981,-0.114212,-0.118472,-0.124026,-0.130989,-0.139159,-0.147846,-0.155775,-0.161108,-0.161609,-0.154946,-0.139131,-0.113122,-0.0777399,-0.0375324,-0.00657254,0.000250378,0.00256371,0.00266223,0.00171692,0.000587849,0
0,-0.0027791,-0.00944614,-0.0177197,-0.0263993,-0.0351088,-0.0438434,-0.0531049,-0.0635184,-0.0756405,-0.0895616,-0.104674,-0.119852,-0.133922,-0.146059,-0.155897,-0.163366,-0.168516,-0.171453,-0.172363,-0.17151,-0.169188,-0.1657,-0.161331,-0.156342,-0.150952,-0.145338,-0.139638,-0.133952,-0.128344,-0.122853,-0.117497,-0.112281,-0.107201,-0.102251,-0.0974239,-0.0927193,-0.0881398,-0.0836934,-0.079392,-0.0752508,-0.0712861,-0.0675146,-0.0639516,-0.0606104,-0.0575016,-0.0546325,-0.0520077,-0.0496286,-0.0474941,-0.0456009,-0.043944,-0.042517,-0.0413129,-0.0403237,-0.0395413,-0.0389576,-0.0385644,-0.0383537,-0.0383178,-0.038449,-0.03874,-0.0391833,-0.0397719,-0.0404984,-0.0413556,-0.0423365,-0.043434,-0.0446406,-0.0459476,-0.0473449,-0.0488025,-0.050312,-0.0518649,-0.0534496,-0.0550553,-0.0566719,-0.0582912,-0.0599071,-0.0615167,-0.0631204,-0.0647225,-0.066331,-0.0679569,-0.0696135,-0.0713144,-0.0730715,-0.0748922,-0.076779,-0.0787276,-0.080728,-0.0827668,-0.0848288,-0.0868993,-0.0889656,-0.0910146,-0.0930331,-0.0950057,-0.0969169,-0.0987542,-0.100512,-0.102197,-0.103828,-0.105443,-0.107096,-0.108874,-0.110899,-0.113345,-0.116445,-0.120474,-0.125699,-0.132289,-0.140159,-0.148819,-0.157245,-0.163865,-0.166658,-0.163382,-0.151928,-0.130794,-0.0997652,-0.0610453,-0.0220392,-0.00311798,0.00250767,0.00389519,0.00341379,0.00209283,0.000709563,0
0,-0.0021177,-0.00815435,-0.016051,-0.0244847,-0.0329402,-0.0412053,-0.0496938,-0.0590304,-0.0699558,-0.0829417,-0.0977716,-0.11349,-0.128803,-0.142607,-0.154273,-0.16358,-0.170506,-0.175098,-0.177486,-0.177889,-0.176591,-0.173895,-0.170105,-0.165507,-0.160353,-0.154854,-0.149177,-0.143453,-0.137772,-0.132197,-0.126764,-0.121488,-0.116374,-0.11142,-0.106617,-0.101959,-0.0974429,-0.0930672,-0.0888355,-0.0847549,-0.0808353,-0.0770879,-0.0735249,-0.0701581,-0.0669978,-0.0640531,-0.0613304,-0.0588343,-0.0565671,-0.0545287,-0.0527176,-0.0511304,-0.0497626,-0.0486087,-0.0476624,-0.0469169,-0.0463649,-0.0459994,-0.0458126,-0.0457971,-0.0459453,-0.0462495,-0.046702,-0.0472952,-0.0480213,-0.0488724,-0.04984,-0.0509145,-0.0520839,-0.0533261,-0.0546257,-0.0559772,-0.0573696,-0.0587921,-0.0602345,-0.0616883,-0.063147,-0.0646067,-0.0660666,-0.0675299,-0.0690031,-0.0704964,-0.0720227,-0.0735959,-0.0752292,-0.0769328,-0.0787122,-0.0805665,-0.0824889,-0.0844674,-0.0864876,-0.0885345,-0.0905942,-0.0926538,-0.0947011,-0.0967218,-0.0987003,-0.100622,-0.102475,-0.10426,-0.10599,-0.107695,-0.109427,-0.111264,-0.113318,-0.115748,-0.118764,-0.122625,-0.127594,-0.133865,-0.141438,-0.149972,-0.158655,-0.166154,-0.170668,-0.170099,-0.162332,-0.14562,-0.119113,-0.0836541,-0.0433244,-0.00962512,0.000440001,0.00432183,0.00503261,0.00410185,0.00245418,0.000833662,0
0,-0.001334,-0.00665089,-0.0141512,-0.0223797,-0.0306078,-0.0385552,-0.0463878,-0.0546753,-0.0642303,-0.075851,-0.0898081,-0.105512,-0.121704,-0.137034,-0.150554,-0.16182,-0.170695,-0.177161,-0.181277,-0.183202,-0.183184,-0.18152,-0.178521,-0.174495,-0.169723,-0.16445,-0.158879,-0.153171,-0.147448,-0.141796,-0.136272,-0.13091,-0.125726,-0.120724,-0.115902,-0.111251,-0.106766,-0.102439,-0.0982682,-0.0942532,-0.0903968,-0.0867042,-0.0831826,-0.0798399,-0.0766843,-0.0737235,-0.0709641,-0.0684114,-0.0660692,-0.0639396,-0.0620232,-0.0603191,-0.0588248,-0.0575369,-0.056451,-0.0555619,-0.0548637,-0.0543499,-0.0540139,-0.0538486,-0.0538465,-0.0540002,-0.054302,-0.0547437,-0.0553172,-0.0560133,-0.0568214,-0.0577289,-0.0587216,-0.0597778,-0.0608939,-0.0620607,-0.0632669,-0.0645029,-0.0657599,-0.0670311,-0.068312,-0.0696011,-0.0709,-0.0722143,-0.0735527,-0.0749275,-0.076352,-0.0778399,-0.0794031,-0.0810493,-0.0827809,-0.0845939,-0.0864789,-0.0884228,-0.0904109,-0.0924291,-0.0944644,-0.096505,-0.0985382,-0.10055,-0.102524,-0.104449,-0.106316,-0.108134,-0.109925,-0.111735,-0.113636,-0.115732,-0.118171,-0.121144,-0.124892,-0.129668,-0.13568,-0.142985,-0.151352,-0.160139,-0.168221,-0.174006,-0.175564,-0.170841,-0.157982,-0.135752,-0.104136,-0.0653372,-0.0260267,-0.0027904,0.00422573,0.00637353,0.00616166,0.00470657,0.00274907,0.000933772,0
0,-0.0004008,-0.00483703,-0.011878,-0.019908,-0.0280066,-0.0357789,-0.043124,-0.0505103,-0.0586905,-0.0686517,-0.0811508,-0.0961498,-0.11266,-0.129208,-0.144503,-0.15779,-0.168756,-0.177294,-0.183385,-0.187109,-0.188659,-0.188302,-0.186347,-0.183113,-0.178908,-0.174011,-0.16866,-0.163053,-0.157342,-0.151643,-0.146039,-0.140581,-0.135304,-0.130222,-0.125339,-0.120653,-0.116156,-0.111841,-0.107702,-0.103732,-0.0999298,-0.0962939,-0.0928265,-0.0895306,-0.0864108,-0.0834719,-0.0807185,-0.0781552,-0.0757853,-0.0736115,-0.0716352,-0.0698566,-0.0682746,-0.0668874,-0.0656919,-0.0646841,-0.0638594,-0.0632123,-0.062737,-0.0624271,-0.0622757,-0.0622755,-0.0624188,-0.0626973,-0.0631019,-0.0636222,-0.0642468,-0.064962,-0.0657511,-0.0666062,-0.0675211,-0.0684851,-0.0694882,-0.0705222,-0.07158,-0.0726569,-0.0737507,-0.0748623,-0.0759959,-0.0771592,-0.078363,-0.0796199,-0.0809433,-0.0823459,-0.0838366,-0.0854203,-0.0870958,-0.0888565,-0.090691,-0.092586,-0.0945275,-0.0965027,-0.0985003,-0.100509,-0.102516,-0.104509,-0.106472,-0.108397,-0.110283,-0.112148,-0.114031,-0.115996,-0.118142,-0.120605,-0.123565,-0.127243,-0.131883,-0.137696,-0.144774,-0.152968,-0.16177,-0.170229,-0.176945,-0.180154,-0.177908,-0.168328,-0.14996,-0.122247,-0.0862349,-0.0459027,-0.0112661,0.00190193,0.00675437,0.00778388,0.00687546,0.00503082,0.00288186,0.000974968,0
0,0.000705762,-0.00262137,-0.009081,-0.0169092,-0.0249544,-0.0326656,-0.0397345,-0.0464622,-0.0534472,-0.0616795,-0.0722676,-0.0858167,-0.101889,-0.119123,-0.135948,-0.151222,-0.164365,-0.175136,-0.183428,-0.189228,-0.192649,-0.193908,-0.193291,-0.191115,-0.187708,-0.183378,-0.178401,-0.173011,-0.167397,-0.161708,-0.156055,-0.150515,-0.145139,-0.139958,-0.134986,-0.130227,-0.12568,-0.121337,-0.11719,-0.113232,-0.109455,-0.105857,-0.102432,-0.0991812,-0.0961035,-0.0932003,-0.0904737,-0.0879256,-0.085558,-0.0833726,-0.0813702,-0.0795512,-0.0779149,-0.0764596,-0.0751833,-0.0740827,-0.0731538,-0.0723921,-0.0717923,-0.0713486,-0.0710545,-0.0709029,-0.0708862,-0.0709957,-0.071222,-0.0715546,-0.0719819,-0.0724917,-0.0730727,-0.0737204,-0.0744256,-0.0751783,-0.0759707,-0.0767963,-0.0776502,-0.0785298,-0.0794356,-0.0803707,-0.0813418,-0.0823583,-0.0834316,-0.0845745,-0.0857992,-0.0871156,-0.0885301,-0.0900437,-0.0916522,-0.0933467,-0.0951156,-0.0969458,-0.0988253,-0.100743,-0.10269,-0.104655,-0.106627,-0.108592,-0.110541,-0.11247,-0.11439,-0.116333,-0.118357,-0.120553,-0.12305,-0.126016,-0.129659,-0.134209,-0.139876,-0.146773,-0.15481,-0.163581,-0.172279,-0.179672,-0.184159,-0.183908,-0.177075,-0.162091,-0.138056,-0.105272,-0.066135,-0.0269197,-0.00170149,0.00628128,0.00873339,0.00854695,0.00705069,0.00498145,0.0028016,0.000938101,0
0,0.00201863,8.87022e-05,-0.0056525,-0.01319,-0.0212033,-0.0289213,-0.035956,-0.042315,-0.0484309,-0.0551305,-0.0636311,-0.0750871,-0.08983,-0.106965,-0.124841,-0.141915,-0.15723,-0.170335,-0.18101,-0.189142,-0.19474,-0.197945,-0.198995,-0.19819,-0.195861,-0.19234,-0.187935,-0.182919,-0.177523,-0.171931,-0.166287,-0.160699,-0.155239,-0.149958,-0.144883,-0.140029,-0.1354,-0.130993,-0.126802,-0.122818,-0.119033,-0.115441,-0.112034,-0.108808,-0.10576,-0.102886,-0.100186,-0.097659,-0.0953048,-0.093123,-0.0911131,-0.0892744,-0.0876056,-0.086105,-0.08477,-0.0835976,-0.0825842,-0.0817255,-0.0810163,-0.0804512,-0.0800239,-0.0797274,-0.0795543,-0.0794962,-0.079544,-0.0796881,-0.0799187,-0.0802266,-0.0806042,-0.0810454,-0.0815408,-0.0820831,-0.0826665,-0.0832863,-0.0839403,-0.0846282,-0.0853527,-0.0861194,-0.0869364,-0.0878139,-0.0887635,-0.0897968,-0.0909237,-0.0921512,-0.0934821,-0.0949143,-0.0964413,-0.0980534,-0.0997395,-0.101488,-0.103291,-0.105138,-0.107021,-0.108932,-0.110861,-0.112797,-0.114735,-0.116683,-0.118667,-0.120737,-0.122979,-0.125512,-0.128495,-0.132126,-0.136623,-0.142189,-0.148949,-0.156853,-0.165573,-0.174421,-0.182307,-0.187779,-0.18913,-0.184576,-0.172509,-0.151811,-0.122294,-0.0853345,-0.044985,-0.0105348,0.00375237,0.00847408,0.00927585,0.00830392,0.0065532,0.00451792,0.00250114,0.000823609,0
0,0.00351307,0.00329844,-0.00143404,-0.00861369,-0.0165264,-0.0243137,-0.0314797,-0.0377343,-0.0433728,-0.0489587,-0.0555609,-0.0645929,-0.0771562,-0.0931881,-0.111339,-0.129792,-0.147133,-0.162579,-0.175748,-0.186415,-0.194473,-0.199957,-0.20303,-0.203949,-0.20303,-0.200613,-0.197034,-0.192602,-0.187587,-0.182216,-0.176673,-0.171096,-0.16559,-0.160225,-0.15505,-0.150092,-0.145364,-0.140868,-0.136603,-0.132562,-0.128737,-0.125119,-0.121699,-0.11847,-0.115427,-0.112564,-0.109876,-0.107361,-0.105015,-0.102836,-0.100822,-0.09897,-0.0972779,-0.0957429,-0.0943617,-0.0931308,-0.0920463,-0.0911035,-0.0902973,-0.0896221,-0.0890719,-0.0886399,-0.088319,-0.0881015,-0.0879795,-0.0879448,-0.0879897,-0.0881069,-0.0882898,-0.0885318,-0.0888258,-0.0891666,-0.0895505,-0.0899753,-0.0904407,-0.0909491,-0.091505,-0.0921155,-0.0927894,-0.093537,-0.0943689,-0.0952945,-0.0963209,-0.0974519,-0.0986871,-0.100022,-0.10145,-0.102961,-0.104547,-0.106198,-0.107909,-0.109673,-0.111483,-0.113334,-0.115216,-0.117127,-0.119071,-0.121069,-0.123167,-0.125442,-0.128007,-0.131013,-0.134647,-0.139115,-0.144615,-0.151273,-0.159068,-0.167733,-0.176671,-0.184915,-0.191145,-0.193777,-0.19111,-0.181533,-0.163805,-0.137403,-0.103026,-0.0633546,-0.0246826,-0.00037886,0.00684121,0.00864501,0.00828343,0.00703901,0.00543149,0.00370144,0.00202652,0.00065212,0
0,0.00508593,0.00690956,0.00365054,-0.00297874,-0.0107733,-0.018607,-0.025932,-0.0323106,-0.0378485,-0.0428486,-0.0480697,-0.0548222,-0.064672,-0.0785452,-0.0958954,-0.114987,-0.133979,-0.151635,-0.167306,-0.180629,-0.191373,-0.199444,-0.2049,-0.207925,-0.208793,-0.207833,-0.205393,-0.201811,-0.197398,-0.192423,-0.18711,-0.18164,-0.176151,-0.170743,-0.165489,-0.160432,-0.155599,-0.151003,-0.146646,-0.142525,-0.138633,-0.134961,-0.131501,-0.128243,-0.125179,-0.122302,-0.119606,-0.117084,-0.114732,-0.112545,-0.110518,-0.108648,-0.106931,-0.105362,-0.103938,-0.102653,-0.101504,-0.100484,-0.0995891,-0.098813,-0.0981497,-0.0975927,-0.0971354,-0.0967711,-0.0964927,-0.0962935,-0.0961669,-0.096107,-0.096108,-0.0961644,-0.0962712,-0.0964256,-0.0966257,-0.0968713,-0.0971645,-0.0975089,-0.0979109,-0.098378,-0.0989188,-0.0995429,-0.100259,-0.101073,-0.10199,-0.103011,-0.104133,-0.105352,-0.106661,-0.108052,-0.109519,-0.111058,-0.112665,-0.114336,-0.116068,-0.117857,-0.1197,-0.121602,-0.123583,-0.125684,-0.127975,-0.130562,-0.133589,-0.137232,-0.141688,-0.147145,-0.15373,-0.161437,-0.170044,-0.179027,-0.187522,-0.194329,-0.197979,-0.196862,-0.1894,-0.174282,-0.150763,-0.119071,-0.0809628,-0.0408557,-0.00893687,0.00288944,0.00608172,0.00643087,0.00587087,0.00496962,0.00387323,0.00266291,0.0014551,0.000454565,0
0,0.0065423,0.0107066,0.00936642,0.0039204,-0.00360044,-0.0114588,-0.0189169,-0.0256359,-0.0313812,-0.0362982,-0.0408168,-0.0458946,-0.0530777,-0.0640159,-0.079327,-0.0979499,-0.117893,-0.137408,-0.155442,-0.171422,-0.184981,-0.195885,-0.204058,-0.209576,-0.21264,-0.213538,-0.212612,-0.210214,-0.206688,-0.202342,-0.197445,-0.192221,-0.18685,-0.181468,-0.176176,-0.171044,-0.166115,-0.161417,-0.156959,-0.152745,-0.148769,-0.145026,-0.141504,-0.138196,-0.13509,-0.132179,-0.129453,-0.126906,-0.12453,-0.122319,-0.120267,-0.118368,-0.116617,-0.115008,-0.113537,-0.112197,-0.110983,-0.109889,-0.10891,-0.108039,-0.107271,-0.106598,-0.106016,-0.105517,-0.105096,-0.104747,-0.104464,-0.104242,-0.104077,-0.103964,-0.103901,-0.103887,-0.103921,-0.104005,-0.104143,-0.104338,-0.104599,-0.104931,-0.105344,-0.105844,-0.106438,-0.107131,-0.107923,-0.108815,-0.109803,-0.110884,-0.112052,-0.113305,-0.114639,-0.116054,-0.117549,-0.119123,-0.120777,-0.122512,-0.124334,-0.126263,-0.128337,-0.130621,-0.133215,-0.136255,-0.139907,-0.144359,-0.149788,-0.156318,-0.163951,-0.172493,-0.181482,-0.190138,-0.197367,-0.201811,-0.201954,-0.19627,-0.183425,-0.162535,-0.1335,-0.0974342,-0.057545,-0.0215887,-0.00292907,0.00147453,0.00236325,0.00253933,0.00257598,0.00245238,0.00210102,0.00153712,0.000860988,0.00025884,0
0,0.00759019,0.0143053,0.015359,0.0116147,0.00509993,-0.00258455,-0.0102794,-0.0174189,-0.0235653,-0.0287862,-0.0332387,-0.0374793,-0.0426586,-0.0505461,-0.0627781,-0.079549,-0.0993306,-0.120031,-0.140072,-0.158544,-0.174906,-0.188779,-0.199932,-0.2083,-0.213973,-0.217167,-0.218184,-0.217371,-0.215087,-0.211676,-0.207448,-0.202671,-0.197569,-0.192322,-0.187067,-0.181905,-0.176906,-0.172116,-0.167558,-0.163245,-0.159177,-0.15535,-0.151754,-0.148381,-0.145219,-0.142259,-0.139489,-0.136901,-0.134487,-0.132239,-0.130149,-0.12821,-0.126415,-0.124759,-0.123234,-0.121834,-0.120554,-0.119385,-0.118324,-0.117362,-0.116494,-0.115714,-0.115016,-0.114393,-0.113841,-0.113355,-0.11293,-0.112561,-0.112246,-0.111981,-0.111766,-0.1116,-0.111484,-0.111421,-0.111416,-0.111472,-0.111597,-0.111796,-0.112077,-0.112444,-0.112903,-0.113454,-0.114101,-0.11484,-0.115672,-0.116593,-0.117603,-0.118703,-0.119893,-0.121177,-0.122557,-0.124039,-0.125626,-0.127329,-0.12917,-0.131184,-0.133435,-0.136016,-0.139057,-0.142713,-0.147162,-0.15257,-0.159052,-0.166614,-0.175081,-0.184035,-0.192768,-0.200279,-0.205315,-0.206453,-0.202236,-0.191339,-0.172805,-0.146304,-0.112493,-0.0737487,-0.0362065,-0.012039,-0.00556477,-0.00405107,-0.00315581,-0.00210975,-0.00105199,-0.000206657,0.000289897,0.000425744,0.000297487,8.32525e-05,0
0,0.007897,0.0171984,0.0210745,0.0195572,0.0145102,0.00766645,0.000116591,-0.00743474,-0.0141517,-0.0199423,-0.0247939,-0.0289693,-0.0331378,-0.0386475,-0.0474586,-0.0610776,-0.079211,-0.0999865,-0.121356,-0.141928,-0.16089,-0.177702,-0.191972,-0.203469,-0.212133,-0.218065,-0.22149,-0.22272,-0.222108,-0.220015,-0.216786,-0.212731,-0.208118,-0.203172,-0.198075,-0.192965,-0.187948,-0.183093,-0.178448,-0.174037,-0.169872,-0.165954,-0.162275,-0.158828,-0.155601,-0.152582,-0.149761,-0.147125,-0.144665,-0.142372,-0.140236,-0.138251,-0.136407,-0.134697,-0.133115,-0.131652,-0.130303,-0.12906,-0.127917,-0.126867,-0.125904,-0.125022,-0.124215,-0.123478,-0.122805,-0.122193,-0.121637,-0.121135,-0.120683,-0.12028,-0.119925,-0.119618,-0.119363,-0.119161,-0.119016,-0.118934,-0.118919,-0.118977,-0.119113,-0.11933,-0.119631,-0.12002,-0.120496,-0.12106,-0.121713,-0.122458,-0.123297,-0.124234,-0.125276,-0.12643,-0.127704,-0.129107,-0.130655,-0.132371,-0.134293,-0.136482,-0.139029,-0.142053,-0.145704,-0.150145,-0.155531,-0.161965,-0.16945,-0.177822,-0.186696,-0.195423,-0.203085,-0.208521,-0.210405,-0.207354,-0.198089,-0.18162,-0.157466,-0.125961,-0.0889278,-0.0514385,-0.0240766,-0.0144783,-0.0125022,-0.0109712,-0.0090009,-0.00679523,-0.00464271,-0.00279903,-0.00143856,-0.000602511,-0.000202137,-6.29792e-05,0
0,0.00724204,0.018881,0.0258544,0.0270461,0.0239385,0.0182964,0.0114142,0.00411055,-0.00321722,-0.00968231,-0.0151897,-0.0198183,-0.0238826,-0.0281473,-0.0341581,-0.0440117,-0.0589655,-0.0782562,-0.099833,-0.121789,-0.142898,-0.162396,-0.179729,-0.194487,-0.206433,-0.215506,-0.221811,-0.225578,-0.227126,-0.226811,-0.224995,-0.222021,-0.2182,-0.2138,-0.209049,-0.20413,-0.199187,-0.194327,-0.189625,-0.18513,-0.180869,-0.176852,-0.173083,-0.169553,-0.166252,-0.163169,-0.16029,-0.157602,-0.155094,-0.152754,-0.150573,-0.14854,-0.146646,-0.144883,-0.143244,-0.14172,-0.140304,-0.138988,-0.137767,-0.136633,-0.13558,-0.134602,-0.133693,-0.132848,-0.132062,-0.131332,-0.130654,-0.130026,-0.129447,-0.128911,-0.128422,-0.12798,-0.127585,-0.127242,-0.126954,-0.126724,-0.126557,-0.126456,-0.126426,-0.12647,-0.126592,-0.126793,-0.127077,-0.127447,-0.127907,-0.128465,-0.129126,-0.129901,-0.130801,-0.131838,-0.133026,-0.134386,-0.135944,-0.137743,-0.139843,-0.14233,-0.14532,-0.148951,-0.153375,-0.15873,-0.165106,-0.172498,-0.180747,-0.189491,-0.198129,-0.20581,-0.211461,-0.213847,-0.211674,-0.203723,-0.189004,-0.166944,-0.13766,-0.102611,-0.0661508,-0.0374552,-0.0250517,-0.0224345,-0.0202972,-0.0175423,-0.0143742,-0.0110632,-0.00788525,-0.00510995,-0.00294932,-0.00147777,-0.000612684,-0.000176374,0
0,0.0057625,0.0190291,0.0290562,0.0332959,0.0325934,0.0285794,0.0226643,0.0158249,0.0086297,0.00174175,-0.00449227,-0.00981093,-0.01434,-0.0184001,-0.0228567,-0.0294484,-0.0403253,-0.0564111,-0.0765764,-0.0987533,-0.121217,-0.142864,-0.162945,-0.180879,-0.196231,-0.208746,-0.218353,-0.225156,-0.229389,-0.231371,-0.231459,-0.230014,-0.227378,-0.22386,-0.21973,-0.215217,-0.21051,-0.205756,-0.201068,-0.196526,-0.192184,-0.188071,-0.184201,-0.180576,-0.177189,-0.17403,-0.171084,-0.168339,-0.16578,-0.163393,-0.161166,-0.159089,-0.157149,-0.155339,-0.153647,-0.152067,-0.15059,-0.149208,-0.147915,-0.146703,-0.145566,-0.144498,-0.143494,-0.142548,-0.141656,-0.140814,-0.140019,-0.139268,-0.13856,-0.137894,-0.137269,-0.136686,-0.136147,-0.135653,-0.135207,-0.134814,-0.134475,-0.134195,-0.133978,-0.133827,-0.133747,-0.133743,-0.13382,-0.133985,-0.134248,-0.134618,-0.135108,-0.135734,-0.136511,-0.13746,-0.138605,-0.139978,-0.141626,-0.14361,-0.146015,-0.148949,-0.152543,-0.156932,-0.16224,-0.168541,-0.175816,-0.183905,-0.192461,-0.20092,-0.208489,-0.214173,-0.216829,-0.215253,-0.208297,-0.194994,-0.174722,-0.147471,-0.114484,-0.0796172,-0.0508679,-0.0364616,-0.0327563,-0.0302057,-0.0268262,-0.0229122,-0.0186971,-0.0144449,-0.0104242,-0.00689597,-0.0040898,-0.00211448,-0.000897815,-0.000250311,0
0,0.0040579,0.0176197,0.0301723,0.0375192,0.039588,0.0376626,0.0331431,0.0271394,0.0204161,0.0134389,0.00684973,0.000857245,-0.0043589,-0.00882602,-0.0129013,-0.0175558,-0.0246996,-0.0364281,-0.0533177,-0.0740322,-0.0966084,-0.119502,-0.141688,-0.162405,-0.181032,-0.197095,-0.21031,-0.22059,-0.22803,-0.232862,-0.235404,-0.236012,-0.235044,-0.232839,-0.229705,-0.225912,-0.221691,-0.217236,-0.212699,-0.208201,-0.203829,-0.199641,-0.195673,-0.191941,-0.188451,-0.185196,-0.182167,-0.179348,-0.176726,-0.174284,-0.172008,-0.169885,-0.167902,-0.166047,-0.16431,-0.16268,-0.16115,-0.159709,-0.158351,-0.157069,-0.155855,-0.154704,-0.15361,-0.152568,-0.151573,-0.150621,-0.14971,-0.148837,-0.148,-0.147199,-0.146431,-0.145699,-0.145003,-0.144344,-0.143726,-0.143152,-0.142624,-0.142147,-0.141726,-0.141366,-0.141074,-0.140856,-0.140724,-0.140687,-0.140759,-0.140956,-0.141297,-0.141801,-0.142495,-0.143407,-0.144576,-0.14605,-0.147896,-0.150195,-0.153053,-0.156586,-0.160919,-0.166156,-0.172352,-0.179474,-0.187354,-0.195653,-0.203836,-0.21116,-0.216702,-0.219406,-0.218158,-0.211884,-0.199654,-0.180832,-0.155357,-0.124356,-0.0913135,-0.0632003,-0.0474737,-0.0424868,-0.0396305,-0.0358041,-0.0313697,-0.0264926,-0.0214333,-0.0164775,-0.0118862,-0.00788602,-0.00468623,-0.00241441,-0.00101277,-0.00027361,0
0,0.00276589,0.0149277,0.0289456,0.0390615,0.0440372,0.0445775,0.0418999,0.0371382,0.0311716,0.0245225,0.0178302,0.0114938,0.00575934,0.000708201,-0.00364783,-0.00766714,-0.0124477,-0.0200065,-0.0322781,-0.0495606,-0.0704822,-0.0932576,-0.1165,-0.139224,-0.160635,-0.180054,-0.196956,-0.211012,-0.222113,-0.230337,-0.235912,-0.239151,-0.240407,-0.240034,-0.238367,-0.235712,-0.232337,-0.228476,-0.224325,-0.220046,-0.215764,-0.211576,-0.207546,-0.203719,-0.200116,-0.196745,-0.193605,-0.190686,-0.187975,-0.185456,-0.183113,-0.180931,-0.178894,-0.176989,-0.175203,-0.173525,-0.171943,-0.170448,-0.16903,-0.167683,-0.166398,-0.165168,-0.163988,-0.162853,-0.161757,-0.160697,-0.159669,-0.158671,-0.157701,-0.156761,-0.155843,-0.154954,-0.154091,-0.153257,-0.152456,-0.15169,-0.150964,-0.150283,-0.149653,-0.149082,-0.14858,-0.148158,-0.147829,-0.147608,-0.147515,-0.147571,-0.147802,-0.148235,-0.148907,-0.14986,-0.151148,-0.152837,-0.155011,-0.157767,-0.161214,-0.165459,-0.170589,-0.176638,-0.183553,-0.191158,-0.199118,-0.206918,-0.213862,-0.219093,-0.221637,-0.220465,-0.214571,-0.203073,-0.185358,-0.161367,-0.132172,-0.100948,-0.0737503,-0.0571409,-0.050803,-0.0475507,-0.0434854,-0.0387531,-0.0334904,-0.0278784,-0.0222091,-0.0168124,-0.0119585,-0.00782682,-0.00456067,-0.00226909,-0.000902608,-0.000229358,0
0,0.00199365,0.0115528,0.0255588,0.0376243,0.0452751,0.0484351,0.0479508,0.0448435,0.0400192,0.0341668,0.0277349,0.0213118,0.0152619,0.00981787,0.00507388,0.000979868,-0.00286638,-0.00765867,-0.015401,-0.0278126,-0.0450368,-0.0658164,-0.0885832,-0.112079,-0.135331,-0.15749,-0.177803,-0.195673,-0.210718,-0.222791,-0.231955,-0.238424,-0.242505,-0.244548,-0.244901,-0.243895,-0.24183,-0.238973,-0.235558,-0.231784,-0.227818,-0.223794,-0.219816,-0.215959,-0.212274,-0.208791,-0.205525,-0.202478,-0.199645,-0.197013,-0.194569,-0.192296,-0.190178,-0.188201,-0.186348,-0.184606,-0.182961,-0.181404,-0.179922,-0.178506,-0.177148,-0.17584,-0.174574,-0.173346,-0.17215,-0.170982,-0.169837,-0.168714,-0.16761,-0.166524,-0.165456,-0.164405,-0.163374,-0.162365,-0.16138,-0.160424,-0.159504,-0.158626,-0.157799,-0.157034,-0.156342,-0.15574,-0.155246,-0.154879,-0.154665,-0.154632,-0.154813,-0.155248,-0.155984,-0.157079,-0.158599,-0.160628,-0.163257,-0.166583,-0.170699,-0.175669,-0.181507,-0.188141,-0.195383,-0.2029,-0.210198,-0.216624,-0.221382,-0.22357,-0.222235,-0.216441,-0.205359,-0.188424,-0.165619,-0.137992,-0.108435,-0.0821743,-0.0648914,-0.0571428,-0.0532879,-0.0490906,-0.0441778,-0.0388191,-0.0330021,-0.0269074,-0.0208719,-0.0152913,-0.01047,-0.00654962,-0.00357385,-0.00158234,-0.000510824,-9.58121e-05,0
0,0.00148016,0.00830198,0.0207388,0.0334836,0.0431233,0.0487059,0.0505407,0.0493885,0.0460656,0.0412989,0.0355952,0.0295047,0.0234946,0.0178972,0.0129178,0.00863801,0.0049588,0.00140414,-0.00325937,-0.0109008,-0.023008,-0.039713,-0.059993,-0.0825176,-0.106141,-0.129885,-0.152828,-0.174122,-0.193082,-0.209258,-0.222458,-0.232717,-0.240235,-0.245312,-0.248289,-0.249512,-0.249305,-0.247963,-0.245747,-0.242889,-0.239589,-0.236019,-0.232318,-0.228599,-0.224947,-0.221421,-0.218063,-0.214894,-0.211924,-0.209151,-0.206569,-0.204166,-0.201927,-0.199837,-0.197881,-0.196042,-0.194307,-0.192662,-0.191095,-0.189593,-0.188148,-0.18675,-0.185391,-0.184064,-0.182764,-0.181484,-0.180222,-0.178973,-0.177737,-0.17651,-0.175297,-0.174092,-0.172902,-0.171726,-0.170572,-0.169444,-0.16835,-0.1673,-0.166304,-0.165377,-0.164535,-0.163797,-0.163186,-0.162728,-0.162456,-0.162404,-0.162617,-0.163144,-0.164044,-0.165387,-0.16725,-0.169719,-0.172879,-0.176805,-0.18154,-0.187077,-0.193325,-0.200088,-0.207035,-0.213696,-0.219457,-0.223577,-0.225221,-0.223504,-0.217555,-0.206609,-0.190168,-0.168275,-0.141962,-0.113848,-0.0884172,-0.0705335,-0.061302,-0.056545,-0.052088,-0.0470473,-0.0416907,-0.0359784,-0.0298966,-0.0235944,-0.0174578,-0.0119541,-0.00743715,-0.00403275,-0.00167976,-0.000306786,0.000200651,0.000147741,0
0,0.00106509,0.00569625,0.0154963,0.0274825,0.0380416,0.0454583,0.049421,0.0503058,0.048731,0.0453495,0.0407541,0.0353944,0.029814,0.0244144,0.0194702,0.0151341,0.0114438,0.00826649,0.00508204,0.000697881,-0.00655219,-0.0179263,-0.0336681,-0.0530672,-0.0750662,-0.0986357,-0.122782,-0.146501,-0.168832,-0.188983,-0.206421,-0.220895,-0.232404,-0.241129,-0.247358,-0.251428,-0.253678,-0.254424,-0.253955,-0.252526,-0.250363,-0.247666,-0.244606,-0.241327,-0.23795,-0.234567,-0.231248,-0.228044,-0.224986,-0.222093,-0.219372,-0.21682,-0.214431,-0.212194,-0.210095,-0.20812,-0.206255,-0.204486,-0.202799,-0.201182,-0.199623,-0.198112,-0.196639,-0.195198,-0.193781,-0.192383,-0.190999,-0.189625,-0.188259,-0.186901,-0.185551,-0.184207,-0.182875,-0.181555,-0.180257,-0.178986,-0.177752,-0.176567,-0.175446,-0.174404,-0.173463,-0.172646,-0.171981,-0.171501,-0.171244,-0.171254,-0.171583,-0.17229,-0.173442,-0.175111,-0.177375,-0.180303,-0.183953,-0.188349,-0.193462,-0.199188,-0.205323,-0.211546,-0.217411,-0.222342,-0.225652,-0.226566,-0.224261,-0.217933,-0.206888,-0.190705,-0.169492,-0.144259,-0.117359,-0.0926153,-0.0741574,-0.0633996,-0.0574442,-0.0524852,-0.0471633,-0.0416534,-0.0361073,-0.0303134,-0.0242442,-0.0180351,-0.0121069,-0.0069798,-0.00304526,-0.00042166,0.0010325,0.00152086,0.00122522,0.000504782,0
0,0.000713104,0.00370022,0.0106559,0.0207377,0.0310261,0.0394018,0.0449887,0.0477208,0.0479346,0.0461275,0.0428445,0.0385813,0.0338058,0.0289616,0.0243634,0.0202118,0.0166118,0.0135694,0.0109168,0.00812991,0.00415546,-0.00244768,-0.0127399,-0.0271047,-0.0452112,-0.0663271,-0.0895664,-0.11394,-0.138354,-0.161725,-0.183133,-0.201941,-0.217825,-0.230734,-0.240821,-0.248362,-0.253686,-0.257125,-0.25899,-0.259561,-0.259087,-0.257786,-0.255851,-0.253452,-0.250736,-0.247824,-0.244818,-0.241797,-0.23882,-0.235929,-0.233153,-0.230506,-0.227994,-0.225618,-0.223372,-0.221246,-0.219229,-0.217309,-0.215474,-0.213712,-0.212011,-0.210361,-0.208752,-0.207177,-0.205627,-0.204098,-0.202583,-0.20108,-0.199586,-0.198099,-0.19662,-0.195156,-0.1937,-0.192263,-0.190849,-0.18947,-0.188135,-0.186859,-0.185658,-0.184553,-0.183568,-0.182731,-0.182074,-0.181636,-0.18146,-0.181596,-0.182101,-0.183035,-0.184465,-0.186454,-0.189058,-0.192315,-0.196232,-0.200763,-0.205793,-0.211119,-0.216432,-0.221312,-0.225225,-0.227535,-0.227524,-0.224436,-0.217535,-0.206205,-0.190105,-0.169399,-0.14506,-0.119182,-0.0950037,-0.0760082,-0.0637414,-0.056356,-0.0506143,-0.0448252,-0.0389682,-0.0332178,-0.0276269,-0.0219706,-0.0161755,-0.010378,-0.00501816,-0.000627639,0.0024019,0.00400013,0.00434683,0.00374025,0.00246248,0.000941579,0
0,0.000367517,0.00209675,0.00661036,0.0142581,0.0232982,0.0316928,0.0382007,0.0423512,0.0441668,0.0439383,0.0420924,0.0391064,0.0354057,0.0314018,0.0274179,0.0236834,0.0203484,0.0174886,0.0150834,0.012938,0.0105471,0.00704526,0.00128945,-0.00769086,-0.0203375,-0.0367272,-0.0565031,-0.0790071,-0.103302,-0.128226,-0.152558,-0.175235,-0.195491,-0.2129,-0.227349,-0.23895,-0.247959,-0.254696,-0.259488,-0.262641,-0.264428,-0.265089,-0.264833,-0.263847,-0.262294,-0.260318,-0.258043,-0.255573,-0.252993,-0.25037,-0.247757,-0.245191,-0.242695,-0.240286,-0.23797,-0.235748,-0.233616,-0.231569,-0.229598,-0.227695,-0.225851,-0.224056,-0.222303,-0.220584,-0.218893,-0.217225,-0.215574,-0.213938,-0.212316,-0.210705,-0.209109,-0.20753,-0.205969,-0.204433,-0.202928,-0.201468,-0.200062,-0.198729,-0.197486,-0.196357,-0.195367,-0.194548,-0.193935,-0.193569,-0.193495,-0.193764,-0.194428,-0.195541,-0.197155,-0.199309,-0.202023,-0.205288,-0.209043,-0.21317,-0.21747,-0.221651,-0.225325,-0.228001,-0.229097,-0.227958,-0.223897,-0.216256,-0.204499,-0.188365,-0.168057,-0.144491,-0.119505,-0.0958242,-0.0763639,-0.0626766,-0.0537301,-0.0469548,-0.0405215,-0.0340837,-0.0278669,-0.0220874,-0.0165858,-0.0112321,-0.00594681,-0.000884516,0.00351297,0.00675945,0.00854625,0.00883761,0.0078808,0.00605982,0.00373708,0.00139092,0
0,3.6259e-05,0.000781434,0.0034098,0.00870479,0.0159616,0.0236046,0.0303033,0.0353069,0.0383554,0.0395188,0.0390711,0.0373938,0.0348807,0.0318714,0.0286716,0.0255228,0.022607,0.0200437,0.0178799,0.0160636,0.0143803,0.0123778,0.00936075,0.00451471,-0.0030327,-0.0137565,-0.0280241,-0.0459203,-0.0671308,-0.0908709,-0.115965,-0.141067,-0.164946,-0.186675,-0.205699,-0.221811,-0.235067,-0.245693,-0.253995,-0.260296,-0.264899,-0.268072,-0.270046,-0.271024,-0.271182,-0.270678,-0.269648,-0.268214,-0.26648,-0.264535,-0.26245,-0.260286,-0.258086,-0.255883,-0.2537,-0.251553,-0.249449,-0.247391,-0.245381,-0.243415,-0.24149,-0.239601,-0.237744,-0.235914,-0.234108,-0.23232,-0.230549,-0.228794,-0.227052,-0.225327,-0.223619,-0.221932,-0.22028,-0.218652,-0.21707,-0.215538,-0.214074,-0.212693,-0.211415,-0.210264,-0.209267,-0.208455,-0.207862,-0.207527,-0.207491,-0.207795,-0.208481,-0.209584,-0.211126,-0.213114,-0.215521,-0.218279,-0.221268,-0.224298,-0.227099,-0.229318,-0.230512,-0.230159,-0.227676,-0.222456,-0.213926,-0.201639,-0.185402,-0.165442,-0.142597,-0.118451,-0.0952711,-0.0754768,-0.06054,-0.050024,-0.0420409,-0.0348488,-0.0278078,-0.0210246,-0.0145792,-0.00879663,-0.00349661,0.00141527,0.00598539,0.00997743,0.0130419,0.014748,0.014888,0.0135781,0.0111741,0.00811873,0.00481459,0.00175299,0
0,-0.000253814,-0.000257501,0.00101274,0.00438598,0.0097834,0.0162139,0.0225022,0.0277844,0.0316006,0.0338262,0.0345741,0.0340998,0.0327117,0.0307034,0.0283386,0.0258579,0.0234608,0.0212935,0.0194378,0.0179022,0.0166019,0.0153193,0.0136715,0.0111364,0.00714329,0.0010458,-0.00771792,-0.0195839,-0.0350545,-0.0542644,-0.0767655,-0.101484,-0.126995,-0.151888,-0.175039,-0.19572,-0.213594,-0.228632,-0.241012,-0.251019,-0.258969,-0.265162,-0.269867,-0.273312,-0.275693,-0.277179,-0.277919,-0.278042,-0.277666,-0.276889,-0.275801,-0.274476,-0.272975,-0.271347,-0.269632,-0.267859,-0.266049,-0.264217,-0.262374,-0.260526,-0.258677,-0.25683,-0.254986,-0.253145,-0.251308,-0.249475,-0.247647,-0.245824,-0.244008,-0.242203,-0.240412,-0.23864,-0.236895,-0.235189,-0.233525,-0.231917,-0.230378,-0.228925,-0.227578,-0.226357,-0.225289,-0.224399,-0.223718,-0.223274,-0.223096,-0.223211,-0.223639,-0.224386,-0.225442,-0.22677,-0.228297,-0.229901,-0.231405,-0.232567,-0.233072,-0.232531,-0.23049,-0.226449,-0.219891,-0.210339,-0.197437,-0.181056,-0.161434,-0.139311,-0.116022,-0.0934235,-0.0734915,-0.0575566,-0.0455792,-0.036282,-0.0281836,-0.0204665,-0.0130484,-0.00606289,0.000355442,0.0060334,0.0109626,0.0152417,0.018894,0.021628,0.0229901,0.0226899,0.0207826,0.0176233,0.0137056,0.00950876,0.00542545,0.00190441,0
0,-0.000465923,-0.000972449,-0.000619167,0.00134833,0.00512362,0.0102016,0.0156932,0.0207743,0.0248901,0.0277752,0.0293986,0.0298871,0.0294493,0.028321,0.0267388,0.0249285,0.0230906,0.0213803,0.0198944,0.018667,0.017668,0.016792,0.0158397,0.0145122,0.0124403,0.00921298,0.00442497,-0.0024591,-0.0118891,-0.0245178,-0.0409731,-0.0613315,-0.0848561,-0.110166,-0.135697,-0.160091,-0.182393,-0.202082,-0.219004,-0.233259,-0.245095,-0.254812,-0.262711,-0.269062,-0.274096,-0.278008,-0.280965,-0.283107,-0.28456,-0.285431,-0.285817,-0.285802,-0.285457,-0.284845,-0.284015,-0.283009,-0.281858,-0.280589,-0.279222,-0.277774,-0.276257,-0.274683,-0.27306,-0.271394,-0.269692,-0.267958,-0.266197,-0.264413,-0.262613,-0.260802,-0.258986,-0.257173,-0.255372,-0.253598,-0.251851,-0.250149,-0.248501,-0.246924,-0.245432,-0.244044,-0.242778,-0.241653,-0.240687,-0.239896,-0.239291,-0.238876,-0.238644,-0.238571,-0.238609,-0.238682,-0.238672,-0.238418,-0.237706,-0.236262,-0.233759,-0.229819,-0.224028,-0.215972,-0.205278,-0.191682,-0.17512,-0.155829,-0.134448,-0.112073,-0.0901887,-0.0703743,-0.0537782,-0.0405908,-0.0300285,-0.0209385,-0.0125123,-0.00444241,0.00319683,0.0102824,0.0163237,0.0215394,0.0259716,0.0296012,0.0321916,0.0332817,0.0324701,0.0297215,0.0254443,0.020301,0.0149384,0.00983568,0.0053155,0.00175254,0
0,-0.000582213,-0.00137009,-0.00156269,-0.00055449,0.00197316,0.00579636,0.0103265,0.0148771,0.0188941,0.0220368,0.0241685,0.0253083,0.0255766,0.0251513,0.0242369,0.0230412,0.0217523,0.0205183,0.0194353,0.018546,0.0178428,0.0172709,0.016724,0.016039,0.0149992,0.0133483,0.0108172,0.00712746,0.00192337,-0.00527039,-0.0149885,-0.0281025,-0.0453017,-0.0664955,-0.0906348,-0.116118,-0.141352,-0.165094,-0.186568,-0.205431,-0.22166,-0.235433,-0.24702,-0.256716,-0.264793,-0.27149,-0.277009,-0.281519,-0.28516,-0.288055,-0.290306,-0.292004,-0.293228,-0.294046,-0.294514,-0.29468,-0.294583,-0.294255,-0.293725,-0.293016,-0.292152,-0.291148,-0.290021,-0.288785,-0.28745,-0.286027,-0.284524,-0.282951,-0.281315,-0.279625,-0.277888,-0.276115,-0.274315,-0.272498,-0.270685,-0.26887,-0.267075,-0.265303,-0.263569,-0.261881,-0.260249,-0.258679,-0.257176,-0.255737,-0.254353,-0.253002,-0.251651,-0.250244,-0.248702,-0.246915,-0.244739,-0.241989,-0.238438,-0.23382,-0.227834,-0.220162,-0.210492,-0.198557,-0.18419,-0.167387,-0.148386,-0.127732,-0.106305,-0.0852629,-0.0658371,-0.0489736,-0.0349698,-0.0233796,-0.0133791,-0.00415646,0.00464903,0.0128488,0.0203339,0.0269151,0.0325261,0.0372631,0.0411075,0.0438417,0.044982,0.0439428,0.0404507,0.0348511,0.0280161,0.0209502,0.014415,0.0088194,0.00434277,0.00125783,0
0,-0.000613472,-0.00151236,-0.00199218,-0.00156745,6.22422e-05,0.00284902,0.00642386,0.0102711,0.0139033,0.0169668,0.0192674,0.0207526,0.0214773,0.0215686,0.0211941,0.0205323,0.0197477,0.0189707,0.0182875,0.0177389,0.0173267,0.0170203,0.0167594,0.0164534,0.0159815,0.0151959,0.0139308,0.0120117,0.00924333,0.0054157,0.000165575,-0.0069701,-0.01666,-0.0299061,-0.0474206,-0.0689503,-0.0932158,-0.118493,-0.143219,-0.166274,-0.187038,-0.205291,-0.221091,-0.234646,-0.246221,-0.256089,-0.264496,-0.271656,-0.277747,-0.282919,-0.287293,-0.290976,-0.294055,-0.296606,-0.298689,-0.300354,-0.301643,-0.302589,-0.303227,-0.303584,-0.303688,-0.303561,-0.303225,-0.302696,-0.301991,-0.301123,-0.300104,-0.298946,-0.297659,-0.296254,-0.294739,-0.293124,-0.291419,-0.289632,-0.287776,-0.28586,-0.283887,-0.281863,-0.279791,-0.277671,-0.275501,-0.273274,-0.270976,-0.268588,-0.266078,-0.263403,-0.260503,-0.2573,-0.253692,-0.249553,-0.244728,-0.239036,-0.232269,-0.224205,-0.214615,-0.203287,-0.190056,-0.174845,-0.157709,-0.138892,-0.118859,-0.0983125,-0.0781461,-0.0593031,-0.0425417,-0.0281576,-0.0159256,-0.00516347,0.00471856,0.0139315,0.0225513,0.0304508,0.0375834,0.0436311,0.0486883,0.0527961,0.0557957,0.0572204,0.0563282,0.0524921,0.0457544,0.0370197,0.027696,0.0190747,0.0119056,0.00641254,0.00260793,0.000503052,0
0,-0.000589219,-0.00149226,-0.00209665,-0.00200875,-0.000990336,0.000993482,0.00371677,0.00681756,0.00990551,0.0126603,0.0148761,0.0164647,0.0174384,0.0178819,0.0179227,0.0177029,0.0173546,0.0169839,0.016662,0.0164244,0.0162768,0.0162015,0.0161627,0.0161086,0.0159717,0.0156709,0.0151129,0.0141954,0.0128061,0.0108256,0.00809296,0.00440913,-0.000589071,-0.00737198,-0.0166468,-0.0294639,-0.0466065,-0.0677973,-0.0916495,-0.116375,-0.14045,-0.16285,-0.183055,-0.200919,-0.216523,-0.230073,-0.241813,-0.251987,-0.260822,-0.268508,-0.275205,-0.281047,-0.286152,-0.290611,-0.294495,-0.297856,-0.300738,-0.303178,-0.30521,-0.306867,-0.308178,-0.309171,-0.309867,-0.310288,-0.310449,-0.310366,-0.310051,-0.309515,-0.30877,-0.307824,-0.306686,-0.305365,-0.303867,-0.302199,-0.300366,-0.298378,-0.296231,-0.293927,-0.291456,-0.28881,-0.285974,-0.282926,-0.279636,-0.276068,-0.272172,-0.267887,-0.263137,-0.257829,-0.251855,-0.245089,-0.23739,-0.228605,-0.218579,-0.207164,-0.194236,-0.179721,-0.163618,-0.146036,-0.127223,-0.107588,-0.0877037,-0.0682737,-0.0500343,-0.0335564,-0.0191096,-0.00645246,0.00474972,0.0148132,0.0241467,0.0329164,0.041001,0.0484755,0.0549069,0.0602769,0.064613,0.0678096,0.0694717,0.0688406,0.065008,0.0575489,0.0470953,0.0352696,0.0239786,0.0145956,0.00762362,0.00295999,0.000433032,-0.000321589,0
0,-0.000542163,-0.00140205,-0.00204951,-0.00216132,-0.00155406,-0.00018131,0.00183183,0.00423329,0.00673225,0.0090666,0.0110497,0.0125849,0.0136589,0.0143213,0.0146608,0.0147807,0.0147798,0.0147382,0.0147111,0.0147276,0.0147949,0.0149033,0.0150317,0.0151504,0.0152223,0.0152039,0.0150457,0.0146933,0.0140862,0.013158,0.011828,0.00999926,0.00752662,0.00421144,-0.000293209,-0.00642435,-0.0147902,-0.0263897,-0.0421869,-0.062145,-0.0849286,-0.108705,-0.131966,-0.153729,-0.173501,-0.19116,-0.206766,-0.220482,-0.232537,-0.243142,-0.252481,-0.260733,-0.268059,-0.274588,-0.280413,-0.285597,-0.290189,-0.294235,-0.297776,-0.300853,-0.3035,-0.305749,-0.307625,-0.309147,-0.310333,-0.311197,-0.311749,-0.312,-0.311956,-0.311624,-0.311011,-0.310119,-0.308952,-0.30751,-0.305793,-0.303796,-0.301522,-0.298957,-0.296087,-0.292891,-0.289341,-0.285404,-0.281037,-0.276189,-0.270798,-0.264791,-0.258088,-0.250593,-0.242207,-0.232819,-0.222324,-0.210619,-0.19762,-0.183274,-0.167575,-0.150584,-0.13245,-0.113425,-0.0938837,-0.0743186,-0.0553168,-0.0374445,-0.0211295,-0.00645285,0.00647621,0.0177148,0.0277156,0.0368597,0.0453515,0.0532414,0.0605988,0.0670828,0.0725676,0.0769701,0.0801513,0.0817518,0.0810885,0.0771943,0.0692632,0.0574466,0.0432588,0.0290782,0.017036,0.00815487,0.0023974,-0.00070706,-0.00160315,-0.000976215,0
0,-0.000496929,-0.00130853,-0.00197311,-0.00222038,-0.00190821,-0.000997648,0.000442321,0.00223983,0.00418657,0.00608266,0.00777422,0.00917077,0.0102445,0.0110175,0.0115447,0.0118951,0.0121371,0.0123283,0.0125094,0.0127036,0.0129186,0.0131505,0.013388,0.0136149,0.0138119,0.0139571,0.014026,0.0139917,0.0138247,0.0134921,0.0129545,0.0121649,0.0110592,0.00955101,0.00750461,0.00474099,0.000960803,-0.00420245,-0.0111606,-0.0206793,-0.0338782,-0.0513151,-0.0720625,-0.0942646,-0.116354,-0.137368,-0.156743,-0.174275,-0.190022,-0.204091,-0.216598,-0.227728,-0.23769,-0.24665,-0.254721,-0.26198,-0.268489,-0.274306,-0.279493,-0.284105,-0.288192,-0.291795,-0.294944,-0.297663,-0.29997,-0.30188,-0.303401,-0.304541,-0.305306,-0.305698,-0.305718,-0.305365,-0.304637,-0.303529,-0.302033,-0.300137,-0.297824,-0.295082,-0.291887,-0.288208,-0.284007,-0.279239,-0.273852,-0.267787,-0.260974,-0.253339,-0.244802,-0.235277,-0.224684,-0.212943,-0.199993,-0.185792,-0.170334,-0.153661,-0.135876,-0.117155,-0.0977577,-0.0780345,-0.0584345,-0.0394464,-0.0214863,-0.00474764,0.0103072,0.0234363,0.0348423,0.044807,0.0536407,0.0616301,0.068931,0.0756767,0.0816306,0.0866676,0.0906285,0.0932866,0.0942562,0.0928938,0.0883273,0.0796626,0.0666411,0.0504376,0.0336167,0.018989,0.00818394,0.0012577,-0.00248019,-0.0036731,-0.00302287,-0.00132243,0
0,-0.000462808,-0.00123714,-0.00191766,-0.00227337,-0.00218987,-0.00163518,-0.00065286,0.000648697,0.00211882,0.003611,0.00500431,0.00621939,0.00722118,0.00801229,0.00862142,0.00909097,0.00946593,0.00978587,0.0100804,0.0103678,0.0106559,0.0109451,0.0112306,0.0115047,0.0117587,0.0119827,0.0121663,0.0122977,0.0123643,0.0123517,0.0122434,0.0120198,0.0116552,0.0111148,0.0103462,0.00927639,0.00778802,0.00574277,0.00292546,-0.000960984,-0.0061893,-0.0130971,-0.0225204,-0.0355943,-0.0525395,-0.0719933,-0.0921049,-0.111761,-0.130463,-0.147838,-0.163666,-0.178009,-0.19106,-0.202966,-0.21381,-0.223647,-0.232531,-0.240535,-0.247741,-0.254231,-0.260072,-0.265316,-0.270005,-0.274169,-0.277828,-0.280997,-0.283688,-0.285907,-0.287657,-0.288939,-0.289751,-0.290088,-0.289944,-0.289308,-0.288168,-0.286506,-0.284299,-0.281515,-0.278132,-0.274115,-0.269415,-0.263985,-0.257764,-0.25069,-0.242693,-0.233701,-0.223641,-0.212445,-0.200054,-0.186424,-0.17154,-0.15542,-0.13813,-0.119795,-0.100606,-0.0808281,-0.060795,-0.0408974,-0.0215071,-0.00282086,0.0145463,0.0301377,0.0438806,0.0557568,0.0659441,0.074693,0.0822361,0.0888184,0.0945441,0.0993296,0.103104,0.105714,0.106904,0.106279,0.103241,0.0969927,0.0867837,0.0723023,0.0544304,0.0357089,0.0193716,0.0074594,-6.78222e-05,-0.00418167,-0.00577286,-0.00541277,-0.00365457,-0.00136469,0
0,-0.000424851,-0.00115334,-0.00183594,-0.00227304,-0.00236772,-0.00209097,-0.00146882,-0.000572583,0.000497308,0.0016305,0.00273349,0.00373857,0.00460841,0.0053335,0.00592527,0.00640768,0.00680918,0.00715663,0.00747135,0.00776761,0.00805304,0.00832997,0.00859742,0.0088527,0.00909256,0.0093137,0.0095129,0.00968688,0.00983201,0.00994435,0.0100196,0.0100531,0.0100393,0.00997021,0.00983221,0.00960302,0.00924339,0.00870079,0.00789001,0.00670765,0.00504401,0.00270018,-0.000606017,-0.0050292,-0.0106775,-0.018171,-0.0285591,-0.0423213,-0.0585981,-0.0757071,-0.0924197,-0.108406,-0.123678,-0.138164,-0.151733,-0.164285,-0.175799,-0.186327,-0.195956,-0.204775,-0.212859,-0.220264,-0.227032,-0.233193,-0.238769,-0.243774,-0.248216,-0.252099,-0.25542,-0.258175,-0.260354,-0.261946,-0.262935,-0.263302,-0.263026,-0.262081,-0.260438,-0.258062,-0.254904,-0.250925,-0.246095,-0.240359,-0.233662,-0.225944,-0.217143,-0.207196,-0.196047,-0.183647,-0.169965,-0.154993,-0.138757,-0.121326,-0.102823,-0.0834361,-0.0634227,-0.0430959,-0.0227865,-0.00262082,0.016787,0.0348191,0.0512239,0.0657198,0.0782449,0.0888065,0.0975362,0.104607,0.11022,0.114441,0.117314,0.118839,0.118921,0.117366,0.113861,0.107961,0.099054,0.0864889,0.0701685,0.0511713,0.0320635,0.0161855,0.0052812,-0.00138735,-0.00519365,-0.00700723,-0.00713451,-0.00582509,-0.00354581,-0.00118092,0
0,-0.000334346,-0.000943079,-0.00155189,-0.00199579,-0.00219362,-0.00211773,-0.00177912,-0.00122111,-0.000509833,0.000279655,0.00107557,0.00182295,0.00248723,0.00305393,0.00352481,0.00391223,0.00423348,0.00450608,0.00474467,0.00495959,0.00515678,0.00533877,0.00550589,0.00565758,0.00579336,0.00591335,0.00601844,0.0061102,0.00619075,0.00626272,0.00632941,0.00639502,0.00646463,0.00654381,0.00663713,0.00674611,0.00686567,0.00698347,0.00707464,0.00710663,0.00703849,0.0067939,0.00629741,0.00550891,0.00428481,0.0023028,-0.00058971,-0.00418826,-0.00854476,-0.0142664,-0.0219164,-0.0315736,-0.0429413,-0.0554435,-0.0683306,-0.0809865,-0.0930974,-0.104577,-0.115436,-0.125706,-0.135411,-0.14457,-0.153196,-0.161303,-0.168901,-0.175994,-0.182585,-0.188668,-0.194234,-0.199267,-0.203745,-0.207639,-0.210917,-0.21354,-0.215462,-0.216637,-0.21701,-0.216526,-0.215122,-0.212728,-0.209251,-0.204632,-0.198838,-0.191794,-0.183447,-0.173737,-0.162622,-0.150074,-0.136092,-0.120701,-0.103971,-0.086019,-0.0670203,-0.0472182,-0.0269253,-0.00641746,0.0140075,0.0335036,0.0517362,0.0682719,0.0828177,0.0951214,0.105096,0.112767,0.118215,0.121608,0.123095,0.122849,0.120963,0.117436,0.112172,0.104996,0.0956867,0.0840263,0.0697806,0.0529365,0.034885,0.0190486,0.00807921,0.00155108,-0.00230264,-0.00472616,-0.00622523,-0.00680269,-0.00632549,-0.00482839,-0.00271218,-0.000789638,0
0,-0.000128569,-0.000439961,-0.000778305,-0.00104805,-0.00120411,-0.0012283,-0.00112004,-0.000894964,-0.000582676,-0.000220547,0.000153861,0.000508787,0.000822731,0.00108497,0.00129389,0.0014541,0.00157342,0.00166027,0.0017219,0.00176358,0.0017885,0.00179828,0.00179369,0.00177544,0.00174477,0.00170382,0.0016557,0.00160447,0.00155486,0.00151223,0.00148243,0.00147199,0.00148814,0.00153866,0.00163134,0.00177327,0.00196951,0.00222261,0.00253123,0.00289149,0.00329586,0.00372669,0.00417282,0.00462524,0.00501369,0.00524118,0.00536008,0.0054925,0.00542766,0.00465565,0.00306239,0.00117666,-0.000471574,-0.00192569,-0.00369384,-0.00627554,-0.0098632,-0.0143582,-0.0195321,-0.0251513,-0.0310283,-0.0370281,-0.0430573,-0.0490543,-0.0549794,-0.0608082,-0.066525,-0.0721184,-0.0775773,-0.0828874,-0.0880289,-0.0929746,-0.0976889,-0.102126,-0.106232,-0.109943,-0.113185,-0.115879,-0.11794,-0.119277,-0.119802,-0.119405,-0.117947,-0.115338,-0.111476,-0.106285,-0.0997002,-0.0916827,-0.0822233,-0.0713511,-0.0591418,-0.0457254,-0.0312905,-0.0160853,-0.000421598,0.0152088,0.0301879,0.0441369,0.0566066,0.0671774,0.0755645,0.0815816,0.0852088,0.0865623,0.085898,0.083516,0.0797103,0.0747089,0.0686449,0.0615548,0.0534115,0.044203,0.03407,0.0234804,0.0135583,0.00605519,0.00179529,-0.000299513,-0.00142679,-0.00198034,-0.00229172,-0.00263313,-0.00300126,-0.00318036,-0.0029239,-0.00213814,-0.00103872,-0.000155369,0
0,0.000128558,0.000439929,0.000778232,0.00104792,0.00120391,0.00122806,0.00111975,0.000894663,0.000582372,0.000220251,-0.000154149,-0.000509079,-0.000823046,-0.00108534,-0.00129433,-0.00145465,-0.0015741,-0.0016611,-0.0017229,-0.00176476,-0.00178986,-0.00179982,-0.00179541,-0.00177732,-0.00174681,-0.00170598,-0.00165797,-0.0016068,-0.00155724,-0.0015146,-0.00148476,-0.00147423,-0.00149025,-0.00154059,-0.00163305,-0.00177469,-0.00197062,-0.00222336,-0.00253158,-0.00289141,-0.00329534,-0.00372573,-0.00417144,-0.00462349,-0.00501167,-0.00523902,-0.00535779,-0.0054901,-0.00542544,-0.004654,-0.00306112,-0.00117522,0.000473378,0.00192746,0.003695,0.00627587,0.00986291,0.0143578,0.019532,0.0251518,0.0310296,0.03703,0.0430599,0.0490572,0.0549824,0.0608111,0.0665276,0.0721205,0.0775787,0.082888,0.0880286,0.0929734,0.0976867,0.102123,0.106228,0.109938,0.11318,0.115873,0.117934,0.119271,0.119796,0.119399,0.117942,0.115332,0.111471,0.10628,0.0996962,0.0916793,0.0822204,0.0713486,0.0591398,0.0457239,0.0312895,0.0160848,0.000421652,-0.0152082,-0.0301866,-0.0441347,-0.0566036,-0.0671734,-0.0755595,-0.0815757,-0.0852023,-0.0865556,-0.0858916,-0.0835103,-0.0797058,-0.0747059,-0.0686436,-0.0615548,-0.0534125,-0.0442042,-0.0340705,-0.0234797,-0.0135565,-0.00605342,-0.00179413,0.000300301,0.00142753,0.00198121,0.00229285,0.00263446,0.00300265,0.00318164,0.00292496,0.00213889,0.00103915,0.000155509,-0
