0,1.73625,1.51883,1.38137,1.29611,1.2412,1.20396,1.17738,1.15754,1.14218,1.12991,1.11988,1.1115,1.10439,1.09827,1.09293,1.08822,1.08403,1.08027,1.07688,1.07378,1.07095,1.06835,1.06594,1.0637,1.06161,1.05965,1.05781,1.05608,1.05444,1.05289,1.05142,1.05002,1.04868,1.04741,1.04619,1.04502,1.0439,1.04283,1.0418,1.04081,1.03985,1.03894,1.03805,1.0372,1.03638,1.03559,1.03483,1.0341,1.03339,1.03271,1.03206,1.03143,1.03083,1.03025,1.02969,1.02916,1.02865,1.02817,1.02771,1.02728,1.02686,1.02648,1.02611,1.02577,1.02546,1.02517,1.0249,1.02467,1.02445,1.02427,1.02411,1.02398,1.02388,1.0238,1.02376,1.02374,1.02376,1.02381,1.02389,1.024,1.02415,1.02433,1.02455,1.02481,1.0251,1.02543,1.0258,1.02622,1.02667,1.02718,1.02772,1.02832,1.02897,1.02967,1.03042,1.03123,1.0321,1.03304,1.03405,1.03513,1.03629,1.03754,1.03888,1.04033,1.04189,1.04358,1.04542,1.04742,1.04961,1.05203,1.0547,1.05768,1.06102,1.06482,1.06916,1.0742,1.08012,1.08717,1.09572,1.10631,1.11975,1.13733,1.1612,1.19527,1.24696,1.33089,1.47406,1.71122,2
0,0.263753,0.481171,0.618627,0.703889,0.758797,0.796038,0.822619,0.842458,0.857824,0.870089,0.880122,0.888497,0.895608,0.901732,0.907072,0.911779,0.915967,0.919726,0.923123,0.926215,0.929047,0.931653,0.934064,0.936305,0.938395,0.940352,0.942191,0.943924,0.945561,0.947112,0.948584,0.949985,0.95132,0.952594,0.953813,0.95498,0.956098,0.957171,0.958202,0.959193,0.960147,0.961064,0.961948,0.962798,0.963618,0.964408,0.965169,0.965902,0.966608,0.967288,0.967942,0.96857,0.969174,0.969753,0.970308,0.970839,0.971346,0.97183,0.972289,0.972725,0.973137,0.973524,0.973888,0.974227,0.974542,0.974831,0.975095,0.975334,0.975546,0.975732,0.97589,0.976021,0.976124,0.976198,0.976242,0.976256,0.976239,0.976191,0.97611,0.975996,0.975849,0.975666,0.975448,0.975193,0.9749,0.974568,0.974196,0.973782,0.973325,0.972824,0.972276,0.97168,0.971034,0.970335,0.969581,0.968769,0.967896,0.966958,0.965951,0.96487,0.963708,0.96246,0.961117,0.95967,0.958108,0.956417,0.95458,0.952578,0.950386,0.947974,0.945303,0.942325,0.938978,0.935184,0.930837,0.9258,0.919885,0.912833,0.904278,0.893686,0.880246,0.862673,0.838799,0.804733,0.753041,0.669109,0.52594,0.288781,0
0,-0.0232099,0.0688617,0.189931,0.299886,0.389804,0.461245,0.517992,0.563567,0.600722,0.63149,0.657351,0.679387,0.698396,0.714977,0.729584,0.742567,0.7542,0.764699,0.774236,0.782951,0.790959,0.798353,0.80521,0.811597,0.817566,0.823166,0.828434,0.833405,0.838108,0.842568,0.846806,0.850842,0.854693,0.858372,0.861892,0.865266,0.868502,0.871611,0.874599,0.877474,0.880242,0.882908,0.885479,0.887957,0.890347,0.892652,0.894876,0.897021,0.89909,0.901085,0.903007,0.904858,0.906639,0.908352,0.909997,0.911576,0.913088,0.914533,0.915913,0.917226,0.918474,0.919655,0.920769,0.921816,0.922795,0.923705,0.924546,0.925315,0.926013,0.926638,0.927188,0.927663,0.92806,0.928378,0.928615,0.92877,0.92884,0.928823,0.928717,0.928521,0.928232,0.927846,0.927363,0.926778,0.92609,0.925293,0.924387,0.923365,0.922225,0.920963,0.919573,0.91805,0.91639,0.914584,0.912628,0.910512,0.908227,0.905764,0.903112,0.900256,0.897181,0.893869,0.890299,0.886445,0.882277,0.87776,0.87285,0.867492,0.861624,0.855163,0.848009,0.840038,0.831087,0.820953,0.809368,0.795984,0.780335,0.761791,0.739489,0.712216,0.678245,0.635069,0.579043,0.505001,0.40642,0.278159,0.127254,-0.000290364,0
0,-0.0541997,-0.0517519,0.0020521,0.077105,0.15435,0.225583,0.288343,0.342667,0.389485,0.429923,0.465037,0.495735,0.522768,0.546746,0.568163,0.58742,0.604842,0.620697,0.635202,0.648538,0.660857,0.672284,0.682926,0.692871,0.702198,0.710971,0.719246,0.727072,0.734492,0.741541,0.748251,0.754652,0.760766,0.766617,0.772223,0.777602,0.782768,0.787736,0.792516,0.79712,0.801557,0.805836,0.809965,0.81395,0.817798,0.821513,0.825101,0.828566,0.831911,0.835141,0.838257,0.841262,0.844159,0.846948,0.849632,0.852212,0.854688,0.857061,0.859332,0.861499,0.863564,0.865526,0.867384,0.869137,0.870785,0.872326,0.873759,0.875082,0.876294,0.877393,0.878376,0.879242,0.879988,0.880611,0.88111,0.88148,0.88172,0.881825,0.881792,0.881618,0.881299,0.880832,0.880211,0.879434,0.878495,0.877388,0.876109,0.874652,0.87301,0.871178,0.869146,0.866908,0.864455,0.861776,0.858861,0.855698,0.852273,0.848569,0.84457,0.840255,0.835599,0.830576,0.825152,0.819288,0.81294,0.806052,0.798557,0.790377,0.781413,0.771544,0.760621,0.74846,0.734824,0.719419,0.701865,0.681676,0.658218,0.630668,0.597942,0.558626,0.510886,0.452437,0.380695,0.293493,0.191201,0.0816477,-0.0116711,-0.0459407,0
0,-0.0429617,-0.0722446,-0.0646224,-0.0290489,0.0210875,0.0760077,0.130249,0.181212,0.22792,0.270219,0.308348,0.342695,0.373688,0.401737,0.427216,0.450454,0.471733,0.4913,0.509362,0.526101,0.541668,0.556195,0.569797,0.582569,0.594597,0.605954,0.616704,0.626901,0.636596,0.64583,0.654642,0.663064,0.671127,0.678855,0.686274,0.693403,0.70026,0.706863,0.713226,0.719363,0.725285,0.731003,0.736527,0.741865,0.747024,0.752012,0.756835,0.761498,0.766006,0.770362,0.774571,0.778636,0.78256,0.786344,0.78999,0.793501,0.796876,0.800117,0.803225,0.806198,0.809038,0.811743,0.814313,0.816746,0.819042,0.821199,0.823215,0.825089,0.826817,0.828398,0.829828,0.831106,0.832227,0.833188,0.833986,0.834618,0.835078,0.835363,0.835468,0.835389,0.83512,0.834656,0.833993,0.833123,0.832041,0.83074,0.829213,0.827452,0.825449,0.823195,0.820679,0.817893,0.814823,0.811457,0.80778,0.803777,0.799429,0.794717,0.789615,0.784099,0.778136,0.771691,0.764721,0.757178,0.749001,0.740122,0.730456,0.719901,0.708335,0.695607,0.681532,0.665884,0.64838,0.62867,0.606314,0.580766,0.551344,0.517204,0.477319,0.430487,0.3754,0.31089,0.236507,0.153766,0.0683857,-0.00668085,-0.0499329,-0.0415071,0
0,-0.0301758,-0.0652249,-0.0800724,-0.0719898,-0.0468237,-0.0114391,0.0287903,0.0702978,0.111039,0.149921,0.186451,0.220472,0.252021,0.281229,0.308273,0.33334,0.356618,0.37828,0.398488,0.417386,0.435104,0.451758,0.467449,0.482268,0.496293,0.509597,0.522242,0.534282,0.545767,0.556741,0.567242,0.577306,0.586963,0.596242,0.605166,0.613759,0.622039,0.630027,0.637736,0.645183,0.65238,0.659339,0.66607,0.672584,0.678888,0.684991,0.690898,0.696617,0.702153,0.70751,0.712692,0.717703,0.722546,0.727224,0.731738,0.73609,0.740282,0.744313,0.748185,0.751898,0.755451,0.758843,0.762075,0.765143,0.768048,0.770786,0.773356,0.775755,0.777981,0.780031,0.781901,0.783587,0.785087,0.786395,0.787508,0.788421,0.789129,0.789627,0.789909,0.789969,0.789802,0.7894,0.788758,0.787867,0.786721,0.78531,0.783627,0.781662,0.779404,0.776842,0.773966,0.770761,0.767214,0.763309,0.759028,0.754352,0.749259,0.743725,0.737721,0.731216,0.724172,0.716547,0.708291,0.699344,0.689639,0.679093,0.667608,0.655068,0.641331,0.626229,0.609554,0.591056,0.570432,0.547313,0.521253,0.49172,0.458086,0.41964,0.375616,0.325291,0.268191,0.20449,0.135724,0.0658899,0.00274673,-0.0415748,-0.0538347,-0.030815,0
0,-0.0211787,-0.0533751,-0.076695,-0.0843085,-0.0769914,-0.0583492,-0.0322765,-0.00193567,0.0303534,0.0630444,0.0951992,0.126264,0.155947,0.184121,0.21076,0.235896,0.259599,0.281952,0.303048,0.32298,0.341836,0.359702,0.376655,0.392768,0.408107,0.422732,0.436697,0.450052,0.462841,0.475104,0.486878,0.498195,0.509084,0.519574,0.529687,0.539446,0.54887,0.557978,0.566786,0.575308,0.583558,0.591548,0.599288,0.606789,0.614059,0.621106,0.627937,0.634558,0.640976,0.647194,0.653217,0.659049,0.664693,0.670151,0.675425,0.680518,0.68543,0.690162,0.694714,0.699086,0.703277,0.707288,0.711116,0.71476,0.718218,0.721488,0.724567,0.727453,0.730142,0.732631,0.734915,0.736992,0.738856,0.740502,0.741926,0.743122,0.744085,0.744807,0.745284,0.745508,0.745471,0.745166,0.744586,0.743722,0.742564,0.741104,0.739331,0.737233,0.7348,0.732019,0.728875,0.725353,0.721438,0.71711,0.712351,0.707137,0.701443,0.695242,0.6885,0.681183,0.673247,0.664645,0.655321,0.645209,0.634232,0.6223,0.609307,0.595125,0.579604,0.562563,0.54379,0.523029,0.499981,0.474292,0.445556,0.413317,0.377085,0.336378,0.290807,0.240225,0.185003,0.126441,0.0673554,0.0127183,-0.0300463,-0.0521944,-0.0479474,-0.0222934,0
0,-0.0153051,-0.0426892,-0.0676986,-0.0830481,-0.0869608,-0.080625,-0.066328,-0.0464215,-0.022912,0.0026711,0.0291953,0.0558854,0.0822423,0.107946,0.132807,0.156725,0.179655,0.201593,0.22256,0.242588,0.261723,0.28001,0.297498,0.314236,0.33027,0.345644,0.360401,0.374579,0.388214,0.401339,0.413986,0.426183,0.437955,0.449326,0.460318,0.470952,0.481244,0.491212,0.500871,0.510235,0.519315,0.528125,0.536673,0.544969,0.553023,0.56084,0.568429,0.575795,0.582943,0.589878,0.596605,0.603127,0.609446,0.615565,0.621486,0.627211,0.63274,0.638074,0.643213,0.648156,0.652903,0.657453,0.661804,0.665954,0.669901,0.673643,0.677176,0.680498,0.683603,0.68649,0.689152,0.691586,0.693786,0.695747,0.697463,0.698929,0.700137,0.701081,0.701754,0.702147,0.702253,0.702063,0.701567,0.700757,0.699622,0.698152,0.696334,0.694156,0.691605,0.688667,0.685326,0.681566,0.677367,0.672709,0.667571,0.661927,0.655749,0.649006,0.641664,0.633682,0.625014,0.615608,0.605404,0.59433,0.582307,0.569237,0.55501,0.539495,0.522537,0.503959,0.48355,0.461069,0.436241,0.408759,0.378291,0.344502,0.307089,0.265847,0.220787,0.172305,0.121447,0.0702387,0.0220305,-0.0183391,-0.0449202,-0.052626,-0.0405121,-0.0164768,0
0,-0.0114417,-0.0342021,-0.0580078,-0.0764396,-0.0867527,-0.0886784,-0.0832415,-0.0719393,-0.0562865,-0.0376022,-0.0169511,0.0048561,0.0272019,0.0496512,0.0719083,0.0937703,0.115106,0.135836,0.155914,0.175321,0.194056,0.212128,0.229553,0.246356,0.262559,0.27819,0.293276,0.307843,0.321916,0.33552,0.348678,0.361413,0.373745,0.385693,0.397276,0.40851,0.41941,0.429991,0.440266,0.450246,0.459944,0.469369,0.478531,0.487437,0.496096,0.504513,0.512697,0.520651,0.52838,0.53589,0.543182,0.550262,0.55713,0.56379,0.570242,0.576488,0.582528,0.588362,0.593991,0.599414,0.604628,0.609634,0.614429,0.61901,0.623376,0.627522,0.631447,0.635145,0.638613,0.641847,0.644841,0.64759,0.650089,0.652332,0.654311,0.656022,0.657456,0.658605,0.659463,0.660019,0.660265,0.660192,0.659789,0.659046,0.657952,0.656494,0.65466,0.652436,0.649808,0.646759,0.643274,0.639332,0.634914,0.629998,0.62456,0.618573,0.612006,0.604826,0.596996,0.588473,0.579208,0.569146,0.558224,0.546369,0.533497,0.51951,0.504296,0.487727,0.469652,0.449901,0.428282,0.404581,0.378565,0.349995,0.318638,0.284304,0.246895,0.206486,0.163446,0.118601,0.0734402,0.0303124,-0.00746378,-0.0357284,-0.0504364,-0.0492472,-0.0339047,-0.0125974,0
0,-0.00881842,-0.0276762,-0.0492393,-0.0682442,-0.0817966,-0.08888,-0.0896727,-0.0849689,-0.0757883,-0.0631482,-0.0479553,-0.0309664,-0.0127855,0.00611892,0.0253785,0.044727,0.0639748,0.082984,0.10166,0.119938,0.137777,0.155153,0.172054,0.188478,0.204429,0.219915,0.234946,0.249537,0.2637,0.277453,0.290808,0.303782,0.316389,0.328643,0.340557,0.352143,0.363415,0.374383,0.385058,0.395449,0.405565,0.415416,0.425008,0.434349,0.443444,0.452301,0.460923,0.469316,0.477483,0.485428,0.493154,0.500664,0.507958,0.51504,0.521909,0.528567,0.535013,0.541247,0.547269,0.553077,0.558671,0.564047,0.569204,0.574139,0.578849,0.583331,0.58758,0.591592,0.595364,0.598889,0.602163,0.60518,0.607934,0.610417,0.612624,0.614547,0.616177,0.617508,0.618529,0.619232,0.619607,0.619643,0.61933,0.618655,0.617607,0.616173,0.614338,0.612089,0.609409,0.606281,0.602687,0.598607,0.59402,0.588901,0.583225,0.576964,0.570086,0.562555,0.554332,0.545372,0.535626,0.525036,0.513539,0.501059,0.487514,0.472807,0.456831,0.43946,0.420558,0.39997,0.37753,0.353063,0.326392,0.297358,0.265841,0.231802,0.195341,0.15678,0.116772,0.0764314,0.0374625,0.00222902,-0.0262848,-0.0449231,-0.0512548,-0.0448019,-0.0285616,-0.00996274,0
0,-0.00697072,-0.0226644,-0.0417665,-0.0600825,-0.0749284,-0.0849818,-0.0899137,-0.0900102,-0.0858737,-0.0782206,-0.067762,-0.0551418,-0.0409116,-0.0255284,-0.00935859,0.00730704,0.0242318,0.0412422,0.0582085,0.0750327,0.0916432,0.107988,0.124032,0.13975,0.155127,0.170154,0.184828,0.199149,0.213122,0.22675,0.24004,0.253001,0.26564,0.277965,0.289986,0.30171,0.313145,0.3243,0.335182,0.345797,0.356154,0.366258,0.376115,0.38573,0.395109,0.404255,0.413173,0.421865,0.430336,0.438587,0.446621,0.45444,0.462044,0.469434,0.476612,0.483576,0.490327,0.496863,0.503184,0.509288,0.515172,0.520835,0.526274,0.531485,0.536465,0.541211,0.545717,0.54998,0.553993,0.557753,0.561252,0.564485,0.567445,0.570125,0.572518,0.574615,0.576408,0.577888,0.579046,0.579873,0.580356,0.580486,0.58025,0.579636,0.578632,0.577222,0.575393,0.573128,0.570411,0.567224,0.563547,0.559359,0.554639,0.54936,0.543495,0.537016,0.529889,0.522077,0.513541,0.504234,0.494106,0.4831,0.471151,0.458187,0.444126,0.428878,0.41234,0.394399,0.374934,0.353813,0.330904,0.306078,0.279223,0.250264,0.219196,0.186124,0.151322,0.115307,0.0789311,0.0434606,0.0106347,-0.0173595,-0.0380557,-0.0492888,-0.0498447,-0.0403957,-0.0243594,-0.00811756,0
0,-0.00562369,-0.0187757,-0.0355338,-0.0525847,-0.0675796,-0.0791361,-0.0866558,-0.0900886,-0.0897197,-0.0860063,-0.0794671,-0.0706152,-0.0599209,-0.0477965,-0.0345913,-0.0205964,-0.00604706,0.00886436,0.0239775,0.0391734,0.0543588,0.0694616,0.0844264,0.0992111,0.113785,0.128124,0.142214,0.156042,0.169602,0.18289,0.195906,0.208648,0.221119,0.233323,0.245261,0.25694,0.268361,0.279531,0.290454,0.301133,0.311574,0.321779,0.331754,0.341501,0.351024,0.360326,0.369409,0.378275,0.386927,0.395366,0.403593,0.411609,0.419415,0.42701,0.434393,0.441566,0.448526,0.455272,0.461802,0.468115,0.474207,0.480076,0.485718,0.49113,0.496309,0.501249,0.505945,0.510394,0.514589,0.518524,0.522193,0.52559,0.528707,0.531536,0.534071,0.536301,0.538219,0.539815,0.541079,0.542001,0.542569,0.542771,0.542595,0.542028,0.541057,0.539666,0.537839,0.535561,0.532814,0.529579,0.525836,0.521562,0.516734,0.511327,0.505312,0.498659,0.491335,0.483302,0.474519,0.464941,0.454517,0.443191,0.430901,0.417577,0.403142,0.387512,0.370595,0.352293,0.332504,0.311125,0.288061,0.263234,0.236599,0.208168,0.178042,0.14645,0.113809,0.080777,0.0483167,0.0177364,-0.00931762,-0.0309171,-0.0452235,-0.050861,-0.0474879,-0.0364218,-0.0210656,-0.00678333,0
0,-0.0046118,-0.0157163,-0.0303645,-0.0459384,-0.0604395,-0.0725501,-0.0815539,-0.0871959,-0.0895366,-0.0888284,-0.085422,-0.0797029,-0.0720513,-0.0628198,-0.0523223,-0.0408312,-0.0285769,-0.0157542,-0.00252137,0.0109868,0.0246577,0.0384064,0.0521634,0.065874,0.0794942,0.0929899,0.106334,0.119507,0.132491,0.145277,0.157854,0.170218,0.182364,0.194289,0.205993,0.217476,0.228738,0.239779,0.250602,0.261208,0.271599,0.281776,0.291741,0.301496,0.311043,0.320383,0.329516,0.338445,0.347169,0.355689,0.364006,0.372119,0.380028,0.387732,0.395229,0.40252,0.409601,0.416471,0.423128,0.429569,0.43579,0.441789,0.447562,0.453104,0.458412,0.46348,0.468303,0.472876,0.477193,0.481247,0.485031,0.48854,0.491764,0.494696,0.497328,0.499651,0.501655,0.50333,0.504666,0.505652,0.506276,0.506527,0.506389,0.505852,0.504898,0.503515,0.501684,0.49939,0.496613,0.493335,0.489533,0.485187,0.480271,0.47476,0.468625,0.461834,0.454354,0.446149,0.437177,0.427393,0.416748,0.405189,0.392655,0.379082,0.364399,0.348532,0.331401,0.312925,0.293026,0.271632,0.248689,0.224171,0.198098,0.170564,0.141761,0.112024,0.081871,0.0520479,0.0235583,-0.00233175,-0.0241144,-0.0402445,-0.0494089,-0.0508565,-0.0448341,-0.0329756,-0.0184671,-0.00579015,0
0,-0.00383219,-0.0132743,-0.0260709,-0.040143,-0.053813,-0.0658828,-0.0756087,-0.0826227,-0.0868361,-0.0883486,-0.0873741,-0.0841853,-0.0790753,-0.0723327,-0.0642272,-0.0550027,-0.0448737,-0.0340264,-0.0226192,-0.0107873,0.00135791,0.0137174,0.0262107,0.0387743,0.0513556,0.0639115,0.076407,0.0888138,0.101109,0.113275,0.125295,0.13716,0.14886,0.160388,0.171737,0.182906,0.19389,0.204687,0.215295,0.225715,0.235944,0.245984,0.255832,0.26549,0.274957,0.284234,0.293319,0.302212,0.310914,0.319423,0.327738,0.335859,0.343784,0.351511,0.35904,0.366367,0.37349,0.380407,0.387115,0.393611,0.39989,0.405949,0.411784,0.417391,0.422764,0.427897,0.432787,0.437426,0.441808,0.445927,0.449775,0.453345,0.456628,0.459617,0.462303,0.464676,0.466727,0.468445,0.469819,0.470838,0.47149,0.471761,0.47164,0.47111,0.470158,0.468767,0.466922,0.464603,0.461793,0.458471,0.454617,0.450207,0.445216,0.439618,0.433385,0.426485,0.418885,0.410549,0.401436,0.391503,0.380704,0.368986,0.356295,0.342573,0.327756,0.311781,0.294584,0.276103,0.256285,0.235091,0.212507,0.188559,0.16333,0.136981,0.109786,0.0821559,0.0546774,0.0281346,0.00351707,-0.0179876,-0.0350906,-0.0466117,-0.0516739,-0.0499961,-0.0422006,-0.0300364,-0.016396,-0.00503209,0
0,-0.00321871,-0.0112987,-0.0224882,-0.0351251,-0.0478092,-0.0594789,-0.0694143,-0.0771952,-0.0826396,-0.0857392,-0.0866022,-0.0854075,-0.08237,-0.077717,-0.071672,-0.0644455,-0.0562297,-0.0471962,-0.037496,-0.0272605,-0.0166023,-0.00561825,0.00560969,0.0170063,0.0285134,0.0400818,0.0516709,0.0632464,0.0747798,0.0862475,0.09763,0.108911,0.120077,0.131117,0.142023,0.152786,0.1634,0.173861,0.184165,0.194307,0.204285,0.214097,0.223741,0.233215,0.242516,0.251644,0.260596,0.269372,0.277969,0.286387,0.294622,0.302673,0.310539,0.318216,0.325701,0.332994,0.340089,0.346984,0.353675,0.36016,0.366432,0.372489,0.378325,0.383935,0.389315,0.394458,0.399358,0.404009,0.408405,0.412537,0.4164,0.419984,0.423282,0.426284,0.428982,0.431366,0.433425,0.43515,0.436529,0.437549,0.438199,0.438466,0.438335,0.437792,0.436822,0.435409,0.433534,0.431182,0.428332,0.424964,0.421056,0.416587,0.411529,0.405859,0.399546,0.39256,0.384869,0.376437,0.367226,0.357194,0.346297,0.334488,0.321718,0.307935,0.293087,0.277121,0.25999,0.241653,0.222083,0.201274,0.179254,0.156093,0.131931,0.10699,0.081601,0.056232,0.0315039,0.00820265,-0.0127305,-0.0302208,-0.0432391,-0.0509099,-0.0527116,-0.0487034,-0.039732,-0.0275439,-0.0147264,-0.00444093,0
0,-0.00272737,-0.00968077,-0.0194813,-0.0307903,-0.0424407,-0.0535056,-0.0633147,-0.0714343,-0.0776293,-0.0818184,-0.0840315,-0.0843725,-0.0829904,-0.080057,-0.0757515,-0.0702502,-0.0637201,-0.0563147,-0.0481731,-0.0394189,-0.0301613,-0.0204953,-0.0105042,-0.000258513,0.0101774,0.020748,0.0314089,0.0421219,0.0528543,0.0635787,0.0742715,0.0849129,0.095486,0.105977,0.116372,0.126663,0.13684,0.146896,0.156824,0.166619,0.176275,0.185789,0.195157,0.204375,0.21344,0.222349,0.2311,0.239689,0.248115,0.256373,0.264461,0.272378,0.280118,0.28768,0.29506,0.302255,0.309261,0.316074,0.32269,0.329105,0.335313,0.341311,0.347093,0.352654,0.357988,0.363088,0.367949,0.372564,0.376925,0.381025,0.384857,0.388412,0.391682,0.394657,0.397328,0.399686,0.401719,0.403416,0.404767,0.405759,0.406379,0.406614,0.40645,0.405872,0.404865,0.403411,0.401495,0.399097,0.396198,0.392779,0.388817,0.384289,0.379172,0.373438,0.36706,0.360008,0.35225,0.343753,0.33448,0.324392,0.313449,0.30161,0.28883,0.275066,0.260277,0.244425,0.227477,0.209416,0.19024,0.169976,0.148688,0.126492,0.10357,0.0801953,0.0567423,0.0337095,0.0117273,-0.00844682,-0.0259212,-0.0398089,-0.049293,-0.0537617,-0.052973,-0.0472241,-0.0374833,-0.0254306,-0.013365,-0.00397132,0
0,-0.00232805,-0.00834159,-0.0169427,-0.027045,-0.0376749,-0.0480301,-0.0575007,-0.0656628,-0.0722558,-0.0771519,-0.0803249,-0.0818213,-0.0817359,-0.080193,-0.0773317,-0.0732955,-0.0682257,-0.0622564,-0.0555122,-0.0481067,-0.0401422,-0.0317099,-0.0228907,-0.0137552,-0.00436555,0.00522398,0.0149619,0.0248077,0.0347261,0.0446868,0.0546635,0.0646335,0.0745774,0.0844782,0.0943212,0.104094,0.113785,0.123385,0.132886,0.14228,0.15156,0.160721,0.169758,0.178665,0.187438,0.196073,0.204565,0.212912,0.221109,0.229152,0.237039,0.244765,0.252326,0.259719,0.26694,0.273985,0.280849,0.287528,0.294017,0.300312,0.306407,0.312297,0.317977,0.323441,0.328682,0.333695,0.338472,0.343006,0.34729,0.351317,0.355078,0.358564,0.361768,0.364679,0.367288,0.369584,0.371557,0.373196,0.374489,0.375424,0.375987,0.376166,0.375946,0.375312,0.374249,0.372739,0.370765,0.36831,0.365355,0.361878,0.357858,0.353273,0.348098,0.342309,0.335878,0.328776,0.320973,0.312437,0.303134,0.293029,0.282087,0.27027,0.257543,0.243871,0.229223,0.213576,0.196917,0.179247,0.160591,0.141006,0.12059,0.099495,0.0779442,0.0562436,0.034797,0.014115,-0.00518501,-0.0223669,-0.0366667,-0.0473493,-0.0537912,-0.0556007,-0.0527504,-0.0456983,-0.0354652,-0.0236335,-0.0122426,-0.00359219,0
0,-0.0019995,-0.00722287,-0.0147871,-0.0238044,-0.0334609,-0.043065,-0.0520701,-0.0600752,-0.0668122,-0.0721265,-0.0759532,-0.0782959,-0.0792067,-0.0787703,-0.0770906,-0.0742815,-0.0704596,-0.0657396,-0.0602308,-0.054035,-0.0472463,-0.0399499,-0.0322227,-0.0241329,-0.0157418,-0.00710341,0.00173525,0.0107291,0.0198401,0.0290363,0.0382895,0.0475753,0.056872,0.0661609,0.0754253,0.0846507,0.0938243,0.102935,0.111972,0.120927,0.129792,0.13856,0.147223,0.155777,0.164214,0.17253,0.180721,0.18878,0.196704,0.204488,0.212127,0.219618,0.226955,0.234134,0.241151,0.248001,0.254679,0.26118,0.267499,0.273631,0.27957,0.285311,0.290847,0.296173,0.301282,0.306166,0.31082,0.315236,0.319406,0.323322,0.326976,0.330359,0.333463,0.336276,0.33879,0.340995,0.342879,0.34443,0.345638,0.34649,0.346973,0.347072,0.346775,0.346065,0.344927,0.343345,0.341301,0.338778,0.335756,0.332215,0.328134,0.323491,0.318263,0.312424,0.305949,0.298811,0.290982,0.28243,0.273127,0.263041,0.252141,0.240395,0.227777,0.214261,0.199828,0.184469,0.168189,0.15101,0.132981,0.114186,0.0947534,0.0748666,0.0547775,0.0348166,0.0154017,-0.00296011,-0.0196583,-0.0340389,-0.0454506,-0.0532984,-0.0571284,-0.056729,-0.0522332,-0.0442025,-0.0336668,-0.0220979,-0.0113071,-0.00328164,0
0,-0.00172639,-0.00628089,-0.0129472,-0.0209952,-0.0297423,-0.038594,-0.0470647,-0.054783,-0.0614854,-0.0670033,-0.0712472,-0.0741896,-0.0758496,-0.0762797,-0.0755541,-0.0737606,-0.0709933,-0.0673481,-0.0629191,-0.0577962,-0.052064,-0.0458007,-0.0390777,-0.0319602,-0.0245067,-0.0167697,-0.0087962,-0.000627817,0.00769658,0.0161418,0.0246788,0.0332818,0.0419279,0.0505969,0.0592708,0.0679337,0.0765715,0.0851714,0.093722,0.102213,0.110636,0.118981,0.127241,0.135409,0.143479,0.151444,0.159298,0.167035,0.174651,0.18214,0.189496,0.196715,0.203792,0.210721,0.217497,0.224116,0.230572,0.236859,0.242972,0.248905,0.254652,0.260208,0.265565,0.270718,0.275659,0.280383,0.28488,0.289144,0.293167,0.296941,0.300457,0.303706,0.306678,0.309366,0.311757,0.313842,0.31561,0.317049,0.318148,0.318893,0.319273,0.319272,0.318878,0.318075,0.316847,0.315178,0.313052,0.310449,0.307352,0.303741,0.299596,0.294894,0.289614,0.283732,0.277223,0.270062,0.262222,0.253678,0.244401,0.234365,0.223544,0.211914,0.199456,0.186153,0.172001,0.157004,0.141182,0.12458,0.107268,0.0893546,0.0709928,0.0523912,0.0338227,0.0156321,-0.00176105,-0.0178473,-0.0320685,-0.043854,-0.0526548,-0.0580042,-0.059594,-0.0573566,-0.0515427,-0.0427759,-0.0320678,-0.020778,-0.0105195,-0.00302391,0
0,-0.00149741,-0.00548238,-0.0113694,-0.0185547,-0.026464,-0.0345863,-0.0424931,-0.0498449,-0.05639,-0.0619555,-0.0664369,-0.0697851,-0.0719944,-0.0730918,-0.073127,-0.0721652,-0.0702806,-0.0675519,-0.0640585,-0.0598787,-0.0550871,-0.0497544,-0.0439462,-0.0377231,-0.0311403,-0.0242482,-0.0170921,-0.00971303,-0.00214766,0.00557031,0.0134086,0.0213409,0.0293437,0.0373957,0.0454782,0.0535742,0.0616685,0.0697473,0.0777984,0.0858104,0.0937731,0.101677,0.109514,0.117276,0.124955,0.132544,0.140036,0.147426,0.154707,0.161874,0.168919,0.175839,0.182627,0.189277,0.195784,0.202142,0.208346,0.214389,0.220266,0.22597,0.231496,0.236837,0.241987,0.246938,0.251683,0.256216,0.260528,0.264613,0.268461,0.272065,0.275416,0.278504,0.281321,0.283857,0.286101,0.288043,0.289672,0.290976,0.291944,0.292563,0.29282,0.292702,0.292194,0.291281,0.289949,0.288181,0.285961,0.28327,0.280091,0.276405,0.272193,0.267432,0.262102,0.256182,0.249647,0.242474,0.234641,0.226123,0.216897,0.20694,0.196234,0.18476,0.172508,0.159472,0.145659,0.131088,0.115795,0.0998428,0.0833222,0.0663623,0.0491371,0.0318737,0.0148584,-0.00155918,-0.0169508,-0.0308407,-0.0427326,-0.0521297,-0.05858,-0.0617321,-0.0614,-0.0576298,-0.0507561,-0.0414356,-0.030645,-0.0196358,-0.00984966,-0.00280741,0
0,-0.00130406,-0.00480164,-0.0100111,-0.0164303,-0.0235748,-0.0310051,-0.0383444,-0.0452858,-0.0515927,-0.0570947,-0.0616792,-0.065283,-0.0678822,-0.069484,-0.0701182,-0.069831,-0.0686793,-0.0667262,-0.064038,-0.0606813,-0.0567214,-0.0522212,-0.04724,-0.0418334,-0.0360528,-0.0299456,-0.0235552,-0.0169208,-0.0100783,-0.00306017,0.00410424,0.0113856,0.0187601,0.0262061,0.0337043,0.0412371,0.0487886,0.0563443,0.0638912,0.0714173,0.0789115,0.0863638,0.0937649,0.101106,0.108379,0.115576,0.12269,0.129714,0.136641,0.143465,0.150179,0.156778,0.163255,0.169604,0.175818,0.181893,0.187822,0.193598,0.199215,0.204667,0.209948,0.21505,0.219968,0.224693,0.229218,0.233537,0.237641,0.241522,0.245173,0.248584,0.251747,0.254653,0.257292,0.259655,0.261731,0.26351,0.26498,0.266131,0.26695,0.267425,0.267543,0.267292,0.266655,0.265621,0.264172,0.262294,0.25997,0.257184,0.253918,0.250153,0.24587,0.241051,0.235675,0.229721,0.223169,0.215997,0.208185,0.199713,0.19056,0.180711,0.170151,0.158871,0.146868,0.134146,0.120725,0.106636,0.0919318,0.076691,0.0610225,0.0450725,0.0290313,0.0131384,-0.00231315,-0.0169604,-0.0303988,-0.0421976,-0.0519134,-0.0591227,-0.0634631,-0.0646842,-0.0627018,-0.0576501,-0.0499218,-0.0401858,-0.029375,-0.0186402,-0.0092744,-0.00262345,0
0,-0.00113982,-0.00421853,-0.00883769,-0.0145777,-0.0210285,-0.027812,-0.0345975,-0.0411092,-0.047128,-0.0524895,-0.0570788,-0.0608235,-0.0636871,-0.0656617,-0.0667612,-0.0670163,-0.0664688,-0.0651685,-0.0631694,-0.0605276,-0.0572994,-0.05354,-0.0493024,-0.044637,-0.039591,-0.0342084,-0.0285301,-0.0225935,-0.016433,-0.0100799,-0.00356281,0.00309226,0.00985895,0.0167156,0.0236426,0.030622,0.0376376,0.0446745,0.051719,0.0587587,0.065782,0.0727783,0.0797376,0.0866507,0.0935089,0.100304,0.107028,0.113674,0.120234,0.126701,0.13307,0.139332,0.145482,0.151513,0.157418,0.163192,0.168827,0.174318,0.179657,0.184839,0.189855,0.1947,0.199366,0.203846,0.208132,0.212218,0.216094,0.219753,0.223187,0.226387,0.229345,0.23205,0.234493,0.236665,0.238556,0.240155,0.24145,0.242432,0.243087,0.243404,0.243369,0.242971,0.242195,0.241027,0.239452,0.237455,0.235021,0.232133,0.228775,0.224928,0.220576,0.215699,0.21028,0.2043,0.197739,0.19058,0.182804,0.174395,0.165339,0.155623,0.14524,0.134188,0.122472,0.110108,0.0971251,0.0835683,0.0695046,0.0550267,0.0402586,0.0253607,0.010535,-0.00397219,-0.01785,-0.0307552,-0.0423144,-0.0521351,-0.0598285,-0.0650404,-0.0674904,-0.0670151,-0.0636138,-0.0574882,-0.049069,-0.0390235,-0.0282364,-0.0177654,-0.00877557,-0.00246543,0
0,-0.000999614,-0.00371704,-0.00782105,-0.0129596,-0.0187843,-0.0249696,-0.0312257,-0.0373058,-0.0430089,-0.0481792,-0.0527027,-0.0565024,-0.059533,-0.0617754,-0.0632312,-0.0639183,-0.063866,-0.0631125,-0.0617009,-0.0596778,-0.057091,-0.0539884,-0.0504169,-0.0464216,-0.0420454,-0.0373289,-0.03231,-0.0270238,-0.021503,-0.0157776,-0.00987514,-0.00382104,0.00236161,0.0086493,0.0150222,0.0214625,0.0279536,0.0344806,0.0410293,0.0475871,0.054142,0.060683,0.0671997,0.0736824,0.0801221,0.0865101,0.0928382,0.0990984,0.105283,0.111385,0.117398,0.123313,0.129125,0.134826,0.14041,0.14587,0.151199,0.156391,0.161439,0.166335,0.171073,0.175645,0.180045,0.184265,0.188297,0.192134,0.195768,0.19919,0.202392,0.205366,0.208102,0.210592,0.212825,0.214792,0.216484,0.217889,0.218997,0.219796,0.220275,0.220422,0.220225,0.21967,0.218744,0.217434,0.215725,0.213604,0.211054,0.20806,0.204607,0.200678,0.196256,0.191325,0.185868,0.179868,0.173308,0.166173,0.158449,0.150122,0.141183,0.131626,0.121448,0.110656,0.0992639,0.0872963,0.0747933,0.0618123,0.0484326,0.0347596,0.0209295,0.00711383,-0.00647863,-0.01958,-0.0318997,-0.0431141,-0.052877,-0.0608364,-0.0666572,-0.0700504,-0.0708085,-0.0688429,-0.0642203,-0.0571928,-0.0482147,-0.0379419,-0.0272096,-0.0169906,-0.00833886,-0.00232826,0
0,-0.000879433,-0.00328435,-0.00693816,-0.0115442,-0.016806,-0.0224426,-0.0282002,-0.0338585,-0.0392346,-0.0441824,-0.0485914,-0.0523828,-0.0555059,-0.0579334,-0.0596576,-0.0606859,-0.0610375,-0.0607403,-0.0598283,-0.0583393,-0.0563136,-0.0537922,-0.050816,-0.0474251,-0.0436581,-0.0395519,-0.0351415,-0.0304594,-0.0255364,-0.020401,-0.0150794,-0.00959606,-0.00397348,0.00176763,0.00760633,0.0135245,0.0195058,0.0255349,0.031598,0.037682,0.0437747,0.049865,0.0559421,0.0619961,0.0680176,0.0739975,0.0799275,0.0857992,0.0916048,0.0973367,0.102987,0.10855,0.114016,0.11938,0.124634,0.129771,0.134785,0.139668,0.144414,0.149014,0.153463,0.157752,0.161875,0.165824,0.16959,0.173167,0.176547,0.17972,0.182679,0.185414,0.187918,0.190181,0.192193,0.193945,0.195426,0.196627,0.197537,0.198144,0.198438,0.198406,0.198037,0.197318,0.196236,0.194777,0.19293,0.190679,0.18801,0.184909,0.18136,0.177349,0.17286,0.167879,0.162389,0.156377,0.149828,0.14273,0.135072,0.126846,0.118045,0.10867,0.0987259,0.0882246,0.0771889,0.0656533,0.0536676,0.0413002,0.0286413,0.0158068,0.00294261,-0.00976903,-0.0221015,-0.033806,-0.0446021,-0.0541856,-0.0622405,-0.0684558,-0.072548,-0.0742883,-0.0735336,-0.0702584,-0.0645835,-0.0567978,-0.0473681,-0.0369325,-0.0262774,-0.0162986,-0.00795291,-0.00220798,0
0,-0.00077607,-0.00291002,-0.00616995,-0.0103051,-0.0150622,-0.0201986,-0.0254918,-0.0307461,-0.0357953,-0.0405039,-0.0447664,-0.0485043,-0.0516638,-0.0542122,-0.0561345,-0.0574301,-0.0581096,-0.0581925,-0.0577048,-0.0566767,-0.0551414,-0.0531337,-0.050689,-0.0478425,-0.0446287,-0.0410808,-0.0372307,-0.0331086,-0.0287429,-0.0241604,-0.019386,-0.014443,-0.00935293,-0.00413594,0.00118938,0.00660433,0.0120923,0.0176382,0.0232281,0.0288489,0.0344885,0.0401354,0.0457788,0.0514086,0.0570152,0.0625894,0.0681223,0.0736056,0.0790312,0.0843911,0.0896777,0.0948835,0.100001,0.105023,0.109942,0.114752,0.119444,0.124012,0.128449,0.132747,0.136899,0.140897,0.144735,0.148404,0.151897,0.155206,0.158322,0.161238,0.163945,0.166434,0.168697,0.170724,0.172507,0.174035,0.175298,0.176287,0.176991,0.177399,0.177501,0.177284,0.176737,0.175848,0.174605,0.172995,0.171005,0.168622,0.165833,0.162624,0.158981,0.15489,0.150338,0.145311,0.139796,0.133781,0.127255,0.120207,0.112632,0.104523,0.0958826,0.0867137,0.0770283,0.0668463,0.0561979,0.0451266,0.0336913,0.0219697,0.0100624,-0.00190769,-0.0137778,-0.025359,-0.0364357,-0.046765,-0.05608,-0.0640988,-0.0705367,-0.0751232,-0.0776238,-0.0778642,-0.0757577,-0.0713315,-0.0647493,-0.0563263,-0.0465332,-0.0359865,-0.025425,-0.0156751,-0.00760862,-0.00210146,0
0,-0.000686937,-0.00258549,-0.00550054,-0.00921939,-0.0135252,-0.0182078,-0.0230725,-0.0279452,-0.0326757,-0.0371392,-0.0412359,-0.0448891,-0.048044,-0.0506641,-0.0527292,-0.0542322,-0.0551772,-0.0555765,-0.0554491,-0.0548186,-0.0537121,-0.0521587,-0.0501886,-0.0478325,-0.0451209,-0.0420834,-0.0387489,-0.0351451,-0.0312982,-0.027233,-0.0229731,-0.0185404,-0.0139555,-0.00923765,-0.00440486,0.000526105,0.00553851,0.010617,0.0157478,0.0209178,0.0261151,0.031328,0.0365458,0.0417583,0.0469556,0.0521285,0.057268,0.0623655,0.0674127,0.0724016,0.0773244,0.0821732,0.0869406,0.0916191,0.0962013,0.10068,0.105048,0.109297,0.113421,0.117412,0.121263,0.124966,0.128513,0.131897,0.135111,0.138146,0.140993,0.143646,0.146095,0.148332,0.150348,0.152134,0.153681,0.154979,0.156019,0.156791,0.157284,0.157489,0.157393,0.156987,0.156259,0.155198,0.153791,0.152027,0.149894,0.14738,0.144471,0.141155,0.137421,0.133254,0.128644,0.123579,0.118047,0.112039,0.105546,0.0985636,0.0910865,0.0831154,0.0746547,0.0657149,0.0563138,0.046478,0.0362455,0.0256678,0.0148122,0.00376442,-0.00736624,-0.0184377,-0.0292919,-0.0397417,-0.0495753,-0.0585589,-0.0664418,-0.072966,-0.0778785,-0.0809484,-0.0819865,-0.0808675,-0.0775538,-0.0721163,-0.0647521,-0.0557942,-0.0457109,-0.0350949,-0.0246397,-0.0151086,-0.00729863,-0.00200622,0
0,-0.000609909,-0.00230367,-0.00491658,-0.00826765,-0.0121707,-0.0164436,-0.0209156,-0.025432,-0.0298576,-0.0340777,-0.0379988,-0.0415473,-0.0446682,-0.047323,-0.0494878,-0.0511507,-0.0523102,-0.052973,-0.053152,-0.0528652,-0.0521342,-0.050983,-0.0494372,-0.0475232,-0.0452677,-0.042697,-0.039837,-0.0367129,-0.0333486,-0.0297672,-0.0259905,-0.0220391,-0.0179326,-0.0136893,-0.00932641,-0.00486013,-0.000305698,0.00432197,0.00900858,0.0137414,0.0185084,0.0232981,0.0280998,0.0329033,0.0376986,0.0424765,0.0472279,0.0519441,0.0566168,0.0612376,0.0657987,0.0702922,0.0747105,0.0790459,0.083291,0.0874383,0.0914804,0.0954098,0.0992193,0.102901,0.106448,0.109853,0.113107,0.116204,0.119135,0.121892,0.124468,0.126854,0.129041,0.131022,0.132788,0.134329,0.135637,0.136702,0.137515,0.138067,0.138347,0.138345,0.13805,0.137453,0.136542,0.135307,0.133737,0.131819,0.129544,0.126899,0.123873,0.120454,0.116632,0.112396,0.107735,0.102639,0.0970998,0.0911105,0.0846655,0.077762,0.0704003,0.0625849,0.0543252,0.0456371,0.0365445,0.0270808,0.0172905,0.00723309,-0.00301798,-0.0133619,-0.0236813,-0.0338381,-0.0436708,-0.0529949,-0.0616048,-0.0692783,-0.0757827,-0.0808847,-0.084363,-0.0860242,-0.0857208,-0.0833716,-0.0789808,-0.0726553,-0.0646178,-0.0552121,-0.0449003,-0.0342494,-0.0239104,-0.0145893,-0.007017,-0.00192026,0
0,-0.000543232,-0.00205867,-0.00440682,-0.00743321,-0.0109776,-0.014882,-0.0189962,-0.0231831,-0.0273209,-0.0313048,-0.0350478,-0.0384799,-0.0415468,-0.0442093,-0.0464408,-0.048226,-0.049559,-0.0504416,-0.0508819,-0.0508931,-0.0504919,-0.0496977,-0.048532,-0.0470172,-0.0451765,-0.0430331,-0.0406102,-0.0379302,-0.035015,-0.0318859,-0.0285629,-0.0250654,-0.0214117,-0.017619,-0.0137039,-0.00968185,-0.00556749,-0.00137471,0.00288318,0.00719276,0.0115423,0.0159204,0.0203166,0.0247204,0.0291223,0.0335127,0.0378828,0.0422236,0.0465268,0.050784,0.0549873,0.0591287,0.0632005,0.067195,0.0711046,0.0749218,0.0786391,0.0822491,0.0857442,0.089117,0.0923599,0.0954654,0.0984259,0.101234,0.103881,0.106359,0.108661,0.110779,0.112703,0.114427,0.11594,0.117235,0.118302,0.119133,0.119718,0.120048,0.120114,0.119905,0.119411,0.118623,0.11753,0.116122,0.114389,0.11232,0.109905,0.107133,0.103994,0.100477,0.0965743,0.0922748,0.0875706,0.0824541,0.0769189,0.0709607,0.0645771,0.0577687,0.0505399,0.0428992,0.0348612,0.0264471,0.0176862,0.00861902,-0.000705156,-0.010216,-0.0198274,-0.0294404,-0.0389339,-0.0481671,-0.056979,-0.0651892,-0.0726005,-0.0790041,-0.0841867,-0.08794,-0.0900735,-0.0904291,-0.0888977,-0.0854366,-0.0800858,-0.0729816,-0.0643656,-0.0545875,-0.0440994,-0.0334426,-0.0232278,-0.0141093,-0.00675888,-0.00184201,0
0,-0.000485453,-0.00184551,-0.00396166,-0.0067017,-0.00992742,-0.0135012,-0.0172913,-0.0211758,-0.0250452,-0.0288041,-0.0323717,-0.0356819,-0.0386823,-0.0413333,-0.0436068,-0.0454849,-0.0469584,-0.0480253,-0.0486896,-0.0489601,-0.0488495,-0.0483733,-0.0475491,-0.0463957,-0.0449332,-0.0431818,-0.0411618,-0.0388935,-0.0363967,-0.0336907,-0.0307939,-0.0277243,-0.024499,-0.0211342,-0.0176456,-0.0140478,-0.010355,-0.0065804,-0.00273686,0.00116369,0.00510889,0.00908754,0.0130891,0.0171036,0.0211212,0.0251326,0.0291289,0.0331012,0.0370412,0.0409404,0.0447909,0.0485847,0.052314,0.055971,0.0595482,0.0630379,0.0664327,0.0697251,0.0729075,0.0759724,0.0789124,0.0817197,0.0843868,0.0869061,0.0892697,0.0914698,0.0934984,0.0953476,0.0970092,0.0984749,0.0997362,0.100785,0.101612,0.102209,0.102566,0.102676,0.102528,0.102113,0.101421,0.100444,0.099171,0.0975929,0.0957002,0.0934832,0.0909324,0.0880384,0.0847921,0.0811847,0.0772078,0.072854,0.0681167,0.0629904,0.0574712,0.0515577,0.0452505,0.0385537,0.0314756,0.0240291,0.0162335,0.00811542,-0.000291633,-0.0089388,-0.0177643,-0.0266977,-0.0356496,-0.0445154,-0.053172,-0.0614782,-0.0692752,-0.0763884,-0.0826309,-0.0878086,-0.0917281,-0.0942062,-0.095082,-0.0942303,-0.0915767,-0.0871122,-0.0809073,-0.0731216,-0.0640105,-0.0539253,-0.0433058,-0.0326679,-0.0225842,-0.013662,-0.00652033,-0.00177015,0
0,-0.000435351,-0.00165998,-0.00357293,-0.0060607,-0.00900378,-0.0122822,-0.0157799,-0.0193888,-0.0230103,-0.0265577,-0.0299565,-0.0331444,-0.0360711,-0.0386976,-0.0409951,-0.0429437,-0.0445318,-0.0457541,-0.0466114,-0.0471089,-0.0472558,-0.047064,-0.0465476,-0.0457226,-0.0446057,-0.0432145,-0.041567,-0.039681,-0.0375744,-0.0352645,-0.0327683,-0.0301025,-0.0272826,-0.0243242,-0.0212417,-0.0180491,-0.0147599,-0.0113867,-0.00794193,-0.00443713,-0.000883525,0.00270794,0.00632636,0.00996191,0.013605,0.0172464,0.0208772,0.0244886,0.0280723,0.03162,0.0351235,0.0385751,0.0419667,0.0452908,0.0485396,0.0517056,0.0547813,0.0577592,0.0606317,0.0633913,0.0660306,0.0685419,0.0709177,0.0731504,0.0752322,0.0771554,0.0789122,0.0804947,0.0818947,0.0831043,0.0841152,0.0849191,0.0855076,0.0858722,0.0860043,0.0858951,0.0855358,0.0849175,0.0840313,0.0828681,0.0814188,0.0796747,0.0776272,0.0752674,0.0725869,0.0695775,0.0662312,0.0625407,0.0584992,0.054101,0.0493416,0.0442176,0.0387279,0.0328736,0.0266588,0.0200906,0.0131818,0.0059492,-0.00158409,-0.00938407,-0.0174075,-0.0256042,-0.0339091,-0.0422454,-0.0505205,-0.0586268,-0.0664402,-0.0738205,-0.080613,-0.0866506,-0.0917577,-0.095756,-0.0984726,-0.0997485,-0.099451,-0.0974853,-0.0938081,-0.0884401,-0.0814767,-0.0730964,-0.063564,-0.0532287,-0.042517,-0.0319193,-0.0219729,-0.013242,-0.00629811,-0.00170364,0
0,-0.000391893,-0.00149853,-0.0032336,-0.00549942,-0.00819235,-0.0112076,-0.0144429,-0.017802,-0.0211965,-0.0245476,-0.0277866,-0.0308552,-0.0337057,-0.0362998,-0.0386084,-0.0406108,-0.042293,-0.0436476,-0.0446725,-0.0453701,-0.0457464,-0.0458102,-0.0455727,-0.0450469,-0.044247,-0.043188,-0.0418854,-0.0403551,-0.0386129,-0.0366746,-0.0345555,-0.0322708,-0.0298351,-0.0272627,-0.0245671,-0.0217615,-0.0188587,-0.0158708,-0.0128095,-0.009686,-0.0065112,-0.00329557,-4.90299e-05,0.00321835,0.00649684,0.0097775,0.0130514,0.0163101,0.019545,0.0227481,0.0259112,0.0290266,0.0320862,0.0350826,0.038008,0.0408548,0.0436157,0.046283,0.0488494,0.0513072,0.0536492,0.0558677,0.0579552,0.0599042,0.0617071,0.0633563,0.0648439,0.0661623,0.0673035,0.0682597,0.0690229,0.069585,0.069938,0.0700734,0.0699832,0.0696589,0.0690922,0.0682747,0.0671979,0.0658535,0.0642329,0.0623285,0.0601322,0.0576364,0.0548335,0.0517165,0.0482789,0.0445147,0.0404189,0.0359875,0.0312182,0.02611,0.0206639,0.0148844,0.00877878,0.00235679,-0.00436442,-0.0113614,-0.018605,-0.0260593,-0.0336771,-0.0414024,-0.0491666,-0.0568886,-0.0644733,-0.0718114,-0.0787791,-0.0852389,-0.0910415,-0.0960285,-0.100037,-0.102904,-0.104479,-0.104624,-0.103235,-0.100244,-0.0956349,-0.0894549,-0.0818202,-0.0729234,-0.0630351,-0.0525003,-0.0417306,-0.031192,-0.0213884,-0.0128447,-0.00608957,-0.00164162,0
0,-0.000354209,-0.00135809,-0.00293763,-0.00500848,-0.00748055,-0.010262,-0.0132628,-0.016397,-0.0195852,-0.0227559,-0.0258459,-0.028801,-0.0315757,-0.0341333,-0.0364446,-0.0384883,-0.040249,-0.0417176,-0.0428896,-0.0437649,-0.0443468,-0.0446417,-0.044658,-0.0444062,-0.0438979,-0.043146,-0.0421639,-0.0409653,-0.0395643,-0.037975,-0.0362113,-0.034287,-0.0322155,-0.03001,-0.0276831,-0.0252474,-0.0227146,-0.0200964,-0.0174039,-0.0146479,-0.0118388,-0.00898658,-0.00610113,-0.00319193,-0.000268032,0.00266137,0.00558735,0.0085015,0.0113956,0.0142614,0.0170911,0.0198767,0.0226106,0.025285,0.0278925,0.0304254,0.0328764,0.0352379,0.0375026,0.039663,0.0417118,0.0436415,0.0454446,0.0471138,0.0486415,0.0500203,0.0512424,0.0523004,0.0531866,0.0538932,0.0544126,0.0547368,0.0548582,0.0547688,0.0544607,0.053926,0.0531568,0.0521452,0.0508833,0.0493635,0.0475782,0.0455202,0.0431826,0.0405587,0.0376419,0.0344265,0.0309075,0.0270804,0.0229418,0.0184895,0.0137236,0.00864567,0.00325842,-0.00243047,-0.00840971,-0.0146631,-0.0211718,-0.0279095,-0.0348424,-0.0419298,-0.049121,-0.0563555,-0.0635614,-0.0706546,-0.0775383,-0.084103,-0.0902263,-0.0957748,-0.100606,-0.10457,-0.107519,-0.109306,-0.109798,-0.108884,-0.106481,-0.102548,-0.0970941,-0.0901866,-0.0819597,-0.0726169,-0.0624312,-0.0517416,-0.0409445,-0.0304817,-0.0208261,-0.0124665,-0.00589252,-0.00158339,0
0,-0.000321556,-0.00123604,-0.00267977,-0.00457969,-0.00685725,-0.00943185,-0.0122238,-0.0151565,-0.0181588,-0.0211653,-0.0241183,-0.0269672,-0.0296692,-0.032189,-0.0344979,-0.0365742,-0.0384017,-0.0399698,-0.0412722,-0.0423066,-0.0430744,-0.0435794,-0.0438279,-0.043828,-0.0435893,-0.0431223,-0.0424386,-0.0415502,-0.0404693,-0.0392085,-0.0377802,-0.0361971,-0.0344713,-0.032615,-0.0306399,-0.0285577,-0.0263795,-0.0241162,-0.0217784,-0.0193765,-0.0169203,-0.0144195,-0.0118836,-0.00932185,-0.00674302,-0.00415599,-0.00156917,0.00100906,0.00357034,0.00610655,0.00860995,0.0110728,0.0134874,0.0158461,0.0181416,0.0203663,0.0225128,0.0245738,0.026542,0.0284099,0.0301703,0.0318158,0.0333392,0.0347332,0.0359902,0.037103,0.0380642,0.0388664,0.039502,0.0399637,0.0402439,0.0403353,0.0402301,0.039921,0.0394005,0.0386611,0.0376954,0.0364959,0.0350555,0.0333672,0.0314246,0.0292213,0.0267509,0.0240079,0.0209868,0.0176834,0.0140939,0.0102158,0.00604695,0.00158722,-0.0031613,-0.0081942,-0.0135038,-0.0190809,-0.0249117,-0.0309769,-0.0372532,-0.0437106,-0.050312,-0.0570123,-0.0637574,-0.0704834,-0.0771157,-0.0835683,-0.0897437,-0.0955331,-0.100817,-0.105467,-0.109347,-0.11232,-0.11425,-0.115007,-0.114479,-0.112573,-0.109232,-0.104437,-0.0982174,-0.0906605,-0.0819139,-0.0721887,-0.0617585,-0.0509543,-0.0401568,-0.0297848,-0.0202821,-0.0121042,-0.00570517,-0.00152838,0
0,-0.000293291,-0.00113012,-0.00245548,-0.00420588,-0.00631263,-0.00870478,-0.0113117,-0.014065,-0.0169006,-0.0197592,-0.0225876,-0.025339,-0.0279731,-0.030456,-0.03276,-0.0348632,-0.0367488,-0.0384051,-0.0398245,-0.041003,-0.0419399,-0.0426373,-0.0430994,-0.0433323,-0.0433436,-0.043142,-0.0427372,-0.0421394,-0.0413595,-0.0404084,-0.0392974,-0.0380377,-0.0366405,-0.0351168,-0.0334776,-0.0317336,-0.0298953,-0.0279729,-0.0259764,-0.0239156,-0.0218001,-0.0196391,-0.0174416,-0.0152166,-0.0129727,-0.0107184,-0.00846202,-0.00621168,-0.00397547,-0.00176112,0.000423515,0.0025707,0.00467285,0.00672244,0.00871217,0.0106347,0.0124827,0.0142489,0.015926,0.0175069,0.0189842,0.0203509,0.0215997,0.0227235,0.023715,0.024567,0.0252724,0.025824,0.0262144,0.0264366,0.0264832,0.0263473,0.0260215,0.0254988,0.0247722,0.0238347,0.0226794,0.0212994,0.0196882,0.0178396,0.0157481,0.013408,0.0108143,0.00796241,0.00484777,0.00146755,-0.00218054,-0.00609735,-0.0102823,-0.0147332,-0.0194464,-0.0244152,-0.0296295,-0.0350766,-0.0407397,-0.0465966,-0.0526202,-0.0587772,-0.065027,-0.0713211,-0.0776023,-0.0838042,-0.08985,-0.0956529,-0.101116,-0.106131,-0.110583,-0.11435,-0.117304,-0.119319,-0.120272,-0.120052,-0.118562,-0.115733,-0.111525,-0.105943,-0.099033,-0.0908989,-0.0816989,-0.0716494,-0.0610221,-0.0501394,-0.039366,-0.0290985,-0.0197534,-0.0117553,-0.00552608,-0.00147612,0
0,-0.000268871,-0.00103838,-0.00226081,-0.00388078,-0.00583801,-0.00806987,-0.0105136,-0.0131081,-0.0157954,-0.0185217,-0.0212382,-0.0239015,-0.0264737,-0.0289224,-0.0312209,-0.0333475,-0.0352851,-0.0370211,-0.0385468,-0.0398569,-0.0409491,-0.0418239,-0.0424836,-0.0429326,-0.0431768,-0.0432231,-0.0430797,-0.0427552,-0.042259,-0.0416006,-0.0407901,-0.0398375,-0.0387529,-0.0375464,-0.0362282,-0.0348079,-0.0332956,-0.0317007,-0.0300327,-0.0283008,-0.0265142,-0.0246816,-0.0228117,-0.0209132,-0.0189943,-0.0170633,-0.0151282,-0.013197,-0.0112776,-0.00937746,-0.00750439,-0.0056659,-0.00386938,-0.00212211,-0.000431477,0.00119528,0.00275093,0.00422836,0.00562039,0.00691995,0.00812001,0.00921351,0.0101934,0.0110527,0.0117843,0.0123813,0.0128366,0.0131433,0.0132945,0.0132832,0.0131025,0.0127457,0.0122059,0.0114764,0.0105508,0.00942248,0.00808527,0.00653295,0.00475957,0.00275964,0.000528491,-0.00193851,-0.00464538,-0.00759563,-0.0107915,-0.0142352,-0.0179274,-0.0218675,-0.0260528,-0.0304792,-0.0351405,-0.0400276,-0.0451282,-0.0504264,-0.0559024,-0.0615312,-0.0672824,-0.0731195,-0.0789987,-0.0848689,-0.0906703,-0.0963343,-0.101783,-0.10693,-0.111678,-0.115924,-0.119556,-0.122458,-0.124513,-0.125605,-0.125625,-0.124478,-0.122087,-0.118398,-0.113394,-0.107095,-0.0995654,-0.0909211,-0.0813288,-0.0710079,-0.0602268,-0.0492983,-0.038571,-0.0284204,-0.0192373,-0.0114179,-0.00535402,-0.00142621,0
0,-0.00024782,-0.000959112,-0.00209229,-0.00359884,-0.00542569,-0.00751736,-0.00981794,-0.0122726,-0.0148291,-0.0174383,-0.0200555,-0.0226403,-0.0251573,-0.0275757,-0.0298697,-0.0320179,-0.0340033,-0.0358125,-0.0374362,-0.0388678,-0.0401038,-0.0411431,-0.0419867,-0.0426373,-0.0430993,-0.0433782,-0.0434805,-0.0434136,-0.0431853,-0.0428041,-0.0422787,-0.0416181,-0.0408315,-0.0399278,-0.0389165,-0.0378065,-0.036607,-0.035327,-0.0339752,-0.0325604,-0.0310913,-0.0295762,-0.0280234,-0.0264413,-0.0248377,-0.0232206,-0.0215979,-0.0199773,-0.0183663,-0.0167725,-0.0152032,-0.013666,-0.0121679,-0.0107162,-0.00931812,-0.00798073,-0.0067111,-0.00551624,-0.00440308,-0.00337857,-0.00244967,-0.00162326,-0.000906219,-0.000305374,0.000172469,0.000520521,0.00073203,0.000800294,0.000718644,0.000480487,7.9266e-05,-0.000491474,-0.00123809,-0.00216681,-0.00328373,-0.00459476,-0.00610559,-0.00782154,-0.00974762,-0.0118889,-0.0142491,-0.0168316,-0.0196396,-0.0226752,-0.0259396,-0.0294332,-0.0331553,-0.0371034,-0.0412732,-0.0456585,-0.0502506,-0.0550382,-0.0600064,-0.0651367,-0.0704064,-0.0757877,-0.0812473,-0.0867458,-0.0922368,-0.0976668,-0.102974,-0.108089,-0.112933,-0.117419,-0.121455,-0.124938,-0.127763,-0.129822,-0.131006,-0.131212,-0.130345,-0.128324,-0.125088,-0.120604,-0.114869,-0.10792,-0.099837,-0.0907445,-0.0808162,-0.0702723,-0.0593768,-0.048432,-0.037771,-0.0277487,-0.0187318,-0.0110902,-0.00518802,-0.00137835,0
0,-0.000229729,-0.000890843,-0.0019469,-0.00335521,-0.00506884,-0.00703849,-0.0092142,-0.0115467,-0.0139885,-0.0164951,-0.0190252,-0.0215413,-0.0240104,-0.0264031,-0.0286947,-0.0308642,-0.0328947,-0.0347725,-0.0364875,-0.0380324,-0.0394025,-0.0405955,-0.0416111,-0.0424508,-0.0431174,-0.0436152,-0.0439492,-0.0441256,-0.0441511,-0.0440328,-0.0437784,-0.0433959,-0.0428934,-0.0422792,-0.0415617,-0.0407492,-0.0398501,-0.0388728,-0.0378255,-0.0367166,-0.035554,-0.0343458,-0.0331,-0.0318243,-0.0305266,-0.0292143,-0.0278951,-0.0265765,-0.0252657,-0.0239702,-0.0226971,-0.0214535,-0.0202466,-0.0190834,-0.017971,-0.0169161,-0.0159259,-0.015007,-0.0141662,-0.0134105,-0.0127464,-0.0121807,-0.0117202,-0.0113714,-0.0111408,-0.0110351,-0.0110608,-0.0112242,-0.0115317,-0.0119896,-0.012604,-0.013381,-0.0143266,-0.0154464,-0.016746,-0.0182309,-0.0199059,-0.0217757,-0.0238446,-0.0261164,-0.0285942,-0.0312804,-0.034177,-0.0372849,-0.040604,-0.0441332,-0.0478702,-0.0518107,-0.0559486,-0.0602756,-0.0647809,-0.0694508,-0.0742681,-0.0792117,-0.0842561,-0.0893711,-0.0945207,-0.0996629,-0.104749,-0.109725,-0.114526,-0.119082,-0.123315,-0.127141,-0.130467,-0.133198,-0.135233,-0.136472,-0.136816,-0.136174,-0.134464,-0.131621,-0.127598,-0.122379,-0.115977,-0.108443,-0.0998676,-0.0903848,-0.0801725,-0.0694501,-0.0584761,-0.0475421,-0.0369656,-0.0270819,-0.0182353,-0.0107708,-0.0050273,-0.00133229,0
0,-0.000214243,-0.000832276,-0.00182198,-0.00314559,-0.0047614,-0.00662546,-0.00869292,-0.0109194,-0.0132618,-0.0156793,-0.0181341,-0.0205912,-0.0230197,-0.0253919,-0.0276839,-0.0298755,-0.0319496,-0.0338927,-0.035694,-0.0373455,-0.0388417,-0.0401792,-0.0413567,-0.0423743,-0.0432338,-0.0439382,-0.0444914,-0.0448983,-0.0451645,-0.0452961,-0.0452997,-0.0451824,-0.0449513,-0.0446139,-0.0441778,-0.0436507,-0.0430402,-0.0423542,-0.0416003,-0.0407863,-0.0399198,-0.0390083,-0.0380594,-0.0370807,-0.0360794,-0.0350629,-0.0340385,-0.0330134,-0.0319947,-0.0309894,-0.0300046,-0.0290472,-0.0281241,-0.0272422,-0.0264082,-0.025629,-0.0249112,-0.0242615,-0.0236864,-0.0231927,-0.0227868,-0.0224752,-0.0222645,-0.0221609,-0.0221708,-0.0223005,-0.0225562,-0.022944,-0.0234699,-0.0241399,-0.0249596,-0.0259348,-0.0270708,-0.028373,-0.0298462,-0.0314953,-0.0333246,-0.035338,-0.0375389,-0.0399298,-0.0425132,-0.0452906,-0.0482627,-0.0514292,-0.0547887,-0.0583387,-0.062075,-0.0659918,-0.070081,-0.0743325,-0.0787333,-0.0832674,-0.0879153,-0.0926535,-0.0974543,-0.102285,-0.107107,-0.111877,-0.116544,-0.121051,-0.125336,-0.129326,-0.132946,-0.136112,-0.138736,-0.140727,-0.141991,-0.142436,-0.141973,-0.140523,-0.138016,-0.134401,-0.129648,-0.123753,-0.116744,-0.108685,-0.0996754,-0.0898563,-0.0794079,-0.068548,-0.0575285,-0.0466299,-0.0361545,-0.0264191,-0.0177465,-0.0104588,-0.0048712,-0.0012878,0
0,-0.000201047,-0.000782279,-0.00171519,-0.00296616,-0.00449798,-0.00627126,-0.00824562,-0.0103809,-0.0126378,-0.0149791,-0.0173697,-0.0197773,-0.0221726,-0.0245297,-0.0268255,-0.0290405,-0.0311579,-0.0331639,-0.0350475,-0.0368003,-0.0384158,-0.03989,-0.0412205,-0.0424064,-0.0434485,-0.0443486,-0.0451096,-0.0457353,-0.0462304,-0.0465999,-0.0468494,-0.0469852,-0.0470136,-0.0469412,-0.046775,-0.0465218,-0.0461887,-0.045783,-0.0453117,-0.0447822,-0.0442015,-0.0435768,-0.0429153,-0.042224,-0.0415101,-0.0407805,-0.0400423,-0.0393022,-0.0385673,-0.0378443,-0.03714,-0.0364611,-0.0358143,-0.0352063,-0.0346436,-0.0341328,-0.0336804,-0.0332929,-0.0329766,-0.0327379,-0.0325832,-0.0325188,-0.0325507,-0.0326852,-0.0329284,-0.0332861,-0.0337644,-0.0343689,-0.0351054,-0.0359793,-0.036996,-0.0381607,-0.0394783,-0.0409535,-0.0425907,-0.0443939,-0.0463668,-0.0485126,-0.050834,-0.0533324,-0.0560091,-0.0588647,-0.0618987,-0.0651097,-0.068495,-0.0720504,-0.0757701,-0.0796468,-0.0836704,-0.087829,-0.0921075,-0.0964877,-0.100948,-0.105463,-0.110002,-0.114531,-0.11901,-0.123392,-0.127627,-0.131656,-0.135416,-0.138836,-0.141842,-0.144352,-0.146283,-0.147549,-0.148063,-0.147741,-0.146506,-0.144287,-0.141029,-0.136693,-0.131264,-0.124751,-0.117194,-0.108666,-0.0992773,-0.0891721,-0.0785322,-0.0675724,-0.0565375,-0.0456969,-0.035338,-0.0257595,-0.0172644,-0.0101532,-0.00471923,-0.00124473,0
0,-0.000189873,-0.000739861,-0.00162445,-0.00281356,-0.00427378,-0.00596962,-0.00786459,-0.00992215,-0.0121065,-0.0143834,-0.0167204,-0.0190874,-0.0214569,-0.0238044,-0.0261078,-0.028348,-0.0305088,-0.0325763,-0.0345394,-0.036389,-0.0381183,-0.0397224,-0.0411981,-0.0425438,-0.0437592,-0.0448452,-0.0458037,-0.0466377,-0.0473507,-0.047947,-0.0484313,-0.0488091,-0.0490857,-0.0492672,-0.0493598,-0.0493696,-0.0493033,-0.0491673,-0.0489684,-0.0487131,-0.0484084,-0.0480608,-0.0476772,-0.0472642,-0.0468287,-0.0463772,-0.0459165,-0.0454532,-0.0449939,-0.0445452,-0.0441135,-0.0437054,-0.0433273,-0.0429857,-0.0426869,-0.0424372,-0.042243,-0.0421104,-0.0420457,-0.0420549,-0.0421442,-0.0423195,-0.0425868,-0.042952,-0.0434208,-0.0439989,-0.0446919,-0.0455051,-0.0464438,-0.0475132,-0.0487181,-0.0500632,-0.0515529,-0.0531914,-0.0549823,-0.0569292,-0.0590348,-0.0613016,-0.0637314,-0.0663248,-0.0690819,-0.0720024,-0.0750844,-0.0783254,-0.0817213,-0.0852665,-0.0889536,-0.0927735,-0.0967146,-0.100763,-0.104901,-0.10911,-0.113365,-0.11764,-0.121901,-0.126112,-0.130232,-0.134213,-0.138004,-0.141546,-0.144775,-0.147623,-0.150017,-0.151878,-0.153128,-0.153687,-0.153474,-0.152415,-0.150441,-0.147495,-0.143532,-0.138526,-0.132474,-0.125398,-0.117348,-0.108406,-0.0986888,-0.0883445,-0.0775543,-0.0665294,-0.0555069,-0.0447449,-0.0345163,-0.0251028,-0.0167883,-0.00985343,-0.00457095,-0.00120293,0
0,-0.000180486,-0.000704141,-0.00154796,-0.00268479,-0.00408449,-0.0057149,-0.00754289,-0.0095351,-0.0116587,-0.0138822,-0.0161754,-0.0185103,-0.0208611,-0.0232044,-0.0255191,-0.0277869,-0.0299918,-0.03212,-0.0341602,-0.0361031,-0.0379414,-0.0396696,-0.0412839,-0.0427817,-0.0441621,-0.0454251,-0.0465719,-0.0476043,-0.0485252,-0.049338,-0.0500467,-0.0506559,-0.0511703,-0.0515952,-0.051936,-0.0521985,-0.0523886,-0.0525123,-0.0525757,-0.052585,-0.0525466,-0.0524667,-0.0523517,-0.052208,-0.052042,-0.05186,-0.0516683,-0.0514734,-0.0512815,-0.051099,-0.050932,-0.0507869,-0.0506699,-0.050587,-0.0505446,-0.0505486,-0.050605,-0.05072,-0.0508993,-0.051149,-0.0514747,-0.0518823,-0.0523773,-0.0529654,-0.053652,-0.0544424,-0.0553418,-0.0563553,-0.0574876,-0.0587436,-0.0601274,-0.0616435,-0.0632955,-0.0650871,-0.0670214,-0.0691009,-0.0713279,-0.0737037,-0.0762297,-0.0789052,-0.0817295,-0.0847009,-0.0878167,-0.0910729,-0.0944641,-0.0979832,-0.101622,-0.105368,-0.10921,-0.113131,-0.117112,-0.121132,-0.125165,-0.129182,-0.133149,-0.137028,-0.140776,-0.144345,-0.147682,-0.15073,-0.153425,-0.155701,-0.157486,-0.158708,-0.159291,-0.159162,-0.158247,-0.156482,-0.153807,-0.150174,-0.145552,-0.139926,-0.133303,-0.125716,-0.117226,-0.107922,-0.0979246,-0.0873849,-0.0764828,-0.0654249,-0.0544403,-0.0437756,-0.03369,-0.0244487,-0.0163177,-0.00955894,-0.00442605,-0.00116229,0
0,-0.000172669,-0.000674352,-0.00148408,-0.0025772,-0.00392627,-0.00550205,-0.00727423,-0.00921227,-0.011286,-0.0134661,-0.0157247,-0.0180355,-0.0203743,-0.0227186,-0.0250486,-0.0273464,-0.0295962,-0.0317847,-0.0339003,-0.0359337,-0.037877,-0.0397242,-0.041471,-0.0431142,-0.0446522,-0.0460841,-0.0474104,-0.0486323,-0.0497518,-0.0507716,-0.0516949,-0.0525256,-0.0532678,-0.053926,-0.0545052,-0.0550104,-0.0554471,-0.0558206,-0.0561367,-0.0564011,-0.0566196,-0.0567982,-0.0569428,-0.0570594,-0.0571541,-0.0572329,-0.0573018,-0.0573669,-0.0574342,-0.0575098,-0.0575996,-0.0577096,-0.0578458,-0.058014,-0.0582202,-0.0584701,-0.0587697,-0.0591245,-0.0595403,-0.0600227,-0.0605771,-0.0612091,-0.061924,-0.0627269,-0.0636231,-0.0646174,-0.0657148,-0.0669197,-0.0682367,-0.0696698,-0.0712232,-0.0729003,-0.0747045,-0.0766386,-0.0787052,-0.0809061,-0.0832429,-0.0857161,-0.0883252,-0.0910694,-0.0939471,-0.0969554,-0.10009,-0.103347,-0.106718,-0.110195,-0.113769,-0.117425,-0.121151,-0.124928,-0.128735,-0.13255,-0.136345,-0.140088,-0.143747,-0.14728,-0.150644,-0.15379,-0.156667,-0.159216,-0.161376,-0.163082,-0.164266,-0.16486,-0.164792,-0.163996,-0.162408,-0.159968,-0.156628,-0.152351,-0.147116,-0.140917,-0.133774,-0.125729,-0.116849,-0.107231,-0.0969985,-0.0863042,-0.0753257,-0.0642645,-0.053341,-0.042791,-0.0328598,-0.0237972,-0.0158523,-0.00926939,-0.00428428,-0.00112272,0
0,-0.000166246,-0.000649802,-0.00143139,-0.00248839,-0.0037957,-0.0053265,-0.00705296,-0.00894696,-0.0109806,-0.0131266,-0.015359,-0.0176532,-0.0199861,-0.0223367,-0.0246856,-0.0270158,-0.0293119,-0.0315605,-0.0337503,-0.0358715,-0.0379163,-0.0398781,-0.0417521,-0.0435346,-0.0452233,-0.0468167,-0.0483147,-0.0497178,-0.0510271,-0.0522449,-0.0533736,-0.0544164,-0.0553769,-0.056259,-0.0570669,-0.0578053,-0.058479,-0.059093,-0.0596524,-0.0601625,-0.0606288,-0.0610568,-0.061452,-0.0618201,-0.0621669,-0.0624979,-0.0628189,-0.0631357,-0.0634539,-0.0637794,-0.0641179,-0.064475,-0.0648564,-0.0652678,-0.0657148,-0.066203,-0.0667377,-0.0673246,-0.067969,-0.0686761,-0.0694513,-0.0702996,-0.071226,-0.0722355,-0.0733327,-0.0745223,-0.0758087,-0.077196,-0.0786882,-0.0802891,-0.0820019,-0.0838299,-0.0857757,-0.0878415,-0.0900291,-0.0923397,-0.0947739,-0.0973316,-0.100011,-0.102811,-0.105728,-0.108759,-0.111899,-0.11514,-0.118476,-0.121896,-0.125388,-0.128939,-0.132532,-0.136148,-0.139766,-0.143359,-0.146901,-0.150357,-0.153693,-0.156869,-0.159839,-0.162555,-0.164965,-0.167013,-0.168639,-0.16978,-0.170373,-0.170351,-0.169652,-0.168213,-0.165978,-0.162898,-0.158931,-0.154052,-0.148248,-0.141525,-0.133911,-0.125456,-0.116234,-0.106348,-0.0959235,-0.0851128,-0.0740909,-0.0630535,-0.0522127,-0.041793,-0.0320267,-0.0231486,-0.015392,-0.0089845,-0.00414546,-0.00108417,0
0,-0.000161048,-0.000629886,-0.00138859,-0.00241624,-0.00368968,-0.00518415,-0.00687394,-0.00873301,-0.0107354,-0.0128558,-0.0150697,-0.0173541,-0.0196871,-0.0220485,-0.0244201,-0.0267851,-0.0291285,-0.0314374,-0.0337003,-0.0359074,-0.0380505,-0.040123,-0.0421193,-0.0440355,-0.0458687,-0.0476168,-0.0492791,-0.0508555,-0.0523466,-0.0537538,-0.0550792,-0.0563253,-0.057495,-0.0585918,-0.0596193,-0.0605817,-0.0614832,-0.0623283,-0.0631219,-0.0638687,-0.0645737,-0.0652421,-0.0658792,-0.06649,-0.0670801,-0.0676548,-0.0682194,-0.0687795,-0.0693404,-0.0699077,-0.0704866,-0.0710827,-0.0717013,-0.0723479,-0.0730276,-0.0737459,-0.0745078,-0.0753187,-0.0761835,-0.0771072,-0.0780948,-0.0791511,-0.0802806,-0.0814879,-0.0827774,-0.0841533,-0.0856195,-0.0871798,-0.0888376,-0.0905962,-0.0924584,-0.0944268,-0.0965032,-0.0986895,-0.100986,-0.103395,-0.105914,-0.108543,-0.11128,-0.114122,-0.117065,-0.120105,-0.123234,-0.126446,-0.12973,-0.133077,-0.136473,-0.139902,-0.143346,-0.146787,-0.150199,-0.153557,-0.15683,-0.159987,-0.162989,-0.165796,-0.168364,-0.170644,-0.172585,-0.174132,-0.175226,-0.17581,-0.175821,-0.175201,-0.17389,-0.171834,-0.168983,-0.165295,-0.160741,-0.155301,-0.148973,-0.141773,-0.133735,-0.124917,-0.1154,-0.105289,-0.0947121,-0.0838205,-0.0727858,-0.0617974,-0.0510588,-0.0407837,-0.0311915,-0.0225031,-0.0149366,-0.00870413,-0.00400944,-0.00104655,0
0,-0.00015693,-0.000614062,-0.00135454,-0.00235885,-0.00360544,-0.00507129,-0.00673252,-0.00856484,-0.010544,-0.0126464,-0.0148489,-0.0171297,-0.0194681,-0.0218449,-0.0242424,-0.0266445,-0.0290366,-0.0314059,-0.033741,-0.0360321,-0.0382709,-0.0404503,-0.0425646,-0.0446093,-0.0465811,-0.0484776,-0.0502973,-0.0520396,-0.0537048,-0.0552935,-0.0568073,-0.0582481,-0.0596184,-0.060921,-0.0621593,-0.0633366,-0.064457,-0.0655243,-0.0665431,-0.0675176,-0.0684525,-0.0693526,-0.0702226,-0.0710675,-0.0718923,-0.0727021,-0.0735019,-0.0742968,-0.075092,-0.0758926,-0.0767038,-0.0775306,-0.0783782,-0.0792517,-0.080156,-0.0810961,-0.0820771,-0.0831036,-0.0841805,-0.0853124,-0.0865039,-0.0877594,-0.0890832,-0.0904795,-0.0919522,-0.0935051,-0.0951417,-0.0968652,-0.0986787,-0.100585,-0.102586,-0.104684,-0.10688,-0.109175,-0.11157,-0.114063,-0.116655,-0.119343,-0.122124,-0.124994,-0.127949,-0.130983,-0.134087,-0.137254,-0.140473,-0.143731,-0.147015,-0.150307,-0.153588,-0.156837,-0.16003,-0.163138,-0.166131,-0.168976,-0.171634,-0.174064,-0.176224,-0.178064,-0.179534,-0.180581,-0.181151,-0.181186,-0.18063,-0.179428,-0.177528,-0.174881,-0.171445,-0.167186,-0.162082,-0.156123,-0.149316,-0.141682,-0.133266,-0.124131,-0.114363,-0.104068,-0.0933761,-0.0824369,-0.0714176,-0.0605012,-0.0498827,-0.039765,-0.0303554,-0.0218612,-0.0144862,-0.00842817,-0.00387612,-0.00100985,0
0,-0.000153761,-0.000601842,-0.00132822,-0.00231451,-0.00354048,-0.00498459,-0.00662447,-0.00843737,-0.0104006,-0.0124917,-0.0146891,-0.016972,-0.0193207,-0.0217168,-0.0241434,-0.0265847,-0.0290267,-0.0314566,-0.0338632,-0.0362367,-0.0385685,-0.0408514,-0.0430796,-0.0452481,-0.0473531,-0.0493919,-0.0513625,-0.0532639,-0.0550957,-0.0568582,-0.0585525,-0.0601799,-0.0617424,-0.0632424,-0.0646827,-0.0660664,-0.0673968,-0.0686776,-0.0699127,-0.0711062,-0.0722622,-0.0733851,-0.0744794,-0.0755497,-0.0766006,-0.0776369,-0.0786632,-0.0796845,-0.0807055,-0.0817311,-0.0827661,-0.0838153,-0.0848835,-0.0859755,-0.0870959,-0.0882496,-0.089441,-0.0906746,-0.091955,-0.0932864,-0.094673,-0.0961189,-0.0976281,-0.0992041,-0.100851,-0.102571,-0.104368,-0.106245,-0.108204,-0.110247,-0.112376,-0.114592,-0.116897,-0.119289,-0.121769,-0.124336,-0.126988,-0.129722,-0.132533,-0.135418,-0.138371,-0.141384,-0.144449,-0.147556,-0.150695,-0.15385,-0.157006,-0.160146,-0.16325,-0.166294,-0.169253,-0.1721,-0.174801,-0.177324,-0.179629,-0.181677,-0.183423,-0.184821,-0.185821,-0.186374,-0.186425,-0.185924,-0.184816,-0.183053,-0.180587,-0.177377,-0.173388,-0.168593,-0.162978,-0.156542,-0.149298,-0.141276,-0.132527,-0.123118,-0.113138,-0.102699,-0.0919271,-0.0809709,-0.0699931,-0.05917,-0.0486878,-0.0387392,-0.0295195,-0.0212233,-0.014041,-0.00815657,-0.00374544,-0.000974024,0
0,-0.000151426,-0.000592796,-0.00130871,-0.00228167,-0.00349255,-0.004921,-0.00654595,-0.00834596,-0.0102996,-0.0123856,-0.0145836,-0.0168737,-0.0192371,-0.0216562,-0.0241146,-0.0265971,-0.0290899,-0.0315806,-0.0340579,-0.0365121,-0.0389346,-0.041318,-0.0436561,-0.0459438,-0.0481769,-0.0503523,-0.0524676,-0.0545214,-0.0565129,-0.0584419,-0.060309,-0.0621151,-0.0638617,-0.0655509,-0.0671848,-0.0687663,-0.0702982,-0.0717839,-0.0732267,-0.0746304,-0.0759987,-0.0773358,-0.0786458,-0.0799327,-0.0812011,-0.0824553,-0.0836996,-0.0849387,-0.086177,-0.087419,-0.0886692,-0.0899322,-0.0912125,-0.0925144,-0.0938425,-0.0952009,-0.0965941,-0.0980262,-0.0995012,-0.101023,-0.102596,-0.104223,-0.105908,-0.107654,-0.109465,-0.111343,-0.113291,-0.115311,-0.117405,-0.119574,-0.12182,-0.124143,-0.126544,-0.129022,-0.131576,-0.134203,-0.136902,-0.139668,-0.142497,-0.145383,-0.148319,-0.151298,-0.15431,-0.157344,-0.160386,-0.163424,-0.166439,-0.169414,-0.172326,-0.175153,-0.177867,-0.18044,-0.18284,-0.185031,-0.186977,-0.188637,-0.189968,-0.190924,-0.191458,-0.191521,-0.191065,-0.19004,-0.188399,-0.186096,-0.18309,-0.179346,-0.174836,-0.169541,-0.163455,-0.156582,-0.148943,-0.140576,-0.131535,-0.121894,-0.111743,-0.101195,-0.0903759,-0.0794314,-0.0685192,-0.0578086,-0.0474775,-0.0377083,-0.028685,-0.0205901,-0.0136012,-0.00788935,-0.00361735,-0.000939046,0
0,-0.000149824,-0.00058654,-0.00129519,-0.00225896,-0.0034596,-0.00487777,-0.00649348,-0.00828637,-0.0102361,-0.0123225,-0.0145261,-0.0168279,-0.01921,-0.0216553,-0.0241479,-0.0266733,-0.0292178,-0.0317692,-0.0343165,-0.0368499,-0.0393608,-0.0418416,-0.0442859,-0.0466885,-0.0490447,-0.0513513,-0.0536055,-0.0558053,-0.0579497,-0.0600381,-0.0620706,-0.0640477,-0.0659707,-0.0678409,-0.0696603,-0.0714313,-0.0731563,-0.0748382,-0.0764802,-0.0780855,-0.0796576,-0.0812002,-0.0827171,-0.0842121,-0.0856893,-0.0871526,-0.0886063,-0.0900545,-0.0915013,-0.0929511,-0.094408,-0.0958761,-0.0973597,-0.0988629,-0.10039,-0.101944,-0.10353,-0.105152,-0.106812,-0.108516,-0.110265,-0.112064,-0.113916,-0.115823,-0.117788,-0.119813,-0.121901,-0.124053,-0.126271,-0.128556,-0.130908,-0.133327,-0.135813,-0.138364,-0.140979,-0.143654,-0.146387,-0.149173,-0.152005,-0.154879,-0.157785,-0.160716,-0.16366,-0.166606,-0.16954,-0.172447,-0.175308,-0.178103,-0.180812,-0.183409,-0.185867,-0.188157,-0.190246,-0.1921,-0.193682,-0.194951,-0.195866,-0.196382,-0.196455,-0.196038,-0.195086,-0.193554,-0.191397,-0.188577,-0.185057,-0.18081,-0.175813,-0.170054,-0.163534,-0.156265,-0.148273,-0.139602,-0.130311,-0.120476,-0.110192,-0.0995684,-0.0887332,-0.0778267,-0.0670021,-0.0564218,-0.046255,-0.0366744,-0.0278532,-0.0199621,-0.0131669,-0.00762657,-0.00349183,-0.0009049,0
0,-0.000148864,-0.00058272,-0.0012869,-0.00224511,-0.00343978,-0.00485241,-0.00646386,-0.00825474,-0.0102056,-0.0122972,-0.0145108,-0.0168283,-0.0192325,-0.0217067,-0.0242358,-0.0268054,-0.0294022,-0.0320143,-0.0346308,-0.0372418,-0.0398388,-0.042414,-0.0449611,-0.0474743,-0.049949,-0.0523815,-0.0547687,-0.0571085,-0.0593992,-0.0616401,-0.0638309,-0.0659716,-0.0680631,-0.0701066,-0.0721034,-0.0740557,-0.0759655,-0.0778353,-0.0796679,-0.0814663,-0.0832336,-0.0849731,-0.0866882,-0.0883826,-0.0900598,-0.0917237,-0.093378,-0.0950265,-0.0966732,-0.0983219,-0.0999766,-0.101641,-0.103319,-0.105014,-0.106731,-0.108473,-0.110242,-0.112044,-0.113881,-0.115756,-0.117673,-0.119634,-0.121642,-0.1237,-0.125809,-0.127972,-0.13019,-0.132464,-0.134795,-0.137184,-0.13963,-0.142133,-0.144692,-0.147304,-0.149968,-0.152679,-0.155433,-0.158225,-0.161048,-0.163896,-0.166759,-0.169628,-0.172492,-0.175337,-0.178148,-0.18091,-0.183604,-0.186209,-0.188703,-0.191059,-0.193252,-0.19525,-0.197023,-0.198534,-0.199748,-0.200626,-0.201126,-0.201207,-0.200826,-0.199939,-0.198505,-0.196482,-0.193831,-0.190518,-0.186513,-0.181792,-0.176342,-0.170156,-0.163241,-0.155615,-0.14731,-0.138375,-0.128873,-0.118882,-0.108498,-0.0978324,-0.0870089,-0.0761649,-0.0654481,-0.055014,-0.0450234,-0.0356395,-0.0270251,-0.0193399,-0.0127385,-0.00736826,-0.00336887,-0.000871575,0
0,-0.000148463,-0.000581025,-0.00128317,-0.00223899,-0.00343142,-0.00484262,-0.0064542,-0.0082475,-0.0102039,-0.0123048,-0.0145324,-0.0168691,-0.0192982,-0.0218038,-0.0243711,-0.026986,-0.0296357,-0.0323082,-0.0349928,-0.0376799,-0.0403607,-0.0430275,-0.0456737,-0.0482935,-0.050882,-0.0534353,-0.05595,-0.0584237,-0.0608545,-0.0632412,-0.0655832,-0.0678803,-0.0701329,-0.0723418,-0.0745082,-0.0766337,-0.07872,-0.0807695,-0.0827844,-0.0847674,-0.0867212,-0.088649,-0.0905537,-0.0924387,-0.0943073,-0.0961629,-0.0980089,-0.099849,-0.101687,-0.103525,-0.105369,-0.107221,-0.109084,-0.110963,-0.11286,-0.114779,-0.116723,-0.118696,-0.120699,-0.122737,-0.124811,-0.126925,-0.12908,-0.131278,-0.133521,-0.13581,-0.138147,-0.140532,-0.142965,-0.145447,-0.147976,-0.150552,-0.153171,-0.155833,-0.158533,-0.161267,-0.164029,-0.166815,-0.169616,-0.172425,-0.175232,-0.178026,-0.180796,-0.183527,-0.186204,-0.188809,-0.191325,-0.193728,-0.195996,-0.198103,-0.200022,-0.201722,-0.203172,-0.204338,-0.205183,-0.205669,-0.205759,-0.20541,-0.204584,-0.203241,-0.20134,-0.198845,-0.195722,-0.191942,-0.187479,-0.182318,-0.176448,-0.169871,-0.162598,-0.154654,-0.146075,-0.136914,-0.127238,-0.117127,-0.106677,-0.0959983,-0.0852129,-0.0744538,-0.0638633,-0.0535898,-0.0437859,-0.0346058,-0.0262022,-0.0187244,-0.0123162,-0.00711454,-0.00324847,-0.000839059,0
0,-0.000148545,-0.000581168,-0.0012834,-0.00223955,-0.00343299,-0.00484635,-0.00646184,-0.00826143,-0.0102271,-0.012341,-0.0145858,-0.0169447,-0.0194013,-0.0219403,-0.0245472,-0.0272082,-0.0299109,-0.0326434,-0.0353952,-0.0381565,-0.0409188,-0.0436743,-0.0464161,-0.0491385,-0.0518364,-0.0545055,-0.0571423,-0.059744,-0.0623087,-0.0648346,-0.0673209,-0.0697672,-0.0721736,-0.0745403,-0.0768685,-0.0791592,-0.0814141,-0.0836349,-0.0858237,-0.0879828,-0.0901147,-0.0922221,-0.0943078,-0.0963747,-0.0984258,-0.100464,-0.102493,-0.104516,-0.106535,-0.108555,-0.110578,-0.112608,-0.114648,-0.1167,-0.118769,-0.120856,-0.122965,-0.125099,-0.12726,-0.12945,-0.131672,-0.133928,-0.136219,-0.138547,-0.140913,-0.143318,-0.145764,-0.148248,-0.150773,-0.153336,-0.155936,-0.158572,-0.161241,-0.163939,-0.166663,-0.169407,-0.172166,-0.174932,-0.177699,-0.180456,-0.183194,-0.185901,-0.188565,-0.19117,-0.193701,-0.196139,-0.198464,-0.200656,-0.202689,-0.204539,-0.206178,-0.207575,-0.208699,-0.209517,-0.209994,-0.210092,-0.209776,-0.209007,-0.207747,-0.20596,-0.203609,-0.200663,-0.197092,-0.192871,-0.187981,-0.18241,-0.176155,-0.169222,-0.161629,-0.153404,-0.144589,-0.135239,-0.125424,-0.115226,-0.104741,-0.0940775,-0.0833544,-0.0727009,-0.0622532,-0.0521532,-0.0425455,-0.0335751,-0.0253855,-0.018116,-0.0119004,-0.00686551,-0.00313067,-0.000807347,0
0,-0.000149042,-0.000582887,-0.00128702,-0.00224588,-0.0034431,-0.0048617,-0.00648435,-0.00829352,-0.0102717,-0.0124017,-0.0146666,-0.0170501,-0.0195362,-0.0221102,-0.0247577,-0.0274655,-0.0302211,-0.033013,-0.0358307,-0.0386645,-0.041506,-0.0443471,-0.0471812,-0.0500022,-0.0528049,-0.0555848,-0.0583384,-0.0610625,-0.0637548,-0.0664136,-0.0690375,-0.071626,-0.0741788,-0.076696,-0.0791782,-0.0816263,-0.0840416,-0.0864255,-0.0887799,-0.0911068,-0.0934083,-0.0956867,-0.0979446,-0.100185,-0.102409,-0.104622,-0.106825,-0.109021,-0.111213,-0.113405,-0.115598,-0.117797,-0.120004,-0.122221,-0.124451,-0.126697,-0.128961,-0.131246,-0.133554,-0.135887,-0.138246,-0.140634,-0.143051,-0.145499,-0.147977,-0.150488,-0.15303,-0.155604,-0.158208,-0.160841,-0.163501,-0.166185,-0.168891,-0.171614,-0.17435,-0.177092,-0.179835,-0.18257,-0.185289,-0.187982,-0.190639,-0.193247,-0.195793,-0.198261,-0.200634,-0.202895,-0.205021,-0.206992,-0.208784,-0.21037,-0.211723,-0.212813,-0.21361,-0.21408,-0.214191,-0.213906,-0.213192,-0.212011,-0.21033,-0.208115,-0.205334,-0.201959,-0.197963,-0.193329,-0.18804,-0.182092,-0.175486,-0.168233,-0.160355,-0.151886,-0.142871,-0.133368,-0.123448,-0.113195,-0.102704,-0.0920808,-0.0814424,-0.0709131,-0.0606235,-0.0507085,-0.0413049,-0.0325494,-0.0245762,-0.0175154,-0.0114913,-0.00662128,-0.00301546,-0.000776436,0
0,-0.000149891,-0.00058595,-0.00129353,-0.0022571,-0.00346047,-0.00488694,-0.0065195,-0.00834106,-0.0103346,-0.0124832,-0.0147705,-0.0171805,-0.0196979,-0.0223081,-0.024997,-0.0277517,-0.0305599,-0.0334104,-0.0362926,-0.0391971,-0.0421151,-0.045039,-0.0479619,-0.0508775,-0.0537806,-0.0566665,-0.0595315,-0.0623723,-0.0651863,-0.0679715,-0.0707265,-0.0734503,-0.0761423,-0.0788024,-0.0814311,-0.0840288,-0.0865965,-0.0891355,-0.0916473,-0.0941335,-0.0965959,-0.0990368,-0.101458,-0.103863,-0.106252,-0.108629,-0.110997,-0.113358,-0.115714,-0.118068,-0.120423,-0.122781,-0.125145,-0.127517,-0.129899,-0.132294,-0.134704,-0.13713,-0.139575,-0.14204,-0.144527,-0.147036,-0.149568,-0.152124,-0.154705,-0.15731,-0.159938,-0.162589,-0.165261,-0.167953,-0.170661,-0.173382,-0.176113,-0.178849,-0.181584,-0.184313,-0.187027,-0.189719,-0.192379,-0.194997,-0.197561,-0.200059,-0.202476,-0.204796,-0.207002,-0.209076,-0.210995,-0.212738,-0.214281,-0.215598,-0.216662,-0.217444,-0.217913,-0.218038,-0.217786,-0.217125,-0.21602,-0.214441,-0.212353,-0.209727,-0.206536,-0.202753,-0.198359,-0.193339,-0.187683,-0.18139,-0.174466,-0.166928,-0.158801,-0.150123,-0.140942,-0.131319,-0.121327,-0.111048,-0.100577,-0.0900185,-0.0794854,-0.0690973,-0.0589792,-0.0492594,-0.040067,-0.0315305,-0.0237755,-0.0169233,-0.0110892,-0.00638195,-0.00290289,-0.000746324,0
0,-0.000151035,-0.000590142,-0.00130247,-0.00227245,-0.00348396,-0.00492048,-0.00656527,-0.00840154,-0.0104126,-0.012582,-0.0148936,-0.0173318,-0.0198816,-0.0225288,-0.0252595,-0.0280611,-0.0309214,-0.0338294,-0.0367746,-0.0397476,-0.0427398,-0.0457434,-0.0487514,-0.0517577,-0.0547567,-0.0577439,-0.0607151,-0.063667,-0.0665967,-0.0695021,-0.0723815,-0.0752337,-0.0780579,-0.0808537,-0.0836212,-0.0863608,-0.0890731,-0.091759,-0.0944199,-0.097057,-0.099672,-0.102267,-0.104843,-0.107403,-0.109948,-0.112481,-0.115005,-0.117521,-0.120031,-0.122538,-0.125045,-0.127553,-0.130064,-0.132581,-0.135106,-0.13764,-0.140185,-0.142743,-0.145315,-0.147902,-0.150505,-0.153125,-0.155762,-0.158416,-0.161088,-0.163776,-0.166479,-0.169196,-0.171925,-0.174663,-0.177408,-0.180154,-0.182899,-0.185636,-0.18836,-0.191062,-0.193736,-0.196373,-0.198962,-0.201494,-0.203955,-0.206332,-0.20861,-0.210773,-0.212803,-0.214681,-0.216386,-0.217895,-0.219185,-0.22023,-0.221002,-0.221475,-0.221617,-0.2214,-0.220792,-0.219762,-0.218279,-0.216313,-0.213835,-0.210817,-0.207235,-0.20307,-0.198304,-0.192926,-0.186933,-0.180327,-0.173118,-0.165329,-0.156987,-0.148134,-0.138821,-0.12911,-0.119075,-0.108798,-0.0983726,-0.0879007,-0.0774915,-0.06726,-0.0573255,-0.0478096,-0.0388343,-0.0305201,-0.0229845,-0.0163403,-0.0106946,-0.00614765,-0.00279297,-0.000717008,0
0,-0.000152421,-0.000595267,-0.00131343,-0.00229121,-0.0035125,-0.00496088,-0.00661978,-0.00847265,-0.010503,-0.0126948,-0.0150322,-0.0174998,-0.020083,-0.0227676,-0.0255402,-0.0283883,-0.0313,-0.0342642,-0.0372706,-0.04031,-0.0433737,-0.0464538,-0.0495435,-0.0526364,-0.055727,-0.0588105,-0.0618828,-0.0649402,-0.0679798,-0.0709992,-0.0739965,-0.0769703,-0.0799196,-0.0828438,-0.0857427,-0.0886165,-0.0914654,-0.0942903,-0.097092,-0.0998718,-0.102631,-0.105371,-0.108093,-0.110799,-0.113492,-0.116172,-0.118842,-0.121504,-0.124159,-0.12681,-0.129459,-0.132107,-0.134756,-0.137409,-0.140066,-0.142729,-0.145399,-0.148078,-0.150766,-0.153465,-0.156174,-0.158894,-0.161626,-0.164367,-0.167119,-0.169879,-0.172646,-0.175418,-0.178192,-0.180966,-0.183735,-0.186495,-0.189242,-0.191968,-0.194668,-0.197334,-0.199957,-0.202527,-0.205036,-0.20747,-0.209817,-0.212063,-0.214193,-0.216191,-0.218037,-0.219713,-0.221198,-0.222468,-0.223501,-0.224271,-0.224752,-0.224916,-0.224736,-0.224182,-0.223225,-0.221836,-0.219986,-0.217648,-0.214796,-0.211406,-0.207457,-0.202933,-0.197821,-0.192115,-0.185815,-0.178927,-0.171467,-0.163459,-0.154935,-0.14594,-0.136527,-0.126758,-0.116708,-0.106459,-0.096102,-0.0857368,-0.0754684,-0.0654073,-0.055667,-0.0463627,-0.0376092,-0.0295198,-0.0222041,-0.0157669,-0.0103075,-0.00591847,-0.00268571,-0.000688487,0
0,-0.000154007,-0.00060115,-0.00132601,-0.00231273,-0.00354512,-0.0050068,-0.00668132,-0.00855227,-0.0106034,-0.0128189,-0.015183,-0.0176808,-0.0202978,-0.02302,-0.0258344,-0.0287284,-0.0316904,-0.0347093,-0.0377752,-0.0408785,-0.0440109,-0.0471644,-0.0503321,-0.0535076,-0.0566854,-0.0598604,-0.0630285,-0.0661859,-0.0693295,-0.0724568,-0.0755656,-0.0786543,-0.0817218,-0.0847672,-0.0877901,-0.0907903,-0.0937681,-0.0967239,-0.0996583,-0.102572,-0.105467,-0.108343,-0.111203,-0.114047,-0.116877,-0.119695,-0.122503,-0.125301,-0.128092,-0.130877,-0.133659,-0.136437,-0.139215,-0.141993,-0.144772,-0.147554,-0.150339,-0.153129,-0.155923,-0.158723,-0.161528,-0.164338,-0.167152,-0.16997,-0.17279,-0.175611,-0.178431,-0.181246,-0.184055,-0.186853,-0.189636,-0.192398,-0.195135,-0.19784,-0.200506,-0.203123,-0.205684,-0.208178,-0.210595,-0.212922,-0.215146,-0.217253,-0.219227,-0.221051,-0.222707,-0.224175,-0.225434,-0.226462,-0.227236,-0.227731,-0.227921,-0.22778,-0.227282,-0.226397,-0.225101,-0.223364,-0.221161,-0.218467,-0.215259,-0.211517,-0.207224,-0.202366,-0.196936,-0.19093,-0.184352,-0.177214,-0.169535,-0.16134,-0.152667,-0.143561,-0.134077,-0.124279,-0.11424,-0.104043,-0.0937761,-0.0835358,-0.0734236,-0.063545,-0.0540082,-0.0449219,-0.0363943,-0.0285313,-0.0214353,-0.0152038,-0.00992835,-0.00569452,-0.00258116,-0.000660756,0
0,-0.000155748,-0.000607629,-0.00133988,-0.00233641,-0.00358094,-0.00505704,-0.00674831,-0.00863846,-0.0107114,-0.0129514,-0.015343,-0.0178714,-0.0205224,-0.0232821,-0.0261377,-0.0290767,-0.0320877,-0.0351598,-0.0382829,-0.0414478,-0.044646,-0.0478696,-0.0511116,-0.0543656,-0.057626,-0.0608878,-0.0641466,-0.0673985,-0.0706403,-0.0738693,-0.0770832,-0.0802802,-0.0834589,-0.0866183,-0.0897578,-0.092877,-0.0959758,-0.0990546,-0.102114,-0.105154,-0.108175,-0.11118,-0.114168,-0.117141,-0.1201,-0.123047,-0.125982,-0.128908,-0.131825,-0.134735,-0.137639,-0.140539,-0.143434,-0.146328,-0.149219,-0.15211,-0.155,-0.15789,-0.16078,-0.16367,-0.16656,-0.169449,-0.172335,-0.175219,-0.178097,-0.180968,-0.183829,-0.186677,-0.189509,-0.19232,-0.195105,-0.197859,-0.200576,-0.203248,-0.205869,-0.208428,-0.210916,-0.213324,-0.21564,-0.21785,-0.219943,-0.221902,-0.223713,-0.225357,-0.226817,-0.228072,-0.229103,-0.229887,-0.230401,-0.230621,-0.230523,-0.230081,-0.22927,-0.228064,-0.226437,-0.224365,-0.221824,-0.218791,-0.215247,-0.211175,-0.20656,-0.201394,-0.195672,-0.189396,-0.182571,-0.175213,-0.167345,-0.158995,-0.150203,-0.141015,-0.131489,-0.121688,-0.111686,-0.101563,-0.0914049,-0.0813062,-0.0713639,-0.0616787,-0.0523532,-0.0434902,-0.0351915,-0.027556,-0.0206791,-0.0146513,-0.00955732,-0.00547589,-0.00247932,-0.000633816,0
0,-0.000157606,-0.000614554,-0.0013547,-0.00236171,-0.00361913,-0.00511046,-0.00681931,-0.00872942,-0.0108248,-0.0130898,-0.0155093,-0.0180684,-0.0207532,-0.02355,-0.0264459,-0.0294289,-0.0324874,-0.0356108,-0.038789,-0.0420128,-0.0452737,-0.048564,-0.0518766,-0.055205,-0.0585437,-0.0618873,-0.0652316,-0.0685726,-0.0719068,-0.0752314,-0.078544,-0.0818426,-0.0851257,-0.0883921,-0.0916408,-0.0948715,-0.0980836,-0.101277,-0.104453,-0.107611,-0.110751,-0.113875,-0.116983,-0.120076,-0.123155,-0.126221,-0.129276,-0.132319,-0.135353,-0.138378,-0.141396,-0.144406,-0.14741,-0.150409,-0.153402,-0.156392,-0.159376,-0.162356,-0.165331,-0.168301,-0.171265,-0.174222,-0.177171,-0.180108,-0.183034,-0.185944,-0.188836,-0.191705,-0.194549,-0.197362,-0.200139,-0.202874,-0.20556,-0.20819,-0.210754,-0.213245,-0.215652,-0.217964,-0.22017,-0.222256,-0.224209,-0.226014,-0.227655,-0.229114,-0.230373,-0.231412,-0.232212,-0.23275,-0.233005,-0.232953,-0.232571,-0.231834,-0.230718,-0.229199,-0.227255,-0.224861,-0.221997,-0.218643,-0.214783,-0.210403,-0.205491,-0.200043,-0.194057,-0.187537,-0.180495,-0.172947,-0.16492,-0.156444,-0.147562,-0.138322,-0.12878,-0.119002,-0.109058,-0.099029,-0.0889983,-0.0790561,-0.0692958,-0.0598134,-0.050706,-0.0420707,-0.0340029,-0.0265951,-0.0199362,-0.0141099,-0.00919465,-0.00526265,-0.00238021,-0.000607665,0
0,-0.000159545,-0.000621784,-0.00137019,-0.00238813,-0.00365895,-0.00516606,-0.00689299,-0.00882352,-0.0109417,-0.013232,-0.0156792,-0.0182689,-0.020987,-0.0238201,-0.0267554,-0.0297809,-0.0328853,-0.0360579,-0.0392887,-0.0425687,-0.0458893,-0.0492428,-0.0526221,-0.0560208,-0.0594331,-0.0628539,-0.0662785,-0.069703,-0.0731239,-0.0765381,-0.0799432,-0.0833369,-0.0867175,-0.0900837,-0.0934345,-0.0967691,-0.100087,-0.103388,-0.106672,-0.109939,-0.11319,-0.116424,-0.119643,-0.122848,-0.126038,-0.129214,-0.132379,-0.135531,-0.138672,-0.141803,-0.144923,-0.148035,-0.151138,-0.154232,-0.157317,-0.160395,-0.163463,-0.166523,-0.169573,-0.172613,-0.17564,-0.178655,-0.181654,-0.184636,-0.187597,-0.190536,-0.193447,-0.196328,-0.199174,-0.201978,-0.204736,-0.207442,-0.210086,-0.212663,-0.215163,-0.217575,-0.219891,-0.222099,-0.224187,-0.226141,-0.227948,-0.229593,-0.231058,-0.232328,-0.233383,-0.234204,-0.234772,-0.235066,-0.235063,-0.234743,-0.234081,-0.233055,-0.231644,-0.229824,-0.227574,-0.224873,-0.221703,-0.218048,-0.213892,-0.209226,-0.204042,-0.198337,-0.192113,-0.185379,-0.178147,-0.170439,-0.162282,-0.15371,-0.144765,-0.135499,-0.125966,-0.116233,-0.10637,-0.0964531,-0.0865655,-0.0767931,-0.0672255,-0.0579539,-0.0490702,-0.0406659,-0.0328303,-0.02565,-0.0192074,-0.0135802,-0.00884052,-0.00505488,-0.00228384,-0.000582299,0
0,-0.00016153,-0.000629202,-0.00138607,-0.0024152,-0.00369972,-0.00522288,-0.00696813,-0.00891923,-0.0110602,-0.0133757,-0.0158505,-0.0184702,-0.0212209,-0.0240892,-0.0270627,-0.0301291,-0.0332775,-0.036497,-0.039778,-0.0431113,-0.0464883,-0.0499015,-0.0533436,-0.0568083,-0.0602898,-0.0637828,-0.0672826,-0.0707852,-0.074287,-0.0777848,-0.081276,-0.0847583,-0.0882297,-0.0916889,-0.0951344,-0.0985655,-0.101981,-0.105382,-0.108766,-0.112135,-0.115487,-0.118824,-0.122146,-0.125452,-0.128745,-0.132023,-0.135287,-0.138539,-0.141778,-0.145004,-0.148219,-0.151422,-0.154613,-0.157793,-0.16096,-0.164116,-0.167259,-0.170388,-0.173502,-0.176601,-0.179681,-0.182743,-0.185782,-0.188797,-0.191785,-0.194741,-0.197662,-0.200543,-0.20338,-0.206166,-0.208895,-0.211561,-0.214155,-0.216669,-0.219094,-0.221421,-0.223638,-0.225734,-0.227696,-0.229512,-0.231167,-0.232645,-0.233931,-0.235008,-0.235857,-0.23646,-0.236796,-0.236847,-0.23659,-0.236005,-0.235071,-0.233765,-0.232068,-0.229958,-0.227416,-0.224425,-0.220967,-0.217029,-0.212599,-0.20767,-0.202238,-0.196301,-0.189867,-0.182945,-0.175553,-0.167712,-0.159452,-0.150811,-0.141831,-0.132562,-0.123063,-0.113396,-0.103632,-0.0938452,-0.084115,-0.0745244,-0.0651587,-0.0561047,-0.0474492,-0.0392783,-0.0316756,-0.0247218,-0.0184934,-0.0130623,-0.00849511,-0.00485264,-0.00219022,-0.000557713,0
0,-0.000163533,-0.00063669,-0.00140211,-0.00244252,-0.00374081,-0.00528006,-0.00704363,-0.00901518,-0.0111788,-0.013519,-0.0160208,-0.0186698,-0.0214521,-0.0243545,-0.0273644,-0.0304701,-0.0336603,-0.0369245,-0.0402529,-0.0436364,-0.0470666,-0.0505357,-0.0540368,-0.0575632,-0.0611092,-0.0646696,-0.0682395,-0.0718147,-0.0753917,-0.0789672,-0.0825383,-0.0861026,-0.0896582,-0.0932033,-0.0967365,-0.100257,-0.103763,-0.107255,-0.110732,-0.114194,-0.11764,-0.121071,-0.124486,-0.127887,-0.131272,-0.134643,-0.137999,-0.14134,-0.144667,-0.14798,-0.151279,-0.154564,-0.157834,-0.161089,-0.164329,-0.167552,-0.170759,-0.173947,-0.177116,-0.180263,-0.183387,-0.186484,-0.189554,-0.192592,-0.195595,-0.198558,-0.201479,-0.20435,-0.207168,-0.209926,-0.212616,-0.215233,-0.217767,-0.22021,-0.222553,-0.224785,-0.226895,-0.228872,-0.230703,-0.232374,-0.233872,-0.23518,-0.236284,-0.237166,-0.237807,-0.238191,-0.238298,-0.238108,-0.237602,-0.236759,-0.235559,-0.233983,-0.23201,-0.229624,-0.226805,-0.223539,-0.219812,-0.215611,-0.210929,-0.205761,-0.200104,-0.193962,-0.187343,-0.180261,-0.172734,-0.164787,-0.156452,-0.147767,-0.138776,-0.129529,-0.120085,-0.110504,-0.100857,-0.091215,-0.081655,-0.0722565,-0.0631007,-0.0542699,-0.0458462,-0.0379102,-0.0305402,-0.0238114,-0.0177948,-0.0125568,-0.00815856,-0.00465596,-0.00209935,-0.000533904,0
0,-0.000165526,-0.000644144,-0.00141807,-0.0024697,-0.00378166,-0.00533683,-0.00711845,-0.00911011,-0.0112958,-0.0136602,-0.0161881,-0.0188653,-0.021678,-0.024613,-0.0276578,-0.0308007,-0.0340305,-0.0373367,-0.0407097,-0.0441403,-0.0476202,-0.0511417,-0.0546976,-0.0582815,-0.0618875,-0.0655103,-0.0691451,-0.0727876,-0.0764341,-0.0800813,-0.0837261,-0.0873662,-0.0909992,-0.0946234,-0.0982372,-0.101839,-0.105429,-0.109005,-0.112566,-0.116113,-0.119645,-0.123161,-0.126662,-0.130148,-0.133618,-0.137072,-0.14051,-0.143932,-0.147338,-0.150728,-0.154102,-0.157459,-0.160798,-0.164119,-0.16742,-0.170702,-0.173962,-0.1772,-0.180412,-0.183598,-0.186754,-0.189879,-0.192968,-0.196019,-0.199027,-0.201988,-0.204898,-0.20775,-0.210539,-0.213259,-0.215902,-0.21846,-0.220926,-0.22329,-0.225542,-0.227672,-0.229668,-0.23152,-0.233214,-0.234736,-0.236073,-0.237208,-0.238127,-0.238813,-0.239248,-0.239414,-0.239293,-0.238867,-0.238116,-0.237022,-0.235566,-0.233729,-0.231495,-0.228845,-0.225765,-0.222242,-0.218264,-0.213821,-0.208908,-0.203523,-0.197666,-0.191343,-0.184566,-0.177349,-0.169714,-0.161687,-0.153302,-0.144598,-0.135618,-0.126415,-0.117045,-0.10757,-0.0980549,-0.0885716,-0.0791931,-0.0699956,-0.0610564,-0.0524535,-0.0442639,-0.0365635,-0.0294255,-0.0229197,-0.0171121,-0.0120637,-0.00783098,-0.00446487,-0.00201123,-0.000510863,0
0,-0.000167484,-0.00065147,-0.00143375,-0.00249639,-0.00382173,-0.00539247,-0.00719167,-0.00920285,-0.01141,-0.0137976,-0.0163506,-0.0190548,-0.0218964,-0.0248623,-0.0279401,-0.031118,-0.034385,-0.0377306,-0.0411452,-0.0446197,-0.0481458,-0.0517158,-0.0553225,-0.0589595,-0.0626208,-0.0663012,-0.0699958,-0.0737002,-0.0774106,-0.0811235,-0.084836,-0.0885454,-0.0922493,-0.0959458,-0.0996332,-0.10331,-0.106975,-0.110627,-0.114266,-0.11789,-0.121499,-0.125093,-0.128671,-0.132233,-0.135778,-0.139307,-0.142819,-0.146313,-0.149789,-0.153247,-0.156685,-0.160105,-0.163503,-0.16688,-0.170234,-0.173564,-0.176868,-0.180145,-0.183392,-0.186606,-0.189785,-0.192926,-0.196025,-0.199079,-0.202082,-0.205032,-0.207921,-0.210744,-0.213496,-0.216168,-0.218755,-0.221247,-0.223637,-0.225913,-0.228068,-0.230089,-0.231966,-0.233687,-0.235239,-0.236609,-0.237781,-0.238741,-0.239474,-0.239964,-0.240192,-0.240144,-0.239799,-0.239142,-0.238154,-0.236817,-0.235114,-0.233028,-0.230543,-0.227645,-0.224321,-0.220558,-0.216347,-0.211683,-0.206561,-0.200982,-0.194949,-0.188471,-0.181559,-0.174233,-0.166515,-0.158433,-0.150021,-0.14132,-0.132375,-0.123235,-0.113958,-0.104604,-0.095236,-0.0859233,-0.0767363,-0.0677475,-0.0590304,-0.0506587,-0.042705,-0.0352403,-0.0283328,-0.0220477,-0.0164457,-0.0115834,-0.00751247,-0.00427941,-0.00192584,-0.000488586,0
0,-0.000169385,-0.000658582,-0.00144897,-0.00252227,-0.00386056,-0.00544631,-0.00726245,-0.00929237,-0.01152,-0.0139297,-0.0165066,-0.0192364,-0.0221052,-0.0251002,-0.0282088,-0.0314194,-0.034721,-0.0381031,-0.0415563,-0.0450714,-0.0486401,-0.0522547,-0.0559081,-0.0595939,-0.063306,-0.0670391,-0.0707882,-0.0745492,-0.0783178,-0.0820907,-0.0858648,-0.0896372,-0.0934055,-0.0971676,-0.100922,-0.104666,-0.108399,-0.11212,-0.115828,-0.119522,-0.123201,-0.126864,-0.13051,-0.13414,-0.137753,-0.141347,-0.144924,-0.14848,-0.152017,-0.155534,-0.159029,-0.162501,-0.165949,-0.169373,-0.17277,-0.176139,-0.179477,-0.182783,-0.186054,-0.189287,-0.192479,-0.195627,-0.198727,-0.201774,-0.204764,-0.207691,-0.210551,-0.213337,-0.216042,-0.218659,-0.221181,-0.2236,-0.225905,-0.228088,-0.230138,-0.232045,-0.233798,-0.235383,-0.23679,-0.238003,-0.239009,-0.239793,-0.24034,-0.240634,-0.240659,-0.240398,-0.239835,-0.238953,-0.237734,-0.236163,-0.234224,-0.231901,-0.229181,-0.226049,-0.222496,-0.218512,-0.214089,-0.209224,-0.203915,-0.198164,-0.191979,-0.185368,-0.178347,-0.170935,-0.163157,-0.155043,-0.146628,-0.137952,-0.129061,-0.120004,-0.110836,-0.101617,-0.0924095,-0.0832782,-0.0742911,-0.0655174,-0.0570269,-0.0488889,-0.0411718,-0.033942,-0.0272633,-0.0211958,-0.0157961,-0.0111161,-0.0072031,-0.00409956,-0.00184319,-0.000467064,0
0,-0.000171208,-0.000665402,-0.00146356,-0.00254706,-0.00389771,-0.00549778,-0.00733001,-0.00937769,-0.0116246,-0.0140552,-0.0166546,-0.0194082,-0.0223025,-0.0253245,-0.0284617,-0.0317025,-0.035036,-0.0384518,-0.0419403,-0.0454925,-0.0491002,-0.0527556,-0.0564515,-0.0601816,-0.0639398,-0.0677208,-0.0715195,-0.0753315,-0.0791529,-0.08298,-0.0868096,-0.0906388,-0.0944651,-0.0982862,-0.1021,-0.105905,-0.1097,-0.113482,-0.117252,-0.121007,-0.124747,-0.128472,-0.132179,-0.135869,-0.13954,-0.143192,-0.146824,-0.150435,-0.154023,-0.157589,-0.161131,-0.164647,-0.168137,-0.171597,-0.175028,-0.178426,-0.181789,-0.185115,-0.188401,-0.191643,-0.194839,-0.197985,-0.201075,-0.204107,-0.207074,-0.209971,-0.212793,-0.215532,-0.218183,-0.220737,-0.223187,-0.225524,-0.227739,-0.229822,-0.231762,-0.23355,-0.235173,-0.23662,-0.237877,-0.238932,-0.239771,-0.240378,-0.24074,-0.240841,-0.240665,-0.240197,-0.239421,-0.23832,-0.23688,-0.235085,-0.232921,-0.230374,-0.227431,-0.224083,-0.220318,-0.21613,-0.211514,-0.206469,-0.200994,-0.195095,-0.188779,-0.182059,-0.174951,-0.167477,-0.159663,-0.151539,-0.143141,-0.13451,-0.125691,-0.116733,-0.107691,-0.0986208,-0.0895841,-0.0806435,-0.0718636,-0.0633102,-0.0550495,-0.0471468,-0.0396664,-0.0326702,-0.0262178,-0.0203649,-0.0151636,-0.0106619,-0.00690289,-0.00392533,-0.00176325,-0.000446291,0
0,-0.000172935,-0.000671858,-0.00147736,-0.0025705,-0.0039328,-0.00554633,-0.00739366,-0.00945795,-0.0117229,-0.014173,-0.016793,-0.0195688,-0.0224866,-0.0255333,-0.0286967,-0.0319652,-0.0353278,-0.0387741,-0.0422948,-0.0458807,-0.0495235,-0.0532157,-0.05695,-0.0607201,-0.0645197,-0.0683437,-0.0721869,-0.0760448,-0.0799134,-0.0837889,-0.0876681,-0.091548,-0.095426,-0.0992995,-0.103167,-0.107025,-0.110874,-0.114711,-0.118535,-0.122344,-0.126138,-0.129916,-0.133676,-0.137417,-0.141139,-0.14484,-0.148519,-0.152175,-0.155807,-0.159414,-0.162993,-0.166545,-0.170066,-0.173555,-0.177009,-0.180427,-0.183806,-0.187143,-0.190435,-0.193678,-0.196868,-0.200002,-0.203075,-0.206082,-0.209018,-0.211876,-0.214652,-0.217337,-0.219926,-0.22241,-0.224781,-0.22703,-0.229148,-0.231125,-0.232951,-0.234615,-0.236105,-0.23741,-0.238517,-0.239412,-0.240083,-0.240514,-0.240693,-0.240603,-0.240231,-0.23956,-0.238577,-0.237267,-0.235614,-0.233606,-0.231228,-0.22847,-0.225321,-0.22177,-0.217811,-0.213438,-0.208649,-0.203443,-0.197824,-0.191797,-0.185373,-0.178566,-0.171395,-0.16388,-0.156051,-0.147938,-0.139577,-0.131009,-0.122279,-0.113436,-0.104533,-0.0956237,-0.086768,-0.0780259,-0.0694592,-0.0611303,-0.0531017,-0.0454351,-0.0381906,-0.0314262,-0.0251972,-0.0195552,-0.0145485,-0.0102208,-0.00661188,-0.00375669,-0.00168599,-0.000426252,0
0,-0.000174549,-0.000677891,-0.00149024,-0.00259234,-0.00396547,-0.00559148,-0.00745277,-0.00953238,-0.0118139,-0.0142818,-0.0169208,-0.0197167,-0.0226558,-0.025725,-0.0289121,-0.0322055,-0.0355942,-0.039068,-0.0426174,-0.0462334,-0.0499078,-0.0536327,-0.0574013,-0.0612068,-0.0650434,-0.0689055,-0.072788,-0.0766866,-0.0805969,-0.0845153,-0.0884383,-0.0923628,-0.0962861,-0.100206,-0.104119,-0.108025,-0.111921,-0.115805,-0.119676,-0.123532,-0.127373,-0.131196,-0.135,-0.138785,-0.142549,-0.146291,-0.150009,-0.153702,-0.157369,-0.161008,-0.164617,-0.168194,-0.171738,-0.175247,-0.178717,-0.182146,-0.185532,-0.18887,-0.192159,-0.195394,-0.19857,-0.201684,-0.204731,-0.207705,-0.210601,-0.213413,-0.216135,-0.218759,-0.221278,-0.223685,-0.22597,-0.228126,-0.230142,-0.232009,-0.233716,-0.235252,-0.236607,-0.237768,-0.238723,-0.239458,-0.239962,-0.240219,-0.240216,-0.23994,-0.239376,-0.238509,-0.237327,-0.235814,-0.233959,-0.231749,-0.229171,-0.226216,-0.222874,-0.219138,-0.215002,-0.210462,-0.205519,-0.200173,-0.194429,-0.188297,-0.181786,-0.174914,-0.167699,-0.160165,-0.15234,-0.144257,-0.135952,-0.127464,-0.11884,-0.110125,-0.101372,-0.0926346,-0.0839684,-0.0754316,-0.0670829,-0.0589816,-0.0511866,-0.0437561,-0.0367462,-0.0302111,-0.0242021,-0.0187673,-0.0139508,-0.00979305,-0.00633003,-0.00359361,-0.0016114,-0.000406939,0
0,-0.000176037,-0.000683438,-0.00150207,-0.00261239,-0.00399542,-0.00563279,-0.00750677,-0.00960027,-0.0118968,-0.0143807,-0.0170368,-0.0198507,-0.0228088,-0.0258981,-0.0291062,-0.0324216,-0.0358335,-0.0393316,-0.0429063,-0.0465488,-0.0502508,-0.0540046,-0.0578031,-0.0616398,-0.0655086,-0.069404,-0.073321,-0.077255,-0.0812017,-0.0851573,-0.0891183,-0.0930816,-0.0970442,-0.101004,-0.104957,-0.108903,-0.112839,-0.116764,-0.120675,-0.12457,-0.12845,-0.132311,-0.136153,-0.139974,-0.143772,-0.147546,-0.151295,-0.155017,-0.15871,-0.162373,-0.166003,-0.169598,-0.173157,-0.176676,-0.180153,-0.183585,-0.186969,-0.190301,-0.193578,-0.196796,-0.19995,-0.203036,-0.206048,-0.208982,-0.211831,-0.214589,-0.21725,-0.219806,-0.222249,-0.224573,-0.226767,-0.228824,-0.230734,-0.232486,-0.234071,-0.235477,-0.236694,-0.23771,-0.238512,-0.239088,-0.239425,-0.239511,-0.239331,-0.238872,-0.238122,-0.237066,-0.235692,-0.233987,-0.23194,-0.229539,-0.226773,-0.223635,-0.220116,-0.216211,-0.211915,-0.207227,-0.202149,-0.196682,-0.190835,-0.184616,-0.178039,-0.171122,-0.163884,-0.15635,-0.148549,-0.140514,-0.132281,-0.123889,-0.115384,-0.10681,-0.0982189,-0.0896616,-0.0811923,-0.0728662,-0.0647393,-0.0568677,-0.049307,-0.0421116,-0.0353344,-0.0290258,-0.0232333,-0.0180014,-0.0133709,-0.00937854,-0.00605733,-0.00343605,-0.00153943,-0.000388339,0
0,-0.000177383,-0.00068845,-0.00151275,-0.00263045,-0.00402234,-0.00566988,-0.00755518,-0.009661,-0.0119708,-0.0144689,-0.0171399,-0.0199697,-0.0229444,-0.0260511,-0.0292775,-0.0326121,-0.0360441,-0.0395631,-0.0431598,-0.0468251,-0.0505509,-0.0543295,-0.0581538,-0.0620171,-0.0659136,-0.0698377,-0.0737842,-0.0777484,-0.0817261,-0.0857135,-0.0897069,-0.093703,-0.0976989,-0.101692,-0.105679,-0.109659,-0.113629,-0.117587,-0.121531,-0.125459,-0.12937,-0.133262,-0.137134,-0.140983,-0.144808,-0.148607,-0.152379,-0.156122,-0.159833,-0.163512,-0.167154,-0.170759,-0.174324,-0.177846,-0.181321,-0.184748,-0.188122,-0.19144,-0.194697,-0.19789,-0.201014,-0.204064,-0.207035,-0.209921,-0.212716,-0.215413,-0.218006,-0.220488,-0.22285,-0.225084,-0.227183,-0.229137,-0.230936,-0.23257,-0.23403,-0.235304,-0.236382,-0.237252,-0.237902,-0.23832,-0.238493,-0.23841,-0.238057,-0.237421,-0.236491,-0.235253,-0.233696,-0.231809,-0.229581,-0.227001,-0.224061,-0.220754,-0.217073,-0.213015,-0.208577,-0.203759,-0.198563,-0.192995,-0.187063,-0.180778,-0.174155,-0.167211,-0.159969,-0.152454,-0.144695,-0.136724,-0.128578,-0.120297,-0.111923,-0.103502,-0.0950814,-0.0867123,-0.0784458,-0.0703348,-0.0624324,-0.0547917,-0.0474651,-0.0405036,-0.0339566,-0.027871,-0.0222911,-0.0172578,-0.0128086,-0.00897727,-0.00579373,-0.00328395,-0.00147005,-0.000370439,0
0,-0.000178576,-0.000692884,-0.00152217,-0.00264635,-0.00404601,-0.00570242,-0.00759753,-0.00971403,-0.0120353,-0.0145455,-0.0172294,-0.0200726,-0.0230615,-0.026183,-0.0294249,-0.0327757,-0.0362245,-0.0397612,-0.0433762,-0.0470607,-0.0508065,-0.0546058,-0.0584517,-0.0623374,-0.066257,-0.0702049,-0.074176,-0.0781655,-0.082169,-0.0861827,-0.0902029,-0.0942262,-0.0982495,-0.10227,-0.106285,-0.110292,-0.114289,-0.118274,-0.122244,-0.126198,-0.130134,-0.13405,-0.137944,-0.141814,-0.145658,-0.149475,-0.153262,-0.157018,-0.16074,-0.164427,-0.168074,-0.171681,-0.175244,-0.178761,-0.182227,-0.18564,-0.188997,-0.192292,-0.195522,-0.198683,-0.20177,-0.204777,-0.207699,-0.21053,-0.213264,-0.215894,-0.218414,-0.220815,-0.223091,-0.225232,-0.22723,-0.229077,-0.230762,-0.232276,-0.233609,-0.23475,-0.235688,-0.236412,-0.236911,-0.237173,-0.237185,-0.236937,-0.236415,-0.235609,-0.234505,-0.233094,-0.231364,-0.229304,-0.226906,-0.22416,-0.221059,-0.217598,-0.213771,-0.209576,-0.205012,-0.200081,-0.194787,-0.189136,-0.183138,-0.176805,-0.170154,-0.163203,-0.155974,-0.148495,-0.140793,-0.132902,-0.124858,-0.116699,-0.108468,-0.100209,-0.0919678,-0.0837932,-0.0757346,-0.067842,-0.0601659,-0.0527565,-0.045663,-0.0389334,-0.0326137,-0.0267475,-0.0213759,-0.0165366,-0.0122641,-0.00858922,-0.00553914,-0.00313725,-0.00140323,-0.000353229,0
0,-0.000179606,-0.000696699,-0.00153026,-0.00265997,-0.00406621,-0.00573009,-0.00763345,-0.00975887,-0.0120897,-0.0146099,-0.0173044,-0.0201587,-0.0231591,-0.0262926,-0.0295471,-0.032911,-0.0363735,-0.0399245,-0.0435544,-0.0472544,-0.0510162,-0.0548323,-0.0586956,-0.0625994,-0.0665376,-0.0705047,-0.0744955,-0.0785052,-0.0825295,-0.0865643,-0.0906058,-0.0946506,-0.0986956,-0.102738,-0.106774,-0.110803,-0.114821,-0.118826,-0.122816,-0.126789,-0.130743,-0.134675,-0.138584,-0.142468,-0.146325,-0.150152,-0.153948,-0.157709,-0.161435,-0.165121,-0.168767,-0.172368,-0.175922,-0.179425,-0.182875,-0.186267,-0.189599,-0.192864,-0.196061,-0.199182,-0.202224,-0.205181,-0.208048,-0.210818,-0.213486,-0.216043,-0.218484,-0.2208,-0.222984,-0.225028,-0.226923,-0.228659,-0.230228,-0.231619,-0.232824,-0.233831,-0.23463,-0.23521,-0.235559,-0.235667,-0.235522,-0.235113,-0.234429,-0.233458,-0.232189,-0.230613,-0.228718,-0.226497,-0.22394,-0.221041,-0.217793,-0.214191,-0.210234,-0.205918,-0.201245,-0.196218,-0.190843,-0.185127,-0.17908,-0.172718,-0.166056,-0.159114,-0.151916,-0.144488,-0.136859,-0.129062,-0.121132,-0.113107,-0.105029,-0.09694,-0.0888851,-0.0809106,-0.0730635,-0.0653917,-0.057943,-0.0507645,-0.0439027,-0.0374023,-0.0313065,-0.0256557,-0.0204878,-0.0158378,-0.0117373,-0.00821428,-0.00529348,-0.00299587,-0.00133892,-0.000336692,0
0,-0.000180464,-0.00069986,-0.00153693,-0.00267115,-0.00408274,-0.00575265,-0.00766261,-0.00979512,-0.0121334,-0.0146615,-0.0173642,-0.0202271,-0.0232364,-0.0263792,-0.0296433,-0.0330173,-0.0364902,-0.040052,-0.0436932,-0.047405,-0.0511791,-0.055008,-0.0588844,-0.0628019,-0.0667543,-0.070736,-0.0747418,-0.0787669,-0.0828068,-0.0868575,-0.0909151,-0.094976,-0.0990371,-0.103095,-0.107148,-0.111191,-0.115224,-0.119244,-0.123247,-0.127233,-0.131198,-0.13514,-0.139058,-0.142949,-0.146811,-0.150641,-0.154438,-0.158198,-0.16192,-0.1656,-0.169235,-0.172823,-0.176361,-0.179845,-0.183271,-0.186636,-0.189935,-0.193164,-0.196319,-0.199395,-0.202386,-0.205288,-0.208093,-0.210797,-0.213392,-0.215871,-0.218228,-0.220455,-0.222544,-0.224487,-0.226275,-0.227898,-0.229349,-0.230617,-0.231693,-0.232566,-0.233226,-0.233663,-0.233866,-0.233823,-0.233526,-0.232961,-0.23212,-0.230991,-0.229565,-0.227832,-0.225784,-0.223412,-0.220709,-0.217669,-0.214287,-0.21056,-0.206486,-0.202065,-0.197299,-0.192193,-0.186754,-0.180989,-0.174912,-0.168536,-0.161881,-0.154965,-0.147812,-0.14045,-0.132907,-0.125216,-0.117411,-0.109531,-0.101614,-0.093703,-0.0858401,-0.0780698,-0.0704372,-0.0629877,-0.0557663,-0.0488178,-0.0421855,-0.0359114,-0.0300356,-0.0245958,-0.0196271,-0.0151615,-0.011228,-0.00785234,-0.00505664,-0.00285974,-0.00127708,-0.000320814,0
0,-0.000181143,-0.000702341,-0.00154213,-0.00267981,-0.00409544,-0.00576987,-0.00768472,-0.00982241,-0.0121661,-0.0146999,-0.0174084,-0.0202773,-0.0232928,-0.026442,-0.0297127,-0.0330935,-0.0365736,-0.0401428,-0.0437918,-0.0475116,-0.0512942,-0.0551318,-0.0590174,-0.0629443,-0.0669065,-0.0708983,-0.0749145,-0.0789501,-0.0830008,-0.0870622,-0.0911307,-0.0952024,-0.0992741,-0.103343,-0.107405,-0.111458,-0.1155,-0.119528,-0.123539,-0.12753,-0.1315,-0.135447,-0.139367,-0.143258,-0.147119,-0.150946,-0.154737,-0.158489,-0.1622,-0.165866,-0.169485,-0.173054,-0.176569,-0.180026,-0.183421,-0.186752,-0.190012,-0.193199,-0.196307,-0.199331,-0.202265,-0.205105,-0.207844,-0.210476,-0.212993,-0.215391,-0.21766,-0.219794,-0.221784,-0.223623,-0.225301,-0.226811,-0.228142,-0.229286,-0.230233,-0.230973,-0.231496,-0.231792,-0.231851,-0.231663,-0.231216,-0.230502,-0.229511,-0.228232,-0.226657,-0.224777,-0.222585,-0.220073,-0.217235,-0.214067,-0.210565,-0.206727,-0.202551,-0.198041,-0.193198,-0.188029,-0.182541,-0.176744,-0.170652,-0.16428,-0.157645,-0.15077,-0.143677,-0.136394,-0.12895,-0.121376,-0.113707,-0.10598,-0.0982325,-0.0905049,-0.0828386,-0.0752759,-0.0678596,-0.0606329,-0.0536384,-0.0469181,-0.0405126,-0.0344614,-0.0288016,-0.0235682,-0.0187937,-0.0145076,-0.0107363,-0.00750327,-0.00482849,-0.00272876,-0.00121765,-0.000305579,0
0,-0.000181635,-0.000704114,-0.0015458,-0.00268585,-0.00410419,-0.00578157,-0.00769954,-0.00984044,-0.0121874,-0.0147245,-0.0174364,-0.0203087,-0.0233276,-0.0264803,-0.0297547,-0.0331392,-0.0366231,-0.0401963,-0.0438494,-0.0475737,-0.0513608,-0.0552033,-0.0590939,-0.0630261,-0.0669938,-0.0709912,-0.0750131,-0.0790546,-0.0831112,-0.0871785,-0.0912527,-0.0953301,-0.0994072,-0.103481,-0.107548,-0.111605,-0.11565,-0.11968,-0.123692,-0.127684,-0.131653,-0.135597,-0.139513,-0.143399,-0.147252,-0.151069,-0.154848,-0.158586,-0.16228,-0.165926,-0.169522,-0.173065,-0.17655,-0.179974,-0.183333,-0.186623,-0.189839,-0.192977,-0.196032,-0.198999,-0.201871,-0.204644,-0.207311,-0.209867,-0.212303,-0.214614,-0.216792,-0.21883,-0.220719,-0.222451,-0.224019,-0.225413,-0.226624,-0.227644,-0.228463,-0.229071,-0.22946,-0.229618,-0.229537,-0.229206,-0.228617,-0.227759,-0.226624,-0.225203,-0.223488,-0.221471,-0.219145,-0.216504,-0.213544,-0.210261,-0.206652,-0.202716,-0.198454,-0.193868,-0.188963,-0.183746,-0.178226,-0.172412,-0.16632,-0.159966,-0.153367,-0.146546,-0.139526,-0.132335,-0.125,-0.117554,-0.11003,-0.102463,-0.0948908,-0.0873518,-0.0798858,-0.0725329,-0.0653342,-0.0583302,-0.0515612,-0.0450668,-0.0388852,-0.0330529,-0.0276047,-0.022573,-0.0179876,-0.0138759,-0.0102619,-0.0071669,-0.00460889,-0.00260284,-0.00116058,-0.000290972,0
0,-0.000181936,-0.00070516,-0.0015479,-0.00268919,-0.00410886,-0.00578759,-0.00770686,-0.00984898,-0.0121971,-0.0147351,-0.0174479,-0.0203209,-0.0233405,-0.0264938,-0.0297686,-0.0331536,-0.0366381,-0.0402119,-0.0438656,-0.0475906,-0.0513786,-0.0552219,-0.0591136,-0.0630469,-0.0670158,-0.0710145,-0.0750377,-0.0790805,-0.0831383,-0.0872067,-0.0912818,-0.0953598,-0.0994371,-0.10351,-0.107577,-0.111632,-0.115675,-0.119702,-0.12371,-0.127696,-0.131659,-0.135594,-0.139501,-0.143375,-0.147214,-0.151015,-0.154776,-0.158493,-0.162164,-0.165785,-0.169352,-0.172862,-0.176312,-0.179698,-0.183014,-0.186258,-0.189424,-0.192508,-0.195505,-0.198409,-0.201214,-0.203916,-0.206507,-0.208982,-0.211334,-0.213555,-0.215639,-0.217577,-0.219363,-0.220988,-0.222444,-0.223722,-0.224813,-0.225709,-0.226402,-0.22688,-0.227136,-0.22716,-0.226943,-0.226475,-0.225749,-0.224754,-0.223483,-0.221928,-0.220081,-0.217936,-0.215488,-0.21273,-0.209659,-0.206273,-0.202569,-0.19855,-0.194215,-0.189569,-0.184617,-0.179366,-0.173827,-0.168012,-0.161934,-0.155611,-0.149062,-0.142307,-0.135373,-0.128283,-0.121069,-0.113759,-0.106387,-0.0989873,-0.0915958,-0.0842495,-0.0769863,-0.0698448,-0.0628638,-0.0560817,-0.0495365,-0.0432653,-0.0373038,-0.0316863,-0.026445,-0.02161,-0.0172087,-0.0132662,-0.00980461,-0.00684302,-0.00439769,-0.00248187,-0.00110582,-0.000276977,0
0,-0.000182041,-0.000705466,-0.0015484,-0.00268978,-0.00410939,-0.00578782,-0.00770654,-0.00984784,-0.0121948,-0.0147315,-0.0174425,-0.0203136,-0.023331,-0.0264819,-0.0297543,-0.0331366,-0.0366182,-0.0401892,-0.04384,-0.0475621,-0.0513471,-0.0551876,-0.0590763,-0.0630066,-0.0669725,-0.0709682,-0.0749884,-0.079028,-0.0830824,-0.0871473,-0.0912185,-0.0952922,-0.0993648,-0.103433,-0.107493,-0.111542,-0.115578,-0.119596,-0.123594,-0.12757,-0.13152,-0.135442,-0.139332,-0.143189,-0.147009,-0.150789,-0.154526,-0.158217,-0.161859,-0.165448,-0.16898,-0.172453,-0.175862,-0.179203,-0.182472,-0.185665,-0.188776,-0.191801,-0.194734,-0.197571,-0.200306,-0.202932,-0.205444,-0.207835,-0.210098,-0.212227,-0.214214,-0.216052,-0.217733,-0.219249,-0.220592,-0.221754,-0.222726,-0.223501,-0.224068,-0.224419,-0.224546,-0.224439,-0.224091,-0.223492,-0.222634,-0.221509,-0.22011,-0.218429,-0.21646,-0.214197,-0.211636,-0.208772,-0.205602,-0.202125,-0.198341,-0.19425,-0.189856,-0.185163,-0.180178,-0.174908,-0.169365,-0.163561,-0.157511,-0.151232,-0.144744,-0.138068,-0.131229,-0.124252,-0.117166,-0.11,-0.102787,-0.09556,-0.0883533,-0.0812026,-0.0741442,-0.0672148,-0.060451,-0.0538893,-0.0475654,-0.0415142,-0.0357691,-0.0303619,-0.0253227,-0.0206792,-0.0164568,-0.0126784,-0.00936416,-0.00653143,-0.00419473,-0.00236574,-0.00105332,-0.000263578,0
0,-0.000181948,-0.000705018,-0.00154727,-0.00268758,-0.00410569,-0.00578217,-0.00769847,-0.00983686,-0.0121805,-0.0147133,-0.0174201,-0.0202865,-0.023299,-0.0264446,-0.0297113,-0.0330877,-0.0365633,-0.040128,-0.0437724,-0.0474879,-0.0512663,-0.0551,-0.0589819,-0.0629054,-0.0668642,-0.0708528,-0.0748656,-0.0788976,-0.0829442,-0.087001,-0.0910637,-0.0951285,-0.0991917,-0.10325,-0.107299,-0.111337,-0.115359,-0.119364,-0.123347,-0.127307,-0.13124,-0.135142,-0.139012,-0.142846,-0.146641,-0.150394,-0.154102,-0.157762,-0.161369,-0.164921,-0.168414,-0.171844,-0.175207,-0.178499,-0.181716,-0.184852,-0.187903,-0.190865,-0.193731,-0.196497,-0.199157,-0.201704,-0.204133,-0.206437,-0.20861,-0.210644,-0.212533,-0.214269,-0.215844,-0.217251,-0.218481,-0.219528,-0.220382,-0.221036,-0.22148,-0.221708,-0.221709,-0.221476,-0.221002,-0.220277,-0.219294,-0.218046,-0.216526,-0.214728,-0.212646,-0.210276,-0.207612,-0.204653,-0.201396,-0.197841,-0.193988,-0.189839,-0.185399,-0.180672,-0.175666,-0.17039,-0.164856,-0.159076,-0.153066,-0.146843,-0.140428,-0.133841,-0.127107,-0.120251,-0.113301,-0.106286,-0.0992374,-0.0921872,-0.0851686,-0.0782157,-0.071363,-0.0646455,-0.0580979,-0.0517546,-0.0456491,-0.0398143,-0.0342812,-0.0290797,-0.0242375,-0.0197803,-0.0157315,-0.012112,-0.00894028,-0.00623188,-0.00399982,-0.00225434,-0.00100301,-0.000250756,0
0,-0.000181654,-0.000703809,-0.00154449,-0.00268255,-0.00409772,-0.00577057,-0.00768255,-0.00981594,-0.0121539,-0.0146805,-0.0173805,-0.0202396,-0.0232442,-0.0263815,-0.0296395,-0.0330069,-0.0364731,-0.0400282,-0.0436627,-0.0473682,-0.0511363,-0.0549595,-0.0588307,-0.0627434,-0.0666912,-0.0706685,-0.0746698,-0.0786901,-0.0827246,-0.0867689,-0.0908187,-0.0948701,-0.0989192,-0.102962,-0.106996,-0.111018,-0.115023,-0.119009,-0.122973,-0.126911,-0.130821,-0.1347,-0.138544,-0.14235,-0.146115,-0.149837,-0.153511,-0.157133,-0.160702,-0.164212,-0.167661,-0.171043,-0.174355,-0.177594,-0.180753,-0.183829,-0.186817,-0.189711,-0.192506,-0.195198,-0.197779,-0.200245,-0.202588,-0.204803,-0.206883,-0.208821,-0.21061,-0.212243,-0.213712,-0.21501,-0.216129,-0.217061,-0.217799,-0.218334,-0.218659,-0.218765,-0.218646,-0.218292,-0.217696,-0.216851,-0.21575,-0.214387,-0.212754,-0.210848,-0.208662,-0.206193,-0.203438,-0.200395,-0.197062,-0.19344,-0.18953,-0.185336,-0.180862,-0.176114,-0.1711,-0.16583,-0.160317,-0.154573,-0.148614,-0.142458,-0.136125,-0.129637,-0.123016,-0.116289,-0.109482,-0.102623,-0.0957439,-0.0888741,-0.0820461,-0.0752922,-0.0686456,-0.0621393,-0.0558061,-0.0496786,-0.0437883,-0.0381658,-0.0328404,-0.0278396,-0.0231892,-0.018913,-0.0150325,-0.0115668,-0.00853266,-0.00594414,-0.00381278,-0.00214755,-0.000954832,-0.000238496,0
0,-0.00018116,-0.000701833,-0.00154005,-0.00267467,-0.00408545,-0.00575298,-0.00765873,-0.00978505,-0.0121151,-0.014633,-0.0173236,-0.0201726,-0.0231665,-0.0262926,-0.0295389,-0.0328941,-0.0363477,-0.0398898,-0.0435111,-0.0472029,-0.0509571,-0.0547662,-0.0586231,-0.062521,-0.066454,-0.070416,-0.0744019,-0.0784063,-0.0824246,-0.0864521,-0.0904847,-0.0945183,-0.098549,-0.102573,-0.106587,-0.110587,-0.114571,-0.118534,-0.122473,-0.126386,-0.130269,-0.134118,-0.137932,-0.141706,-0.145437,-0.149121,-0.152756,-0.156338,-0.159863,-0.163327,-0.166726,-0.170057,-0.173315,-0.176495,-0.179593,-0.182605,-0.185525,-0.188349,-0.19107,-0.193684,-0.196185,-0.198566,-0.200822,-0.202946,-0.204931,-0.206772,-0.20846,-0.20999,-0.211353,-0.212542,-0.213551,-0.214371,-0.214994,-0.215414,-0.215622,-0.215612,-0.215375,-0.214905,-0.214194,-0.213235,-0.212023,-0.210552,-0.208815,-0.206809,-0.204529,-0.201971,-0.199135,-0.196018,-0.19262,-0.188943,-0.184988,-0.18076,-0.176263,-0.171506,-0.166496,-0.161244,-0.155762,-0.150065,-0.144168,-0.138089,-0.131848,-0.125466,-0.118967,-0.112374,-0.105716,-0.0990191,-0.0923123,-0.0856256,-0.0789896,-0.0724353,-0.0659943,-0.0596978,-0.0535769,-0.0476622,-0.0419834,-0.0365691,-0.0314465,-0.0266414,-0.0221776,-0.018077,-0.0143594,-0.0110424,-0.00814098,-0.00566792,-0.00363342,-0.00204525,-0.00090873,-0.000226779,0
0,-0.000180464,-0.000699088,-0.00153394,-0.00266395,-0.00406888,-0.00572939,-0.00762702,-0.00974415,-0.012064,-0.0145708,-0.0172495,-0.0200857,-0.0230661,-0.026178,-0.0294095,-0.0327494,-0.0361872,-0.039713,-0.0433176,-0.0469924,-0.0507292,-0.0545206,-0.0583594,-0.062239,-0.0661532,-0.0700962,-0.0740626,-0.0780472,-0.0820452,-0.0860521,-0.0900634,-0.094075,-0.098083,-0.102084,-0.106073,-0.110048,-0.114005,-0.117941,-0.121852,-0.125734,-0.129585,-0.133402,-0.13718,-0.140918,-0.14461,-0.148254,-0.151845,-0.155382,-0.158859,-0.162272,-0.165619,-0.168894,-0.172093,-0.175212,-0.178246,-0.18119,-0.18404,-0.18679,-0.189434,-0.191968,-0.194385,-0.19668,-0.198847,-0.200879,-0.202769,-0.204512,-0.206099,-0.207526,-0.208784,-0.209866,-0.210765,-0.211474,-0.211986,-0.212294,-0.212389,-0.212266,-0.211917,-0.211336,-0.210516,-0.20945,-0.208134,-0.206562,-0.204729,-0.202632,-0.200266,-0.19763,-0.194722,-0.191542,-0.18809,-0.184368,-0.180379,-0.176128,-0.171621,-0.166865,-0.16187,-0.156647,-0.151207,-0.145567,-0.139741,-0.133747,-0.127606,-0.121338,-0.114967,-0.108516,-0.102011,-0.0954785,-0.0889473,-0.0824454,-0.0760023,-0.0696476,-0.0634111,-0.0573226,-0.0514113,-0.045706,-0.0402346,-0.0350239,-0.0300993,-0.0254846,-0.021202,-0.0172717,-0.0137118,-0.0105383,-0.00776486,-0.00540293,-0.00346152,-0.0019473,-0.000864638,-0.000215589,0
0,-0.000179566,-0.000695576,-0.00152618,-0.00265037,-0.004048,-0.00569981,-0.0075874,-0.00969325,-0.0120007,-0.014494,-0.0171581,-0.0199788,-0.0229429,-0.0260378,-0.0292515,-0.032573,-0.0359918,-0.0394981,-0.0430827,-0.046737,-0.050453,-0.0542231,-0.0580403,-0.0618979,-0.0657897,-0.06971,-0.0736532,-0.0776142,-0.0815881,-0.0855702,-0.0895562,-0.093542,-0.0975234,-0.101497,-0.105458,-0.109404,-0.11333,-0.117234,-0.121112,-0.12496,-0.128776,-0.132555,-0.136294,-0.139991,-0.14364,-0.147239,-0.150784,-0.154271,-0.157696,-0.161056,-0.164346,-0.167561,-0.170699,-0.173753,-0.176719,-0.179593,-0.18237,-0.185043,-0.187609,-0.190061,-0.192393,-0.1946,-0.196677,-0.198615,-0.20041,-0.202054,-0.203542,-0.204866,-0.20602,-0.206996,-0.207788,-0.208389,-0.208793,-0.208991,-0.208978,-0.208747,-0.208291,-0.207604,-0.206681,-0.205515,-0.204102,-0.202437,-0.200516,-0.198336,-0.195894,-0.193189,-0.190219,-0.186986,-0.18349,-0.179734,-0.175721,-0.171458,-0.166951,-0.162207,-0.157237,-0.152052,-0.146665,-0.14109,-0.135344,-0.129444,-0.12341,-0.117262,-0.111024,-0.104719,-0.0983709,-0.0920067,-0.085653,-0.079337,-0.073087,-0.066931,-0.0608975,-0.0550145,-0.0493097,-0.0438101,-0.0385419,-0.0335301,-0.0287984,-0.0243689,-0.0202621,-0.0164966,-0.0130891,-0.010054,-0.00740393,-0.00514889,-0.00329688,-0.00185358,-0.000822492,-0.000204907,0
0,-0.000178467,-0.000691304,-0.00151677,-0.00263396,-0.00402285,-0.00566427,-0.00753992,-0.00963241,-0.0119252,-0.0144025,-0.0170495,-0.0198521,-0.0227972,-0.025872,-0.029065,-0.0323651,-0.0357617,-0.0392453,-0.0428067,-0.0464372,-0.050129,-0.0538744,-0.0576665,-0.0614986,-0.0653645,-0.0692584,-0.0731748,-0.0771084,-0.0810544,-0.0850082,-0.0889652,-0.0929212,-0.0968721,-0.100814,-0.104743,-0.108656,-0.112548,-0.116416,-0.120258,-0.124068,-0.127844,-0.131582,-0.135278,-0.13893,-0.142533,-0.146083,-0.149578,-0.153012,-0.156382,-0.159685,-0.162915,-0.166068,-0.16914,-0.172127,-0.175023,-0.177825,-0.180526,-0.183121,-0.185606,-0.187974,-0.19022,-0.192339,-0.194324,-0.196169,-0.197868,-0.199415,-0.200803,-0.202025,-0.203076,-0.203949,-0.204637,-0.205133,-0.205431,-0.205524,-0.205406,-0.205072,-0.204514,-0.203728,-0.202707,-0.201448,-0.199945,-0.198195,-0.196194,-0.19394,-0.191431,-0.188666,-0.185644,-0.182367,-0.178837,-0.175057,-0.171031,-0.166766,-0.162268,-0.157546,-0.152611,-0.147473,-0.142146,-0.136645,-0.130986,-0.125187,-0.119266,-0.113245,-0.107145,-0.100989,-0.0948019,-0.0886078,-0.0824328,-0.0763032,-0.0702457,-0.0642872,-0.0584545,-0.0527742,-0.0472725,-0.0419746,-0.036905,-0.0320872,-0.0275432,-0.0232935,-0.0193571,-0.0157511,-0.0124907,-0.00958921,-0.00705778,-0.00490548,-0.00313927,-0.00176395,-0.000782228,-0.000194715,0
0,-0.000177172,-0.000686274,-0.00150572,-0.00261474,-0.00399344,-0.0056228,-0.00748465,-0.0095617,-0.0118375,-0.0142965,-0.0169239,-0.0197058,-0.022629,-0.0256811,-0.0288504,-0.032126,-0.0354975,-0.0389552,-0.0424901,-0.0460937,-0.0497579,-0.0534753,-0.0572389,-0.0610421,-0.0648786,-0.0687426,-0.0726286,-0.0765314,-0.080446,-0.0843678,-0.0882921,-0.0922148,-0.0961316,-0.100039,-0.103932,-0.107807,-0.111662,-0.115491,-0.119292,-0.123061,-0.126794,-0.130487,-0.134137,-0.137741,-0.141294,-0.144792,-0.148233,-0.151611,-0.154924,-0.158166,-0.161333,-0.164421,-0.167426,-0.170343,-0.173167,-0.175894,-0.178517,-0.181033,-0.183436,-0.185719,-0.187879,-0.189908,-0.191802,-0.193553,-0.195157,-0.196607,-0.197896,-0.199019,-0.19997,-0.200741,-0.201327,-0.201721,-0.201917,-0.201909,-0.201692,-0.201259,-0.200605,-0.199725,-0.198614,-0.197268,-0.195683,-0.193855,-0.191783,-0.189463,-0.186895,-0.184078,-0.181013,-0.177702,-0.174147,-0.170353,-0.166323,-0.162065,-0.157586,-0.152895,-0.148003,-0.142921,-0.137663,-0.132243,-0.126678,-0.120986,-0.115184,-0.109294,-0.103336,-0.0973326,-0.0913077,-0.0852851,-0.0792894,-0.0733459,-0.0674799,-0.0617171,-0.0560828,-0.0506021,-0.0452995,-0.040199,-0.0353235,-0.0306946,-0.0263331,-0.0222578,-0.0184864,-0.0150345,-0.0119161,-0.00914324,-0.00672598,-0.00467238,-0.00298848,-0.00167828,-0.000743779,-0.000184995,0
0,-0.000175679,-0.000680499,-0.00149304,-0.00259273,-0.00395983,-0.00557548,-0.00742166,-0.00948122,-0.0117379,-0.0141762,-0.0167815,-0.0195401,-0.0224387,-0.0254652,-0.028608,-0.0318561,-0.0351994,-0.0386282,-0.0421336,-0.045707,-0.0493405,-0.0530267,-0.0567585,-0.0605294,-0.0643332,-0.068164,-0.0720162,-0.0758848,-0.0797646,-0.0836509,-0.0875391,-0.091425,-0.0953043,-0.0991729,-0.103027,-0.106862,-0.110675,-0.114462,-0.118219,-0.121943,-0.125629,-0.129275,-0.132876,-0.136428,-0.139928,-0.143372,-0.146756,-0.150076,-0.153327,-0.156506,-0.159609,-0.16263,-0.165565,-0.168411,-0.171161,-0.173811,-0.176356,-0.17879,-0.18111,-0.183308,-0.18538,-0.18732,-0.189122,-0.190781,-0.192291,-0.193645,-0.194837,-0.195863,-0.196715,-0.197387,-0.197874,-0.19817,-0.198268,-0.198164,-0.197851,-0.197325,-0.196581,-0.195613,-0.194419,-0.192993,-0.191332,-0.189434,-0.187298,-0.18492,-0.182302,-0.179442,-0.176343,-0.173007,-0.169436,-0.165636,-0.161611,-0.157369,-0.152918,-0.148266,-0.143425,-0.138406,-0.133224,-0.127892,-0.122427,-0.116847,-0.111169,-0.105413,-0.0996004,-0.0937525,-0.0878919,-0.0820415,-0.0762252,-0.0704669,-0.0647909,-0.0592215,-0.0537826,-0.0484979,-0.0433906,-0.038483,-0.0337966,-0.0293516,-0.0251672,-0.021261,-0.0176491,-0.0143461,-0.0113646,-0.0087156,-0.0064081,-0.00444925,-0.00284426,-0.00159642,-0.000707079,-0.00017573,0
0,-0.000173995,-0.000673985,-0.00147878,-0.00256799,-0.00392208,-0.00552238,-0.00735105,-0.00939111,-0.0116265,-0.0140418,-0.0166226,-0.0193552,-0.0222266,-0.0252248,-0.0283382,-0.031556,-0.0348682,-0.0382651,-0.0417378,-0.0452779,-0.0488776,-0.0525293,-0.0562262,-0.0599617,-0.0637295,-0.0675238,-0.0713391,-0.0751701,-0.0790118,-0.0828594,-0.0867084,-0.0905542,-0.0943927,-0.0982196,-0.102031,-0.105823,-0.109592,-0.113333,-0.117043,-0.120719,-0.124356,-0.12795,-0.131499,-0.134997,-0.138442,-0.141828,-0.145153,-0.148412,-0.1516,-0.154714,-0.157749,-0.160701,-0.163566,-0.166337,-0.169012,-0.171584,-0.17405,-0.176403,-0.178638,-0.180751,-0.182736,-0.184587,-0.186299,-0.187866,-0.189282,-0.190542,-0.19164,-0.192569,-0.193326,-0.193902,-0.194294,-0.194495,-0.1945,-0.194304,-0.193901,-0.193287,-0.192458,-0.191409,-0.190136,-0.188637,-0.186909,-0.184948,-0.182755,-0.180328,-0.177668,-0.174774,-0.171649,-0.168296,-0.164718,-0.16092,-0.156909,-0.152691,-0.148274,-0.143669,-0.138887,-0.133939,-0.128838,-0.1236,-0.118241,-0.112777,-0.107226,-0.101609,-0.0959437,-0.0902526,-0.084557,-0.0788791,-0.0732415,-0.0676673,-0.0621793,-0.0568006,-0.0515538,-0.0464615,-0.0415451,-0.0368258,-0.0323235,-0.0280572,-0.0240447,-0.0203021,-0.0168445,-0.0136851,-0.0108356,-0.00830571,-0.00610368,-0.00423576,-0.0027064,-0.00151823,-0.000672061,-0.000166901,0
0,-0.00017212,-0.000666749,-0.00146294,-0.00254054,-0.00388025,-0.00546359,-0.00727294,-0.00929151,-0.0115034,-0.0138934,-0.0164472,-0.0191514,-0.0219931,-0.0249602,-0.0280415,-0.0312261,-0.0345042,-0.0378663,-0.0413034,-0.0448073,-0.04837,-0.0519843,-0.0556432,-0.0593401,-0.0630688,-0.0668236,-0.0705988,-0.0743892,-0.0781897,-0.0819955,-0.085802,-0.0896047,-0.0933993,-0.0971816,-0.100947,-0.104693,-0.108414,-0.112107,-0.115768,-0.119392,-0.122977,-0.126518,-0.130012,-0.133454,-0.13684,-0.140167,-0.14343,-0.146625,-0.149749,-0.152796,-0.155762,-0.158644,-0.161435,-0.164133,-0.166731,-0.169225,-0.17161,-0.173881,-0.176033,-0.17806,-0.179958,-0.181721,-0.183343,-0.184819,-0.186144,-0.187312,-0.188317,-0.189153,-0.189817,-0.190301,-0.190601,-0.190711,-0.190627,-0.190343,-0.189856,-0.18916,-0.188251,-0.187127,-0.185783,-0.184218,-0.182428,-0.180413,-0.178171,-0.175702,-0.173007,-0.170087,-0.166944,-0.163582,-0.160005,-0.156218,-0.152227,-0.148041,-0.143667,-0.139116,-0.134398,-0.129526,-0.124513,-0.119374,-0.114125,-0.108781,-0.103361,-0.097884,-0.0923686,-0.0868355,-0.0813053,-0.0757995,-0.0703396,-0.0649476,-0.0596452,-0.0544542,-0.0493962,-0.0444921,-0.0397623,-0.0352265,-0.0309033,-0.0268105,-0.0229644,-0.0193802,-0.0160716,-0.0130508,-0.0103282,-0.00791299,-0.00581226,-0.00403155,-0.00257465,-0.00144358,-0.000638657,-0.00015849,0
0,-0.00017006,-0.000658802,-0.00144555,-0.00251044,-0.0038344,-0.00539921,-0.00718746,-0.00918259,-0.0113689,-0.0137313,-0.0162559,-0.0189291,-0.0217384,-0.0246719,-0.0277183,-0.0308671,-0.0341083,-0.0374326,-0.0408312,-0.0442959,-0.0478189,-0.0513927,-0.0550106,-0.058666,-0.0623527,-0.0660649,-0.069797,-0.0735437,-0.0773,-0.0810611,-0.0848222,-0.0885789,-0.0923267,-0.0960615,-0.0997791,-0.103475,-0.107146,-0.110788,-0.114396,-0.117968,-0.121498,-0.124983,-0.128419,-0.131802,-0.135128,-0.138393,-0.141593,-0.144724,-0.14778,-0.150759,-0.153655,-0.156465,-0.159183,-0.161805,-0.164326,-0.166741,-0.169045,-0.171234,-0.173303,-0.175245,-0.177057,-0.178733,-0.180267,-0.181654,-0.182889,-0.183966,-0.184881,-0.185628,-0.186201,-0.186597,-0.186809,-0.186833,-0.186664,-0.186298,-0.18573,-0.184958,-0.183976,-0.182782,-0.181374,-0.179749,-0.177905,-0.175841,-0.173558,-0.171054,-0.168332,-0.165394,-0.162241,-0.158877,-0.155308,-0.151539,-0.147577,-0.143429,-0.139104,-0.134613,-0.129966,-0.125176,-0.120256,-0.11522,-0.110084,-0.104864,-0.0995776,-0.0942426,-0.088878,-0.0835032,-0.0781383,-0.0728037,-0.06752,-0.062308,-0.0571885,-0.0521821,-0.0473089,-0.0425889,-0.0380411,-0.0336839,-0.0295348,-0.0256103,-0.0219254,-0.0184943,-0.0153295,-0.0124421,-0.0098419,-0.00753683,-0.00553335,-0.00383628,-0.00244876,-0.00137231,-0.0006068,-0.000150478,0
0,-0.000167817,-0.000650159,-0.00142666,-0.00247775,-0.00378463,-0.00532935,-0.00709476,-0.00906453,-0.0112231,-0.0135559,-0.0160488,-0.0186887,-0.0214631,-0.0243603,-0.0273692,-0.0304794,-0.033681,-0.0369648,-0.0403222,-0.0437448,-0.0472251,-0.0507556,-0.0543297,-0.0579406,-0.0615824,-0.0652492,-0.0689353,-0.0726356,-0.076345,-0.0800585,-0.0837714,-0.0874793,-0.0911777,-0.0948623,-0.0985289,-0.102173,-0.105792,-0.10938,-0.112933,-0.116449,-0.119922,-0.123349,-0.126726,-0.130048,-0.133312,-0.136514,-0.139649,-0.142713,-0.145701,-0.14861,-0.151435,-0.154172,-0.156816,-0.159362,-0.161805,-0.164141,-0.166366,-0.168473,-0.170459,-0.172317,-0.174044,-0.175633,-0.177081,-0.178381,-0.179528,-0.180518,-0.181345,-0.182005,-0.182493,-0.182803,-0.182931,-0.182873,-0.182624,-0.182181,-0.181539,-0.180695,-0.179646,-0.178389,-0.176922,-0.175244,-0.173353,-0.171248,-0.16893,-0.166399,-0.163657,-0.160706,-0.15755,-0.154193,-0.150639,-0.146895,-0.142967,-0.138864,-0.134595,-0.130169,-0.125598,-0.120895,-0.116071,-0.111143,-0.106123,-0.10103,-0.0958783,-0.0906869,-0.0854736,-0.0802572,-0.075057,-0.0698923,-0.0647828,-0.0597484,-0.0548088,-0.0499833,-0.0452911,-0.0407508,-0.0363804,-0.0321969,-0.0282168,-0.0244553,-0.0209264,-0.0176431,-0.0146171,-0.0118584,-0.00937582,-0.00717661,-0.00526647,-0.00364957,-0.00232849,-0.00130428,-0.000576419,-0.000142847,0
0,-0.000165398,-0.000640837,-0.00140629,-0.00244251,-0.00373102,-0.00525414,-0.006995,-0.00893753,-0.0110665,-0.0133673,-0.0158263,-0.0184305,-0.0211676,-0.024026,-0.0269948,-0.0300638,-0.0332231,-0.0364637,-0.0397771,-0.0431549,-0.0465897,-0.0500743,-0.0536016,-0.0571655,-0.0607596,-0.0643782,-0.0680157,-0.0716668,-0.0753265,-0.0789897,-0.0826519,-0.0863084,-0.0899548,-0.0935868,-0.0972,-0.10079,-0.104353,-0.107886,-0.111382,-0.11484,-0.118254,-0.121621,-0.124937,-0.128197,-0.131397,-0.134534,-0.137602,-0.140598,-0.143518,-0.146356,-0.14911,-0.151773,-0.154342,-0.156812,-0.159178,-0.161435,-0.16358,-0.165606,-0.167509,-0.169285,-0.170928,-0.172433,-0.173796,-0.175011,-0.176073,-0.176979,-0.177722,-0.178298,-0.178703,-0.178932,-0.17898,-0.178845,-0.178521,-0.178005,-0.177293,-0.176384,-0.175273,-0.173959,-0.17244,-0.170715,-0.168783,-0.166644,-0.164298,-0.161746,-0.158992,-0.156036,-0.152884,-0.149539,-0.146007,-0.142294,-0.138407,-0.134354,-0.130146,-0.125791,-0.121301,-0.116688,-0.111965,-0.107146,-0.102246,-0.0972805,-0.0922657,-0.0872187,-0.0821569,-0.0770984,-0.0720616,-0.0670651,-0.0621277,-0.0572682,-0.0525051,-0.0478569,-0.0433415,-0.0389765,-0.0347787,-0.030764,-0.0269478,-0.0233441,-0.0199661,-0.0168257,-0.0139334,-0.0112986,-0.00892918,-0.00683168,-0.00501112,-0.00347106,-0.0022136,-0.00123935,-0.000547447,-0.000135578,0
0,-0.000162806,-0.000630851,-0.00138449,-0.0024048,-0.00367365,-0.00517369,-0.00688833,-0.00880179,-0.0108991,-0.0131659,-0.0155888,-0.0181549,-0.0208523,-0.0236695,-0.0265957,-0.0296209,-0.0327354,-0.0359302,-0.0391968,-0.0425273,-0.045914,-0.0493498,-0.0528279,-0.0563419,-0.0598857,-0.0634535,-0.0670397,-0.0706391,-0.0742465,-0.0778571,-0.081466,-0.0850688,-0.0886608,-0.0922377,-0.0957953,-0.0993292,-0.102835,-0.106309,-0.109747,-0.113145,-0.116499,-0.119804,-0.123057,-0.126253,-0.129388,-0.132458,-0.135459,-0.138387,-0.141237,-0.144004,-0.146685,-0.149274,-0.151768,-0.154162,-0.156451,-0.158631,-0.160696,-0.162642,-0.164465,-0.166159,-0.16772,-0.169143,-0.170423,-0.171555,-0.172535,-0.173359,-0.174021,-0.174517,-0.174843,-0.174995,-0.174968,-0.174759,-0.174365,-0.173782,-0.173007,-0.172037,-0.17087,-0.169505,-0.16794,-0.166175,-0.164208,-0.16204,-0.159673,-0.157108,-0.154346,-0.151393,-0.14825,-0.144924,-0.141419,-0.137743,-0.133903,-0.129906,-0.125763,-0.121483,-0.117078,-0.112559,-0.10794,-0.103234,-0.098455,-0.093619,-0.0887416,-0.0838392,-0.0789285,-0.074027,-0.0691523,-0.064322,-0.0595541,-0.0548663,-0.0502763,-0.0458015,-0.0414588,-0.0372645,-0.0332345,-0.0293838,-0.0257264,-0.0222755,-0.0190433,-0.0160406,-0.0132773,-0.0107618,-0.00850121,-0.0065014,-0.00476678,-0.00330039,-0.00210384,-0.00117736,-0.000519813,-0.000128654,0
0,-0.000160044,-0.000620221,-0.00136127,-0.00236467,-0.00361263,-0.00508814,-0.00677493,-0.00865753,-0.0107212,-0.012952,-0.0153366,-0.0178625,-0.0205178,-0.0232914,-0.0261726,-0.0291514,-0.0322185,-0.035365,-0.0385824,-0.0418628,-0.0451989,-0.0485834,-0.0520096,-0.0554712,-0.0589622,-0.0624767,-0.0660092,-0.0695544,-0.0731072,-0.0766627,-0.0802161,-0.0837628,-0.0872982,-0.090818,-0.0943177,-0.0977932,-0.10124,-0.104655,-0.108032,-0.111368,-0.11466,-0.117902,-0.12109,-0.124221,-0.12729,-0.130293,-0.133226,-0.136084,-0.138863,-0.141559,-0.144168,-0.146684,-0.149103,-0.151421,-0.153633,-0.155735,-0.157722,-0.15959,-0.161333,-0.162947,-0.164428,-0.165771,-0.166971,-0.168023,-0.168924,-0.169669,-0.170253,-0.170673,-0.170924,-0.171003,-0.170905,-0.170628,-0.170169,-0.169523,-0.168689,-0.167665,-0.166448,-0.165038,-0.163433,-0.161632,-0.159637,-0.157447,-0.155065,-0.152492,-0.14973,-0.146784,-0.143658,-0.140356,-0.136885,-0.13325,-0.129461,-0.125525,-0.121452,-0.117251,-0.112934,-0.108513,-0.103999,-0.0994079,-0.094752,-0.0900466,-0.085307,-0.080549,-0.0757888,-0.071043,-0.0663284,-0.061662,-0.0570608,-0.0525415,-0.048121,-0.0438156,-0.0396412,-0.0356131,-0.0317462,-0.0280544,-0.0245509,-0.0212479,-0.0181565,-0.0152868,-0.0126477,-0.010247,-0.00809108,-0.00618511,-0.00453296,-0.00313717,-0.00199894,-0.00111817,-0.000493449,-0.000122055,0
0,-0.000157119,-0.000608963,-0.0013367,-0.0023222,-0.00354806,-0.00499762,-0.00665498,-0.00850497,-0.0105332,-0.0127259,-0.0150701,-0.0175535,-0.0201646,-0.0228922,-0.0257259,-0.0286561,-0.0316734,-0.034769,-0.0379347,-0.0411627,-0.0444456,-0.0477763,-0.0511483,-0.0545551,-0.0579908,-0.0614496,-0.064926,-0.0684147,-0.0719106,-0.0754088,-0.0789044,-0.0823929,-0.0858697,-0.0893303,-0.0927704,-0.0961856,-0.0995717,-0.102925,-0.10624,-0.109513,-0.112741,-0.115918,-0.119042,-0.122106,-0.125108,-0.128044,-0.130907,-0.133696,-0.136404,-0.139028,-0.141564,-0.144007,-0.146352,-0.148595,-0.150731,-0.152757,-0.154667,-0.156457,-0.158123,-0.159659,-0.161062,-0.162327,-0.163449,-0.164425,-0.165249,-0.165919,-0.166429,-0.166776,-0.166956,-0.166966,-0.166802,-0.166462,-0.165941,-0.165239,-0.164351,-0.163278,-0.162016,-0.160566,-0.158927,-0.157098,-0.15508,-0.152874,-0.150483,-0.147907,-0.145151,-0.142219,-0.139113,-0.135841,-0.132408,-0.128821,-0.125088,-0.121216,-0.117217,-0.113098,-0.108873,-0.104551,-0.100146,-0.0956706,-0.0911386,-0.0865642,-0.0819623,-0.0773481,-0.0727372,-0.0681455,-0.0635891,-0.059084,-0.0546465,-0.0502924,-0.0460376,-0.0418974,-0.0378869,-0.0340205,-0.030312,-0.0267743,-0.0234198,-0.0202596,-0.0173042,-0.0145628,-0.0120435,-0.00975326,-0.00769795,-0.00588213,-0.00430912,-0.00298102,-0.00189866,-0.00106163,-0.000468285,-0.000115765,0
0,-0.000154035,-0.000597096,-0.0013108,-0.00227744,-0.00348002,-0.00490227,-0.00652865,-0.00834433,-0.0103352,-0.0124879,-0.0147897,-0.0172286,-0.0197931,-0.0224725,-0.0252566,-0.0281357,-0.0311008,-0.0341432,-0.0372548,-0.0404279,-0.0436553,-0.0469298,-0.0502451,-0.0535948,-0.0569729,-0.0603738,-0.0637918,-0.0672219,-0.0706587,-0.0740974,-0.0775333,-0.0809616,-0.0843778,-0.0877774,-0.091156,-0.0945093,-0.097833,-0.101123,-0.104374,-0.107584,-0.110746,-0.113858,-0.116915,-0.119913,-0.122847,-0.125714,-0.128509,-0.131227,-0.133864,-0.136417,-0.13888,-0.14125,-0.143522,-0.14569,-0.147752,-0.149703,-0.151537,-0.153252,-0.154841,-0.156302,-0.157629,-0.158819,-0.159866,-0.160768,-0.161519,-0.162117,-0.162557,-0.162835,-0.162949,-0.162894,-0.162668,-0.162269,-0.161692,-0.160938,-0.160002,-0.158885,-0.157584,-0.1561,-0.154431,-0.152579,-0.150545,-0.148329,-0.145933,-0.143361,-0.140616,-0.137702,-0.134623,-0.131386,-0.127996,-0.12446,-0.120787,-0.116984,-0.113061,-0.109028,-0.104896,-0.100676,-0.096381,-0.0920229,-0.0876153,-0.083172,-0.0787074,-0.0742362,-0.0697732,-0.0653337,-0.060933,-0.0565865,-0.0523095,-0.048117,-0.044024,-0.040045,-0.0361941,-0.0324847,-0.0289298,-0.0255415,-0.0223312,-0.0193092,-0.0164851,-0.0138673,-0.0114634,-0.00927954,-0.007321,-0.00559178,-0.00409475,-0.00283157,-0.00180274,-0.00100758,-0.000444251,-0.000109762,0
0,-0.000150797,-0.000584639,-0.00128361,-0.00223046,-0.00340862,-0.00480223,-0.00639612,-0.00817586,-0.0101277,-0.0122385,-0.0144958,-0.016888,-0.0194039,-0.0220329,-0.024765,-0.0275909,-0.0305015,-0.0334884,-0.0365436,-0.0396596,-0.0428291,-0.0460452,-0.0493016,-0.0525919,-0.0559103,-0.059251,-0.0626085,-0.0659778,-0.0693535,-0.0727309,-0.076105,-0.0794713,-0.0828251,-0.086162,-0.0894775,-0.0927673,-0.096027,-0.0992524,-0.102439,-0.105583,-0.10868,-0.111725,-0.114715,-0.117645,-0.120511,-0.123309,-0.126034,-0.128682,-0.131249,-0.133731,-0.136122,-0.13842,-0.140618,-0.142714,-0.144702,-0.146579,-0.14834,-0.14998,-0.151496,-0.152883,-0.154137,-0.155254,-0.15623,-0.157061,-0.157742,-0.158272,-0.158645,-0.158858,-0.158909,-0.158795,-0.158512,-0.158058,-0.157431,-0.156629,-0.15565,-0.154494,-0.153159,-0.151646,-0.149954,-0.148085,-0.146038,-0.143817,-0.141424,-0.13886,-0.136131,-0.133241,-0.130193,-0.126995,-0.123652,-0.120171,-0.116561,-0.11283,-0.108987,-0.105042,-0.101006,-0.0968897,-0.0927053,-0.0884652,-0.0841822,-0.0798698,-0.0755418,-0.0712122,-0.0668955,-0.0626061,-0.0583586,-0.0541677,-0.0500479,-0.0460134,-0.0420783,-0.0382563,-0.0345605,-0.0310037,-0.0275978,-0.0243542,-0.0212833,-0.0183948,-0.0156975,-0.013199,-0.0109063,-0.00882483,-0.00695936,-0.00531338,-0.00388931,-0.00268843,-0.00171093,-0.00095588,-0.000421277,-0.000104031,0
0,-0.000147411,-0.00057161,-0.00125518,-0.00218133,-0.00333396,-0.00469763,-0.00625759,-0.00799976,-0.00991075,-0.0119778,-0.0141889,-0.0165324,-0.0189976,-0.021574,-0.0242521,-0.0270224,-0.0298763,-0.0328055,-0.0358022,-0.0388587,-0.0419682,-0.0451237,-0.048319,-0.0515478,-0.0548043,-0.0580828,-0.0613779,-0.0646843,-0.067997,-0.0713111,-0.0746218,-0.0779243,-0.0812141,-0.0844867,-0.0877376,-0.0909624,-0.0941569,-0.0973167,-0.100437,-0.103515,-0.106545,-0.109523,-0.112445,-0.115307,-0.118105,-0.120834,-0.123489,-0.126067,-0.128564,-0.130974,-0.133295,-0.135521,-0.137647,-0.139671,-0.141587,-0.143392,-0.145081,-0.146649,-0.148093,-0.149409,-0.150593,-0.15164,-0.152547,-0.15331,-0.153926,-0.15439,-0.154701,-0.154854,-0.154846,-0.154676,-0.15434,-0.153836,-0.153163,-0.152319,-0.151302,-0.150112,-0.148749,-0.147212,-0.145502,-0.14362,-0.141567,-0.139346,-0.136959,-0.13441,-0.131701,-0.128838,-0.125827,-0.122671,-0.11938,-0.115958,-0.112415,-0.108758,-0.104997,-0.101142,-0.0972035,-0.093192,-0.0891192,-0.0849973,-0.0808389,-0.0766567,-0.0724642,-0.0682749,-0.0641025,-0.0599608,-0.0558639,-0.0518255,-0.0478594,-0.0439792,-0.0401981,-0.0365289,-0.032984,-0.0295753,-0.0263139,-0.0232103,-0.0202744,-0.0175149,-0.0149399,-0.0125566,-0.0103709,-0.00838808,-0.00661218,-0.00504625,-0.00369228,-0.00255122,-0.00162296,-0.000906375,-0.000399293,-9.8551e-05,0
0,-0.000143881,-0.000558025,-0.00122553,-0.00213011,-0.00325613,-0.00458861,-0.00611322,-0.00781629,-0.00968479,-0.0117063,-0.0138692,-0.0161621,-0.0185746,-0.0210965,-0.0237183,-0.0264311,-0.0292262,-0.0320955,-0.0350314,-0.0380264,-0.0410737,-0.0441666,-0.0472987,-0.0504639,-0.0536565,-0.0568708,-0.0601015,-0.0633433,-0.0665912,-0.0698403,-0.0730857,-0.0763228,-0.0795471,-0.0827539,-0.0859388,-0.0890975,-0.0922255,-0.0953186,-0.0983724,-0.101383,-0.104345,-0.107256,-0.11011,-0.112903,-0.115632,-0.118291,-0.120877,-0.123386,-0.125813,-0.128153,-0.130403,-0.132558,-0.134614,-0.136567,-0.138413,-0.140147,-0.141766,-0.143265,-0.14464,-0.145887,-0.147003,-0.147983,-0.148825,-0.149523,-0.150076,-0.15048,-0.150731,-0.150827,-0.150766,-0.150544,-0.15016,-0.149611,-0.148897,-0.148015,-0.146965,-0.145747,-0.144359,-0.142804,-0.141081,-0.139191,-0.137137,-0.134921,-0.132545,-0.130013,-0.12733,-0.1245,-0.121527,-0.118419,-0.115182,-0.111822,-0.108348,-0.104769,-0.101092,-0.097329,-0.093489,-0.089583,-0.0856223,-0.0816187,-0.0775843,-0.0735316,-0.0694733,-0.0654225,-0.0613923,-0.0573959,-0.0534466,-0.0495576,-0.0457419,-0.0420122,-0.038381,-0.0348605,-0.0314622,-0.0281971,-0.0250758,-0.0221079,-0.0193024,-0.0166676,-0.0142108,-0.0119385,-0.00985609,-0.00796827,-0.0062786,-0.00478968,-0.00350312,-0.00241954,-0.00153859,-0.000858914,-0.000378229,-9.33048e-05,0
0,-0.000140211,-0.000543904,-0.00119471,-0.00207688,-0.00317525,-0.00447531,-0.0059632,-0.00762565,-0.00945004,-0.0114244,-0.0135372,-0.0157776,-0.0181354,-0.0206008,-0.0231645,-0.0258176,-0.0285518,-0.0313593,-0.0342323,-0.0371638,-0.0401469,-0.043175,-0.0462419,-0.0493417,-0.0524685,-0.0556168,-0.0587812,-0.0619566,-0.0651379,-0.0683203,-0.071499,-0.0746692,-0.0778264,-0.0809661,-0.0840838,-0.087175,-0.0902356,-0.093261,-0.096247,-0.0991893,-0.102084,-0.104926,-0.107711,-0.110436,-0.113096,-0.115686,-0.118203,-0.120642,-0.123,-0.125271,-0.127451,-0.129537,-0.131524,-0.133408,-0.135185,-0.13685,-0.138401,-0.139832,-0.14114,-0.142322,-0.143373,-0.144289,-0.145068,-0.145706,-0.1462,-0.146546,-0.146742,-0.146786,-0.146674,-0.146405,-0.145977,-0.145388,-0.144637,-0.143722,-0.142644,-0.141402,-0.139996,-0.138426,-0.136695,-0.134802,-0.132751,-0.130545,-0.128185,-0.125675,-0.123021,-0.120227,-0.117298,-0.11424,-0.11106,-0.107765,-0.104363,-0.100863,-0.0972726,-0.0936024,-0.0898621,-0.0860622,-0.0822138,-0.0783282,-0.0744172,-0.0704928,-0.0665672,-0.062653,-0.0587627,-0.054909,-0.0511044,-0.0473615,-0.0436926,-0.0401097,-0.0366246,-0.0332486,-0.0299926,-0.026867,-0.0238813,-0.0210447,-0.0183655,-0.0158512,-0.0135085,-0.0113433,-0.00936058,-0.00756435,-0.00595775,-0.00454299,-0.00332131,-0.00229303,-0.00145755,-0.00081335,-0.000358016,-8.82742e-05,0
0,-0.000136406,-0.000529261,-0.00116276,-0.00202168,-0.00309139,-0.00435786,-0.00580769,-0.00742807,-0.00920678,-0.0111322,-0.0131933,-0.0153794,-0.0176807,-0.0200876,-0.0225911,-0.0251827,-0.0278541,-0.0305976,-0.0334059,-0.0362719,-0.0391888,-0.0421503,-0.0451502,-0.0481825,-0.0512417,-0.0543221,-0.0574186,-0.0605259,-0.0636391,-0.0667532,-0.0698636,-0.0729654,-0.0760543,-0.0791256,-0.0821748,-0.0851977,-0.0881897,-0.0911466,-0.094064,-0.0969377,-0.0997634,-0.102537,-0.105254,-0.10791,-0.1105,-0.113022,-0.11547,-0.117841,-0.120129,-0.122332,-0.124444,-0.126461,-0.12838,-0.130197,-0.131907,-0.133506,-0.13499,-0.136356,-0.1376,-0.138718,-0.139707,-0.140563,-0.141283,-0.141863,-0.142301,-0.142594,-0.142739,-0.142734,-0.142577,-0.142265,-0.141797,-0.141172,-0.140389,-0.139446,-0.138344,-0.137083,-0.135662,-0.134083,-0.132348,-0.130458,-0.128414,-0.126221,-0.123881,-0.121398,-0.118777,-0.116022,-0.11314,-0.110135,-0.107016,-0.103788,-0.10046,-0.0970407,-0.0935381,-0.089962,-0.0863221,-0.0826286,-0.0788923,-0.0751242,-0.0713356,-0.0675382,-0.0637436,-0.059964,-0.0562113,-0.0524975,-0.0488346,-0.0452345,-0.0417089,-0.038269,-0.0349261,-0.0316906,-0.0285728,-0.0255824,-0.0227282,-0.0200188,-0.0174617,-0.0150639,-0.0128315,-0.0107698,-0.00888316,-0.00717527,-0.00564878,-0.00430549,-0.00314631,-0.00217129,-0.00137959,-0.00076953,-0.000338585,-8.34404e-05,0
0,-0.000132469,-0.000514114,-0.00112971,-0.00196458,-0.00300464,-0.00423639,-0.00564688,-0.00722377,-0.00895528,-0.0108302,-0.0128378,-0.0149679,-0.0172109,-0.0195575,-0.021999,-0.0245271,-0.0271338,-0.0298115,-0.0325531,-0.0353517,-0.0382006,-0.0410936,-0.0440246,-0.0469878,-0.0499776,-0.0529885,-0.0560154,-0.059053,-0.0620964,-0.0651408,-0.0681815,-0.0712137,-0.0742329,-0.0772346,-0.0802144,-0.0831678,-0.0860904,-0.088978,-0.0918262,-0.0946307,-0.0973873,-0.100092,-0.10274,-0.105327,-0.107849,-0.110302,-0.112682,-0.114984,-0.117205,-0.119339,-0.121384,-0.123335,-0.125188,-0.126938,-0.128583,-0.130117,-0.131538,-0.132841,-0.134024,-0.135081,-0.136011,-0.136809,-0.137473,-0.138,-0.138386,-0.138629,-0.138727,-0.138677,-0.138478,-0.138127,-0.137624,-0.136968,-0.136156,-0.13519,-0.134069,-0.132793,-0.131362,-0.129779,-0.128044,-0.126159,-0.124128,-0.121952,-0.119636,-0.117184,-0.114599,-0.111887,-0.109054,-0.106106,-0.103049,-0.0998908,-0.096639,-0.0933018,-0.089888,-0.0864067,-0.0828676,-0.0792805,-0.075656,-0.0720046,-0.0683374,-0.0646654,-0.0610001,-0.0573529,-0.0537352,-0.0501586,-0.0466343,-0.0431738,-0.0397879,-0.0364874,-0.0332827,-0.0301839,-0.0272003,-0.024341,-0.0216143,-0.019028,-0.0165891,-0.014304,-0.0121781,-0.0102164,-0.0084226,-0.0068,-0.00535081,-0.00407648,-0.00297761,-0.00205395,-0.00130446,-0.000727306,-0.000319865,-7.87854e-05,0
0,-0.000128405,-0.000498476,-0.00109558,-0.00190564,-0.00291511,-0.00411101,-0.00548092,-0.00701296,-0.00869581,-0.0105187,-0.0124712,-0.0145436,-0.0167265,-0.0190111,-0.0213888,-0.0238516,-0.0263917,-0.0290018,-0.0316749,-0.0344043,-0.0371834,-0.0400062,-0.0428666,-0.0457589,-0.0486777,-0.0516174,-0.0545731,-0.0575395,-0.0605117,-0.063485,-0.0664546,-0.0694159,-0.0723643,-0.0752954,-0.0782046,-0.0810877,-0.0839401,-0.0867577,-0.089536,-0.0922709,-0.094958,-0.0975932,-0.100172,-0.102691,-0.105144,-0.107529,-0.109841,-0.112076,-0.114229,-0.116298,-0.118276,-0.120161,-0.121949,-0.123636,-0.125217,-0.126689,-0.128048,-0.129291,-0.130415,-0.131415,-0.132288,-0.133032,-0.133643,-0.134119,-0.134456,-0.134654,-0.134708,-0.134618,-0.134381,-0.133996,-0.133462,-0.132778,-0.131943,-0.130958,-0.129821,-0.128535,-0.127099,-0.125515,-0.123784,-0.12191,-0.119894,-0.11774,-0.115452,-0.113033,-0.110488,-0.107822,-0.105041,-0.102152,-0.0991597,-0.0960729,-0.0928986,-0.0896451,-0.086321,-0.0829351,-0.0794969,-0.076016,-0.0725027,-0.0689672,-0.06542,-0.061872,-0.0583339,-0.0548168,-0.0513317,-0.0478893,-0.0445007,-0.0411763,-0.0379267,-0.034762,-0.0316918,-0.0287257,-0.0258724,-0.0231403,-0.0205372,-0.0180701,-0.0157457,-0.0135696,-0.0115468,-0.00968169,-0.0079777,-0.00643751,-0.00506302,-0.00385531,-0.00281467,-0.00194062,-0.00123191,-0.000686532,-0.000301789,-7.42906e-05,0
0,-0.000124218,-0.000482363,-0.00106043,-0.00184491,-0.00282287,-0.00398185,-0.00530998,-0.00679586,-0.00842862,-0.0101979,-0.0120938,-0.0141068,-0.0162281,-0.0184489,-0.0207611,-0.0231568,-0.0256286,-0.0281694,-0.0307723,-0.0334307,-0.0361383,-0.0388892,-0.0416773,-0.0444972,-0.0473433,-0.0502104,-0.0530933,-0.055987,-0.0588867,-0.0617875,-0.0646848,-0.067574,-0.0704505,-0.0733098,-0.0761476,-0.0789594,-0.0817409,-0.0844878,-0.0871958,-0.0898606,-0.092478,-0.0950438,-0.0975536,-0.100003,-0.102389,-0.104706,-0.106951,-0.109119,-0.111206,-0.113209,-0.115123,-0.116944,-0.118668,-0.120292,-0.121812,-0.123223,-0.124524,-0.125709,-0.126776,-0.127721,-0.128541,-0.129234,-0.129795,-0.130224,-0.130517,-0.130671,-0.130686,-0.130559,-0.130289,-0.129873,-0.129312,-0.128605,-0.127751,-0.126751,-0.125603,-0.124311,-0.122873,-0.121293,-0.119571,-0.117711,-0.115715,-0.113586,-0.111328,-0.108946,-0.106443,-0.103827,-0.101101,-0.098272,-0.0953471,-0.0923332,-0.0892379,-0.086069,-0.0828352,-0.079545,-0.0762077,-0.0728328,-0.0694299,-0.0660092,-0.0625807,-0.0591548,-0.055742,-0.0523528,-0.0489975,-0.0456867,-0.0424305,-0.0392391,-0.0361224,-0.0330898,-0.0301505,-0.0273134,-0.0245866,-0.0219779,-0.0194946,-0.0171431,-0.0149295,-0.0128589,-0.010936,-0.0091644,-0.00754724,-0.00608679,-0.00478455,-0.00364129,-0.00265699,-0.00183094,-0.00116168,-0.00064706,-0.000284288,-6.99385e-05,0
0,-0.000119911,-0.000465787,-0.00102426,-0.00178245,-0.00272799,-0.00384903,-0.0051342,-0.00657265,-0.00815396,-0.00986823,-0.011706,-0.0136581,-0.015716,-0.0178715,-0.0201165,-0.0224435,-0.0248454,-0.0273152,-0.0298462,-0.032432,-0.0350665,-0.0377438,-0.0404581,-0.0432039,-0.0459759,-0.0487687,-0.0515775,-0.0543972,-0.0572229,-0.06005,-0.0628738,-0.0656897,-0.0684932,-0.0712799,-0.0740453,-0.0767851,-0.0794949,-0.0821706,-0.0848077,-0.0874021,-0.0899495,-0.0924457,-0.0948865,-0.0972679,-0.0995855,-0.101835,-0.104013,-0.106115,-0.108137,-0.110075,-0.111926,-0.113684,-0.115347,-0.11691,-0.11837,-0.119724,-0.120967,-0.122097,-0.12311,-0.124003,-0.124773,-0.125417,-0.125933,-0.126318,-0.126569,-0.126685,-0.126664,-0.126504,-0.126203,-0.125762,-0.125178,-0.124452,-0.123582,-0.122571,-0.121417,-0.120122,-0.118687,-0.117114,-0.115405,-0.113562,-0.111589,-0.109489,-0.107265,-0.104923,-0.102466,-0.0999002,-0.0972315,-0.0944657,-0.0916096,-0.0886701,-0.0856548,-0.0825715,-0.0794284,-0.0762341,-0.0729976,-0.069728,-0.0664348,-0.0631277,-0.0598164,-0.0565109,-0.0532213,-0.0499575,-0.0467296,-0.0435474,-0.0404207,-0.0373591,-0.0343719,-0.0314679,-0.028656,-0.0259442,-0.0233402,-0.0208514,-0.0184842,-0.0162449,-0.0141387,-0.0121704,-0.0103441,-0.00866312,-0.00713006,-0.00574683,-0.00451459,-0.00343376,-0.00250407,-0.00172454,-0.00109353,-0.000608747,-0.000267296,-6.57115e-05,0
0,-0.000115486,-0.000448762,-0.00098711,-0.0017183,-0.00263057,-0.00371265,-0.00495375,-0.00634353,-0.00787209,-0.00952996,-0.0113081,-0.0131979,-0.0151909,-0.0172794,-0.0194557,-0.0217125,-0.0240428,-0.0264399,-0.0288975,-0.0314091,-0.0339689,-0.0365711,-0.0392101,-0.0418804,-0.0445767,-0.047294,-0.0500272,-0.0527715,-0.0555221,-0.0582742,-0.0610233,-0.0637648,-0.0664943,-0.0692073,-0.0718995,-0.0745665,-0.077204,-0.0798078,-0.0823736,-0.0848972,-0.0873744,-0.089801,-0.0921728,-0.0944858,-0.0967359,-0.0989189,-0.101031,-0.103068,-0.105025,-0.1069,-0.108688,-0.110385,-0.111987,-0.113492,-0.114895,-0.116192,-0.117381,-0.118458,-0.119419,-0.120263,-0.120986,-0.121585,-0.122057,-0.122402,-0.122615,-0.122696,-0.122642,-0.122453,-0.122126,-0.121662,-0.121059,-0.120318,-0.119438,-0.118419,-0.117262,-0.115969,-0.11454,-0.112978,-0.111285,-0.109464,-0.107517,-0.105448,-0.103262,-0.100962,-0.0985535,-0.0960416,-0.0934321,-0.0907311,-0.0879453,-0.0850815,-0.0821472,-0.07915,-0.076098,-0.0729996,-0.0698636,-0.0666987,-0.0635142,-0.0603195,-0.0571239,-0.053937,-0.0507684,-0.0476278,-0.0445246,-0.0414683,-0.0384681,-0.0355331,-0.0326721,-0.0298935,-0.0272054,-0.0246154,-0.0221309,-0.0197583,-0.017504,-0.0153733,-0.0133713,-0.0115022,-0.00976966,-0.00817651,-0.00672501,-0.00541668,-0.00425233,-0.00323209,-0.0023554,-0.00162106,-0.00102723,-0.000571454,-0.000250747,-6.1592e-05,0
0,-0.000110947,-0.000431295,-0.000949004,-0.0016525,-0.00253066,-0.00357282,-0.00476877,-0.0061087,-0.00758323,-0.00918339,-0.0109006,-0.0127265,-0.0146533,-0.0166733,-0.0187794,-0.0209644,-0.0232216,-0.0255446,-0.0279271,-0.0303631,-0.0328468,-0.0353724,-0.0379345,-0.0405279,-0.0431472,-0.0457876,-0.0484439,-0.0511115,-0.0537857,-0.0564616,-0.0591349,-0.061801,-0.0644555,-0.0670939,-0.069712,-0.0723055,-0.07487,-0.0774014,-0.0798954,-0.0823478,-0.0847545,-0.0871114,-0.0894143,-0.0916591,-0.0938419,-0.0959584,-0.0980049,-0.0999772,-0.101871,-0.103684,-0.10541,-0.107048,-0.108592,-0.110039,-0.111386,-0.112629,-0.113766,-0.114792,-0.115705,-0.116502,-0.11718,-0.117737,-0.11817,-0.118477,-0.118656,-0.118705,-0.118622,-0.118407,-0.118059,-0.117576,-0.116958,-0.116205,-0.115317,-0.114295,-0.113139,-0.111851,-0.110433,-0.108885,-0.107212,-0.105415,-0.103498,-0.101464,-0.0993174,-0.0970627,-0.0947047,-0.0922487,-0.0897004,-0.0870659,-0.0843517,-0.0815648,-0.0787122,-0.0758017,-0.0728411,-0.0698385,-0.0668025,-0.0637417,-0.060665,-0.0575813,-0.0544998,-0.0514296,-0.04838,-0.0453602,-0.0423792,-0.039446,-0.0365694,-0.033758,-0.03102,-0.0283635,-0.0257959,-0.0233245,-0.0209559,-0.0186964,-0.0165516,-0.0145265,-0.0126256,-0.0108528,-0.00921119,-0.0077033,-0.00633098,-0.00509539,-0.003997,-0.00303565,-0.00221052,-0.00152016,-0.000962533,-0.000535042,-0.000234578,-5.75622e-05,0
0,-0.000106295,-0.000413397,-0.000909964,-0.0015851,-0.00242833,-0.00342964,-0.00457938,-0.00586834,-0.00728764,-0.00882881,-0.0104837,-0.0122444,-0.0141035,-0.0160538,-0.0180881,-0.0201999,-0.0223826,-0.0246301,-0.0269362,-0.0292951,-0.0317011,-0.0341488,-0.0366327,-0.0391477,-0.0416887,-0.0442508,-0.046829,-0.0494187,-0.0520152,-0.0546138,-0.0572102,-0.0597998,-0.0623783,-0.0649412,-0.0674844,-0.0700036,-0.0724944,-0.0749528,-0.0773745,-0.0797555,-0.0820915,-0.0843785,-0.0866125,-0.0887893,-0.090905,-0.0929556,-0.0949371,-0.0968456,-0.0986773,-0.100428,-0.102095,-0.103674,-0.105161,-0.106553,-0.107846,-0.109037,-0.110124,-0.111102,-0.111968,-0.112721,-0.113358,-0.113875,-0.114271,-0.114544,-0.114692,-0.114712,-0.114604,-0.114367,-0.114,-0.113502,-0.112872,-0.112111,-0.11122,-0.110198,-0.109047,-0.107768,-0.106363,-0.104834,-0.103183,-0.101414,-0.0995295,-0.0975332,-0.0954293,-0.0932224,-0.0909172,-0.0885191,-0.0860338,-0.0834673,-0.0808261,-0.078117,-0.0753469,-0.0725235,-0.0696543,-0.0667475,-0.063811,-0.0608535,-0.0578835,-0.0549095,-0.0519405,-0.0489853,-0.0460526,-0.0431513,-0.04029,-0.0374773,-0.0347214,-0.0320306,-0.0294127,-0.026875,-0.0244248,-0.0220688,-0.019813,-0.0176634,-0.015625,-0.0137025,-0.0118998,-0.0102205,-0.00866729,-0.00724226,-0.00594691,-0.00478206,-0.00374786,-0.00284386,-0.00206897,-0.0014215,-0.000899227,-0.000499379,-0.000218725,-5.36062e-05,0
0,-0.000101532,-0.000395076,-0.000870009,-0.00151613,-0.00232366,-0.0032832,-0.00438574,-0.00562263,-0.00698556,-0.00846653,-0.0100579,-0.0117521,-0.0135422,-0.0154213,-0.0173826,-0.0194198,-0.0215267,-0.0236972,-0.0259255,-0.0282059,-0.030533,-0.0329014,-0.0353057,-0.0377411,-0.0402025,-0.042685,-0.0451838,-0.0476944,-0.050212,-0.0527322,-0.0552506,-0.0577627,-0.0602642,-0.0627508,-0.0652182,-0.0676623,-0.0700788,-0.0724636,-0.0748126,-0.0771216,-0.0793867,-0.0816037,-0.0837687,-0.0858776,-0.0879264,-0.0899114,-0.0918285,-0.093674,-0.0954439,-0.0971347,-0.0987427,-0.100264,-0.101696,-0.103034,-0.104275,-0.105416,-0.106454,-0.107386,-0.108209,-0.108921,-0.109518,-0.109999,-0.110361,-0.110603,-0.110722,-0.110718,-0.110588,-0.110332,-0.10995,-0.10944,-0.108802,-0.108037,-0.107145,-0.106127,-0.104984,-0.103718,-0.10233,-0.100822,-0.0991975,-0.097459,-0.0956099,-0.0936539,-0.0915953,-0.0894384,-0.0871882,-0.08485,-0.0824293,-0.0799323,-0.0773652,-0.0747348,-0.0720479,-0.0693119,-0.0665343,-0.0637228,-0.0608855,-0.0580305,-0.0551661,-0.0523006,-0.0494426,-0.0466005,-0.0437827,-0.0409977,-0.0382537,-0.0355588,-0.0329211,-0.030348,-0.0278472,-0.0254254,-0.0230896,-0.0208458,-0.0186999,-0.0166571,-0.0147222,-0.0128994,-0.0111923,-0.00960391,-0.00813664,-0.00679223,-0.0055718,-0.00447584,-0.00350421,-0.00265615,-0.00193031,-0.00132477,-0.000837096,-0.00046434,-0.000203129,-4.97073e-05,0
0,-9.66595e-05,-0.000376339,-0.000829158,-0.00144564,-0.0022167,-0.00313361,-0.00418798,-0.00537177,-0.00667722,-0.00809685,-0.00962344,-0.01125,-0.0129699,-0.0147765,-0.0166636,-0.0186249,-0.0206546,-0.0227469,-0.0248961,-0.0270968,-0.0293436,-0.0316314,-0.0339549,-0.0363094,-0.0386898,-0.0410915,-0.0435098,-0.04594,-0.0483777,-0.0508183,-0.0532576,-0.0556911,-0.0581146,-0.0605239,-0.0629147,-0.0652829,-0.0676244,-0.069935,-0.0722107,-0.0744474,-0.0766412,-0.078788,-0.0808839,-0.0829249,-0.0849072,-0.0868268,-0.08868,-0.0904629,-0.0921719,-0.0938033,-0.0953535,-0.0968189,-0.0981962,-0.0994819,-0.100673,-0.101766,-0.102758,-0.103646,-0.104428,-0.1051,-0.105661,-0.106108,-0.106439,-0.106653,-0.106747,-0.10672,-0.106572,-0.106301,-0.105906,-0.105388,-0.104746,-0.10398,-0.103092,-0.102081,-0.100949,-0.0996986,-0.0983305,-0.0968474,-0.0952519,-0.093547,-0.0917362,-0.0898232,-0.0878121,-0.0857076,-0.0835144,-0.0812379,-0.0788835,-0.0764573,-0.0739654,-0.0714145,-0.0688114,-0.0661631,-0.0634771,-0.0607609,-0.0580222,-0.0552689,-0.0525091,-0.0497509,-0.0470023,-0.0442715,-0.0415667,-0.0388959,-0.0362669,-0.0336875,-0.0311652,-0.0287072,-0.0263206,-0.024012,-0.0217876,-0.0196532,-0.0176142,-0.0156754,-0.0138413,-0.0121155,-0.0105014,-0.00900156,-0.00761799,-0.00635211,-0.00520471,-0.00417595,-0.00326539,-0.00247199,-0.00179414,-0.00122968,-0.00077594,-0.000429803,-0.000187733,-4.58508e-05,0
0,-9.16777e-05,-0.000357192,-0.000787428,-0.00137366,-0.00210751,-0.00298095,-0.00398625,-0.00511596,-0.00636288,-0.00772009,-0.00918084,-0.0107386,-0.0123871,-0.0141201,-0.0159317,-0.017816,-0.0197673,-0.0217801,-0.0238491,-0.0259688,-0.0281341,-0.03034,-0.0325815,-0.0348538,-0.0371521,-0.0394718,-0.0418083,-0.044157,-0.0465135,-0.0488734,-0.0512325,-0.0535864,-0.0559309,-0.0582619,-0.0605752,-0.0628667,-0.0651324,-0.0673681,-0.06957,-0.0717339,-0.073856,-0.0759324,-0.077959,-0.0799321,-0.0818478,-0.0837024,-0.085492,-0.0872129,-0.0888616,-0.0904344,-0.0919278,-0.0933383,-0.0946626,-0.0958975,-0.0970396,-0.0980861,-0.0990339,-0.0998803,-0.100623,-0.101258,-0.101785,-0.102201,-0.102504,-0.102692,-0.102764,-0.102719,-0.102555,-0.102271,-0.101868,-0.101345,-0.100701,-0.0999381,-0.099056,-0.0980559,-0.0969391,-0.0957072,-0.0943623,-0.0929068,-0.0913433,-0.0896749,-0.087905,-0.0860375,-0.0840764,-0.0820264,-0.0798922,-0.0776791,-0.0753926,-0.0730385,-0.0706229,-0.0681524,-0.0656335,-0.0630733,-0.0604789,-0.0578577,-0.0552172,-0.0525649,-0.0499088,-0.0472565,-0.044616,-0.041995,-0.0394013,-0.0368426,-0.0343264,-0.0318601,-0.0294508,-0.0271053,-0.0248304,-0.0226322,-0.0205165,-0.0184887,-0.0165539,-0.0147165,-0.0129805,-0.0113493,-0.00982579,-0.0084122,-0.00711022,-0.00592093,-0.00484479,-0.00388166,-0.00303081,-0.00229091,-0.00166009,-0.00113594,-0.000715573,-0.00039566,-0.000172485,-4.2022e-05,0
0,-8.65879e-05,-0.00033764,-0.000744837,-0.00130022,-0.00199616,-0.00282534,-0.00378069,-0.00485538,-0.00604283,-0.0073366,-0.00873048,-0.0102184,-0.0117944,-0.0134527,-0.0151877,-0.0169938,-0.0188657,-0.0207979,-0.0227854,-0.0248229,-0.0269056,-0.0290285,-0.0311868,-0.0333757,-0.0355907,-0.0378272,-0.0400806,-0.0423466,-0.0446208,-0.0468989,-0.0491766,-0.0514498,-0.0537143,-0.0559661,-0.0582009,-0.0604148,-0.0626039,-0.064764,-0.0668913,-0.0689819,-0.0710319,-0.0730374,-0.0749945,-0.0768996,-0.0787487,-0.0805383,-0.0822646,-0.083924,-0.0855128,-0.0870277,-0.0884652,-0.0898218,-0.0910943,-0.0922796,-0.0933745,-0.094376,-0.0952814,-0.0960879,-0.096793,-0.0973942,-0.0978894,-0.0982765,-0.0985537,-0.0987192,-0.0987718,-0.0987102,-0.0985334,-0.0982408,-0.097832,-0.0973067,-0.0966652,-0.0959079,-0.0950356,-0.0940492,-0.0929502,-0.0917404,-0.0904218,-0.0889967,-0.0874681,-0.0858389,-0.0841125,-0.082293,-0.0803842,-0.0783908,-0.0763175,-0.0741696,-0.0719524,-0.0696716,-0.0673334,-0.0649441,-0.0625101,-0.0600383,-0.0575357,-0.0550093,-0.0524665,-0.0499147,-0.0473613,-0.0448139,-0.0422801,-0.0397673,-0.037283,-0.0348345,-0.0324291,-0.0300737,-0.027775,-0.0255397,-0.023374,-0.0212836,-0.019274,-0.0173504,-0.0155172,-0.0137787,-0.0121384,-0.0105994,-0.00916415,-0.00783469,-0.00661233,-0.00549781,-0.0044913,-0.00359235,-0.00279994,-0.00211248,-0.00152783,-0.00104332,-0.000655831,-0.000361809,-0.000157336,-3.8207e-05,0
0,-8.13907e-05,-0.00031769,-0.000701398,-0.00122536,-0.00188272,-0.00266688,-0.00357146,-0.00459028,-0.00571734,-0.00694676,-0.00827281,-0.00968987,-0.0111924,-0.0127751,-0.0144325,-0.0161594,-0.0179507,-0.0198013,-0.0217062,-0.0236605,-0.0256594,-0.0276981,-0.029772,-0.0318764,-0.0340069,-0.036159,-0.0383282,-0.0405103,-0.042701,-0.0448961,-0.0470913,-0.0492827,-0.0514661,-0.0536374,-0.0557928,-0.0579282,-0.0600397,-0.0621234,-0.0641755,-0.0661921,-0.0681693,-0.0701035,-0.0719908,-0.0738275,-0.07561,-0.0773346,-0.0789977,-0.0805957,-0.0821252,-0.0835828,-0.084965,-0.0862685,-0.0874903,-0.0886271,-0.089676,-0.0906341,-0.0914987,-0.0922671,-0.0929368,-0.0935056,-0.0939713,-0.094332,-0.0945859,-0.0947314,-0.0947672,-0.0946922,-0.0945056,-0.0942068,-0.0937953,-0.0932712,-0.0926347,-0.0918862,-0.0910266,-0.0900571,-0.088979,-0.0877942,-0.0865048,-0.0851131,-0.0836221,-0.0820347,-0.0803545,-0.0785852,-0.076731,-0.0747963,-0.0727859,-0.0707048,-0.0685584,-0.0663524,-0.0640927,-0.0617854,-0.0594369,-0.0570539,-0.0546431,-0.0522115,-0.0497661,-0.0473141,-0.0448628,-0.0424193,-0.039991,-0.037585,-0.0352085,-0.0328686,-0.030572,-0.0283254,-0.0261354,-0.0240079,-0.021949,-0.0199641,-0.0180583,-0.0162363,-0.0145024,-0.0128603,-0.0113134,-0.00986438,-0.00851539,-0.00726807,-0.00612346,-0.00508201,-0.00414359,-0.00330747,-0.00257235,-0.00193635,-0.00139708,-0.000951611,-0.000596571,-0.000328164,-0.000142245,-3.43941e-05,0
0,-7.6087e-05,-0.000297345,-0.000657132,-0.00114913,-0.00176726,-0.00250569,-0.00335875,-0.00432091,-0.00538676,-0.00655098,-0.00780835,-0.0091537,-0.0105819,-0.012088,-0.0136668,-0.0153136,-0.0170234,-0.0187913,-0.0206127,-0.0224827,-0.0243967,-0.0263502,-0.0283386,-0.0303573,-0.0324021,-0.0344686,-0.0365525,-0.0386495,-0.0407554,-0.0428662,-0.0449778,-0.0470862,-0.0491872,-0.0512771,-0.0533519,-0.0554077,-0.0574407,-0.0594471,-0.061423,-0.0633648,-0.0652686,-0.0671308,-0.0689478,-0.0707159,-0.0724314,-0.0740909,-0.0756908,-0.0772276,-0.078698,-0.0800986,-0.0814261,-0.0826773,-0.0838492,-0.0849386,-0.0859427,-0.0868587,-0.0876838,-0.0884157,-0.0890519,-0.0895901,-0.0900284,-0.0903648,-0.0905976,-0.0907255,-0.0907471,-0.0906615,-0.0904677,-0.0901654,-0.0897542,-0.0892341,-0.0886055,-0.0878688,-0.087025,-0.0860753,-0.085021,-0.0838642,-0.0826068,-0.0812513,-0.0798006,-0.0782577,-0.0766262,-0.0749096,-0.0731122,-0.0712383,-0.0692926,-0.0672801,-0.0652061,-0.0630762,-0.060896,-0.0586717,-0.0564094,-0.0541157,-0.0517971,-0.0494602,-0.0471121,-0.0447595,-0.0424095,-0.0400691,-0.0377453,-0.0354449,-0.0331748,-0.0309418,-0.0287523,-0.0266128,-0.0245293,-0.0225077,-0.0205534,-0.0186718,-0.0168675,-0.0151449,-0.013508,-0.0119602,-0.0105046,-0.00914339,-0.0078786,-0.00671154,-0.00564293,-0.00467295,-0.00380118,-0.00302662,-0.00234768,-0.00176224,-0.00126763,-0.000860651,-0.000537679,-0.000294655,-0.000127176,-3.05731e-05,0
0,-7.06762e-05,-0.000276611,-0.000612061,-0.00107156,-0.00164988,-0.00234193,-0.00314278,-0.00404755,-0.00505146,-0.00614975,-0.00733767,-0.00861054,-0.00996364,-0.0113923,-0.0128918,-0.0144576,-0.016085,-0.0177694,-0.0195062,-0.0212909,-0.0231191,-0.0249863,-0.026888,-0.02882,-0.0307779,-0.0327576,-0.0347548,-0.0367654,-0.0387854,-0.0408107,-0.0428374,-0.0448614,-0.0468789,-0.0488861,-0.0508791,-0.0528542,-0.0548076,-0.0567355,-0.0586343,-0.0605004,-0.06233,-0.0641196,-0.0658655,-0.0675644,-0.0692125,-0.0708066,-0.0723431,-0.0738187,-0.0752301,-0.076574,-0.0778471,-0.0790465,-0.0801691,-0.0812119,-0.0821722,-0.0830472,-0.0838343,-0.0845311,-0.0851353,-0.0856447,-0.0860574,-0.0863715,-0.0865855,-0.086698,-0.0867078,-0.0866139,-0.0864156,-0.0861124,-0.0857042,-0.0851909,-0.084573,-0.083851,-0.0830259,-0.0820988,-0.0810714,-0.0799453,-0.0787228,-0.0774063,-0.0759986,-0.0745028,-0.0729223,-0.0712609,-0.0695225,-0.0677115,-0.0658325,-0.0638905,-0.0618905,-0.059838,-0.0577387,-0.0555983,-0.0534231,-0.0512193,-0.0489931,-0.0467513,-0.0445003,-0.0422469,-0.0399979,-0.0377599,-0.0355396,-0.0333438,-0.0311789,-0.0290514,-0.0269676,-0.0249334,-0.0229546,-0.0210369,-0.0191854,-0.017405,-0.0157001,-0.0140749,-0.0125329,-0.0110773,-0.00971086,-0.00843559,-0.00725314,-0.00616454,-0.00517027,-0.00427023,-0.00346373,-0.0027495,-0.00212572,-0.00158997,-0.00113932,-0.00077033,-0.000479077,-0.000261231,-0.000112102,-2.67355e-05,0
0,-6.5158e-05,-0.000255498,-0.000566212,-0.000992736,-0.00153068,-0.00217577,-0.00292379,-0.00377056,-0.0047119,-0.00574361,-0.00686146,-0.00806118,-0.00933849,-0.0106891,-0.0121085,-0.0135926,-0.0151368,-0.0167368,-0.0183882,-0.0200867,-0.021828,-0.0236078,-0.0254218,-0.0272658,-0.0291357,-0.0310274,-0.0329367,-0.0348597,-0.0367924,-0.0387308,-0.0406711,-0.0426095,-0.0445421,-0.0464653,-0.0483752,-0.0502683,-0.0521408,-0.0539891,-0.0558097,-0.0575989,-0.0593533,-0.0610694,-0.0627436,-0.0643725,-0.0659527,-0.0674808,-0.0689536,-0.0703677,-0.07172,-0.0730072,-0.0742262,-0.0753741,-0.0764479,-0.0774448,-0.078362,-0.079197,-0.0799471,-0.0806101,-0.0811837,-0.0816658,-0.0820546,-0.0823483,-0.0825454,-0.0826446,-0.0826448,-0.0825449,-0.0823445,-0.0820431,-0.0816404,-0.0811367,-0.0805322,-0.0798277,-0.079024,-0.0781224,-0.0771245,-0.076032,-0.0748472,-0.0735724,-0.0722104,-0.0707643,-0.0692375,-0.0676336,-0.0659565,-0.0642106,-0.0624004,-0.0605306,-0.0586063,-0.0566329,-0.0546157,-0.0525605,-0.0504733,-0.0483601,-0.0462271,-0.0440805,-0.0419269,-0.0397727,-0.0376243,-0.0354882,-0.0333709,-0.0312788,-0.0292181,-0.027195,-0.0252154,-0.0232851,-0.0214096,-0.0195941,-0.0178435,-0.0161624,-0.0145551,-0.0130253,-0.0115763,-0.010211,-0.00893175,-0.00774052,-0.0066386,-0.00562676,-0.00470523,-0.00387365,-0.00313108,-0.00247602,-0.00190636,-0.00141946,-0.00101211,-0.000680599,-0.000420728,-0.000227863,-9.70079e-05,-2.28766e-05,0
0,-5.95347e-05,-0.000234017,-0.000519621,-0.00091272,-0.00140981,-0.00200742,-0.00270211,-0.00349036,-0.00436862,-0.00533324,-0.00638048,-0.00750654,-0.00870751,-0.00997942,-0.0113182,-0.0127199,-0.0141802,-0.015695,-0.0172602,-0.0188716,-0.0205251,-0.0222165,-0.0239417,-0.0256966,-0.0274773,-0.0292796,-0.0310997,-0.0329337,-0.0347776,-0.0366278,-0.0384803,-0.0403316,-0.0421779,-0.0440155,-0.0458409,-0.0476505,-0.0494408,-0.0512082,-0.0529492,-0.0546604,-0.0563385,-0.0579798,-0.0595812,-0.0611393,-0.0626508,-0.0641124,-0.0655208,-0.066873,-0.0681659,-0.0693962,-0.0705611,-0.0716576,-0.072683,-0.0736343,-0.0745091,-0.0753047,-0.0760187,-0.0766489,-0.0771931,-0.0776494,-0.0780158,-0.0782908,-0.0784728,-0.0785606,-0.0785532,-0.0784496,-0.0782493,-0.077952,-0.0775574,-0.0770657,-0.0764773,-0.0757929,-0.0750134,-0.0741401,-0.0731745,-0.0721185,-0.070974,-0.0697437,-0.0684301,-0.0670364,-0.0655657,-0.0640218,-0.0624085,-0.0607299,-0.0589905,-0.057195,-0.0553483,-0.0534555,-0.0515221,-0.0495534,-0.0475554,-0.0455337,-0.0434946,-0.0414439,-0.039388,-0.0373331,-0.0352853,-0.033251,-0.0312362,-0.0292472,-0.02729,-0.0253703,-0.0234938,-0.0216662,-0.0198925,-0.0181777,-0.0165265,-0.0149432,-0.0134317,-0.0119954,-0.0106376,-0.00936071,-0.00816699,-0.00705803,-0.00603491,-0.00509819,-0.00424784,-0.00348327,-0.00280332,-0.00220623,-0.00168968,-0.00125077,-0.00088603,-0.000591484,-0.000362642,-0.000194557,-8.18915e-05,-1.89937e-05,0
0,-5.38079e-05,-0.000212184,-0.000472337,-0.000831622,-0.00128744,-0.00183717,-0.00247812,-0.00320746,-0.00402226,-0.00491942,-0.0058957,-0.0069477,-0.00807192,-0.00926472,-0.0105224,-0.011841,-0.0132168,-0.0146458,-0.016124,-0.0176475,-0.0192122,-0.0208142,-0.0224495,-0.0241141,-0.0258043,-0.027516,-0.0292455,-0.030989,-0.0327427,-0.034503,-0.0362663,-0.0380288,-0.0397871,-0.0415377,-0.0432769,-0.0450015,-0.0467079,-0.0483928,-0.0500528,-0.0516846,-0.0532849,-0.0548504,-0.0563778,-0.0578639,-0.0593056,-0.0606997,-0.0620431,-0.0633327,-0.0645656,-0.0657387,-0.0668492,-0.0678943,-0.0688711,-0.0697772,-0.0706098,-0.0713667,-0.0720453,-0.0726436,-0.0731594,-0.0735909,-0.0739362,-0.0741939,-0.0743624,-0.0744406,-0.0744275,-0.0743222,-0.0741243,-0.0738332,-0.0734491,-0.0729719,-0.0724021,-0.0717405,-0.0709879,-0.0701455,-0.069215,-0.0681981,-0.0670969,-0.0659137,-0.0646512,-0.0633125,-0.0619007,-0.0604193,-0.0588722,-0.0572634,-0.0555971,-0.0538781,-0.0521109,-0.0503007,-0.0484526,-0.046572,-0.0446645,-0.0427357,-0.0407914,-0.0388374,-0.0368799,-0.0349247,-0.0329778,-0.0310452,-0.0291329,-0.0272467,-0.0253923,-0.0235754,-0.0218013,-0.0200753,-0.0184023,-0.016787,-0.0152338,-0.0137467,-0.0123294,-0.0109851,-0.00971677,-0.00852666,-0.00741671,-0.00638833,-0.00544236,-0.00457914,-0.00379843,-0.00309944,-0.00248077,-0.00194045,-0.00147595,-0.00108411,-0.000761252,-0.000503106,-0.000304896,-0.00016135,-6.67677e-05,-1.50892e-05,0
0,-4.79817e-05,-0.000190025,-0.000424434,-0.000749584,-0.00116382,-0.00166537,-0.00225232,-0.00292252,-0.00367365,-0.00450314,-0.00540823,-0.00638595,-0.00743315,-0.00854652,-0.00972261,-0.0109579,-0.0122486,-0.0135911,-0.0149816,-0.0164163,-0.0178913,-0.0194029,-0.0209472,-0.0225203,-0.0241186,-0.0257383,-0.0273757,-0.0290272,-0.0306891,-0.0323579,-0.0340301,-0.0357022,-0.0373708,-0.0390324,-0.0406838,-0.0423215,-0.0439424,-0.0455431,-0.0471204,-0.0486711,-0.0501921,-0.0516801,-0.0531321,-0.054545,-0.0559157,-0.0572412,-0.0585185,-0.0597446,-0.0609167,-0.062032,-0.0630876,-0.0640808,-0.0650091,-0.0658697,-0.0666604,-0.0673787,-0.0680224,-0.0685893,-0.0690775,-0.0694852,-0.0698106,-0.0700522,-0.0702087,-0.0702788,-0.0702617,-0.0701566,-0.0699629,-0.0696804,-0.0693089,-0.0688486,-0.0682999,-0.0676635,-0.0669404,-0.0661317,-0.065239,-0.064264,-0.0632087,-0.0620755,-0.060867,-0.059586,-0.0582358,-0.0568196,-0.0553413,-0.0538047,-0.0522141,-0.0505738,-0.0488884,-0.0471629,-0.0454021,-0.0436114,-0.041796,-0.0399615,-0.0381133,-0.0362572,-0.0343989,-0.0325442,-0.0306987,-0.0288683,-0.0270585,-0.0252751,-0.0235234,-0.0218088,-0.0201365,-0.0185114,-0.0169382,-0.0154214,-0.013965,-0.0125729,-0.0112484,-0.00999468,-0.00881425,-0.0077093,-0.00668151,-0.00573206,-0.00486161,-0.0040703,-0.0033577,-0.0027228,-0.00216403,-0.00167923,-0.00126563,-0.000919897,-0.000638088,-0.000415692,-0.000247638,-0.000128326,-5.16712e-05,-1.11715e-05,0
0,-4.2062e-05,-0.000167577,-0.000376009,-0.0006668,-0.00103926,-0.00149249,-0.00202534,-0.00263634,-0.00332376,-0.00408556,-0.00491943,-0.0058228,-0.00679287,-0.00782664,-0.00892093,-0.0100724,-0.0112777,-0.0125331,-0.0138353,-0.0151804,-0.0165648,-0.0179849,-0.0194369,-0.0209173,-0.0224224,-0.0239485,-0.0254923,-0.0270501,-0.0286184,-0.0301939,-0.0317732,-0.0333529,-0.0349298,-0.0365006,-0.038062,-0.039611,-0.0411443,-0.0426589,-0.0441515,-0.0456193,-0.0470591,-0.048468,-0.0498429,-0.0511809,-0.0524791,-0.0537346,-0.0549445,-0.056106,-0.0572164,-0.0582729,-0.0592728,-0.0602136,-0.0610928,-0.0619078,-0.0626563,-0.0633361,-0.0639451,-0.064481,-0.0649422,-0.0653267,-0.065633,-0.0658597,-0.0660053,-0.0660688,-0.0660493,-0.065946,-0.0657585,-0.0654864,-0.0651297,-0.0646885,-0.0641633,-0.0635546,-0.0628636,-0.0620912,-0.061239,-0.0603086,-0.0593022,-0.0582218,-0.0570701,-0.0558498,-0.0545639,-0.0532159,-0.0518091,-0.0503475,-0.0488351,-0.0472761,-0.045675,-0.0440365,-0.0423653,-0.0406665,-0.0389452,-0.0372067,-0.0354564,-0.0336995,-0.0319418,-0.0301885,-0.0284454,-0.0267177,-0.0250111,-0.0233307,-0.0216818,-0.0200695,-0.0184987,-0.0169741,-0.0155001,-0.0140809,-0.0127204,-0.0114222,-0.0101894,-0.00902483,-0.00793093,-0.00690965,-0.00596245,-0.00509035,-0.00429382,-0.00357281,-0.00292673,-0.0023544,-0.00185407,-0.00142341,-0.00105948,-0.000758734,-0.000517025,-0.000329599,-0.000191109,-9.56244e-05,-3.66647e-05,-7.25358e-06,0
0,-3.60592e-05,-0.000144895,-0.000327202,-0.000583531,-0.000914186,-0.00131914,-0.00179798,-0.00234994,-0.00297384,-0.00366814,-0.00443096,-0.00526011,-0.00615311,-0.00710725,-0.00811961,-0.00918709,-0.0103065,-0.0114744,-0.0126874,-0.0139422,-0.015235,-0.0165625,-0.0179211,-0.0193074,-0.0207177,-0.0221488,-0.0235971,-0.0250594,-0.0265323,-0.0280125,-0.0294968,-0.0309821,-0.0324651,-0.0339428,-0.0354122,-0.0368701,-0.0383137,-0.0397399,-0.0411458,-0.0425285,-0.0438851,-0.0452128,-0.0465087,-0.04777,-0.0489939,-0.0501777,-0.0513187,-0.0524142,-0.0534615,-0.054458,-0.0554012,-0.0562887,-0.057118,-0.0578868,-0.0585928,-0.0592339,-0.059808,-0.0603131,-0.0607475,-0.0611094,-0.0613973,-0.0616097,-0.0617455,-0.0618036,-0.061783,-0.0616832,-0.0615035,-0.0612437,-0.0609038,-0.0604839,-0.0599844,-0.059406,-0.0587495,-0.058016,-0.0572071,-0.0563243,-0.0553695,-0.0543449,-0.0532529,-0.0520962,-0.0508778,-0.0496008,-0.0482687,-0.046885,-0.0454537,-0.0439789,-0.0424648,-0.0409159,-0.0393368,-0.0377324,-0.0361075,-0.0344672,-0.0328166,-0.0311608,-0.0295052,-0.027855,-0.0262154,-0.0245916,-0.0229889,-0.0214122,-0.0198666,-0.0183569,-0.0168877,-0.0154634,-0.0140882,-0.0127662,-0.0115009,-0.0102956,-0.00915346,-0.00807694,-0.00706829,-0.00612927,-0.00526118,-0.00446486,-0.00374063,-0.00308829,-0.00250708,-0.00199569,-0.00155223,-0.00117421,-0.000858537,-0.000601498,-0.000398759,-0.000245348,-0.000135661,-6.34499e-05,-2.18404e-05,-3.35942e-06,0
0,-2.99904e-05,-0.000122061,-0.000278208,-0.000500137,-0.000789153,-0.00114609,-0.0015713,-0.00206462,-0.00262543,-0.00325266,-0.00394483,-0.00470008,-0.00551626,-0.0063909,-0.00732132,-0.00830463,-0.00933782,-0.0104177,-0.0115411,-0.0127046,-0.0139049,-0.0151386,-0.0164025,-0.0176931,-0.0190071,-0.0203413,-0.0216924,-0.0230571,-0.0244324,-0.0258152,-0.0272023,-0.0285907,-0.0299775,-0.0313598,-0.0327346,-0.0340991,-0.0354505,-0.0367859,-0.0381026,-0.0393978,-0.0406689,-0.0419131,-0.0431277,-0.0443102,-0.0454578,-0.0465679,-0.0476381,-0.0486657,-0.0496483,-0.0505834,-0.0514687,-0.0523016,-0.0530801,-0.0538018,-0.0544645,-0.0550664,-0.0556053,-0.0560794,-0.056487,-0.0568265,-0.0570964,-0.0572953,-0.0574221,-0.0574756,-0.0574552,-0.0573601,-0.0571898,-0.0569441,-0.0566229,-0.0562264,-0.0557549,-0.055209,-0.0545896,-0.0538978,-0.0531349,-0.0523024,-0.0514023,-0.0504365,-0.0494074,-0.0483176,-0.0471698,-0.0459671,-0.0447127,-0.0434102,-0.0420632,-0.0406757,-0.0392516,-0.0377954,-0.0363114,-0.0348041,-0.0332782,-0.0317387,-0.0301902,-0.0286377,-0.0270863,-0.025541,-0.0240066,-0.0224882,-0.0209907,-0.0195189,-0.0180774,-0.0166708,-0.0153035,-0.0139798,-0.0127035,-0.0114783,-0.0103078,-0.00919491,-0.00814253,-0.00715304,-0.00622846,-0.00537038,-0.00457996,-0.00385787,-0.0032043,-0.00261891,-0.00210083,-0.00164863,-0.0012603,-0.000933228,-0.000664197,-0.000449361,-0.000284228,-0.000163645,-8.17791e-05,-3.20927e-05,-7.33206e-06,4.77451e-07,0
0,-2.38809e-05,-9.9191e-05,-0.000229303,-0.000417107,-0.000664909,-0.000974391,-0.00134661,-0.001782,-0.00228045,-0.00284131,-0.00346347,-0.00414539,-0.00488516,-0.00568058,-0.00652918,-0.00742827,-0.008375,-0.00936639,-0.0103994,-0.0114708,-0.0125775,-0.0137163,-0.0148839,-0.0160773,-0.0172932,-0.0185286,-0.0197803,-0.0210453,-0.0223207,-0.0236036,-0.024891,-0.02618,-0.027468,-0.0287521,-0.0300297,-0.031298,-0.0325544,-0.0337963,-0.0350211,-0.0362262,-0.037409,-0.0385672,-0.039698,-0.0407991,-0.041868,-0.0429022,-0.0438994,-0.0448572,-0.0457732,-0.046645,-0.0474706,-0.0482475,-0.0489738,-0.0496471,-0.0502657,-0.0508275,-0.0513306,-0.0517732,-0.0521539,-0.0524709,-0.0527229,-0.0529087,-0.053027,-0.0530769,-0.0530576,-0.0529684,-0.052809,-0.0525789,-0.0522783,-0.0519071,-0.0514657,-0.0509548,-0.050375,-0.0497275,-0.0490134,-0.0482343,-0.0473919,-0.0464881,-0.0455252,-0.0445055,-0.0434317,-0.0423068,-0.0411337,-0.0399159,-0.0386567,-0.0373599,-0.0360294,-0.0346692,-0.0332835,-0.0318766,-0.0304529,-0.029017,-0.0275736,-0.0261271,-0.0246825,-0.0232443,-0.0218174,-0.0204063,-0.0190157,-0.0176502,-0.0163141,-0.0150118,-0.0137473,-0.0125246,-0.0113474,-0.0102193,-0.00914327,-0.00812239,-0.00715918,-0.00625586,-0.0054143,-0.00463592,-0.00392175,-0.00327232,-0.0026877,-0.00216747,-0.00171065,-0.00131571,-0.000980568,-0.000702521,-0.000478261,-0.000303844,-0.000174663,-8.54262e-05,-3.01156e-05,-1.94838e-06,6.67316e-06,4.20845e-06,0
0,-1.77688e-05,-7.64541e-05,-0.000180871,-0.000335108,-0.000542449,-0.00080538,-0.00112561,-0.00150414,-0.0019413,-0.00243681,-0.00298987,-0.00359924,-0.00426323,-0.00497987,-0.00574686,-0.00656172,-0.00742177,-0.0083242,-0.00926611,-0.0102445,-0.0112564,-0.0122988,-0.0133687,-0.014463,-0.0155789,-0.0167133,-0.0178633,-0.0190262,-0.0201992,-0.0213795,-0.0225644,-0.0237512,-0.0249374,-0.0261204,-0.0272977,-0.0284668,-0.0296252,-0.0307706,-0.0319004,-0.0330123,-0.034104,-0.0351731,-0.0362173,-0.0372343,-0.0382217,-0.0391774,-0.0400991,-0.0409846,-0.0418317,-0.0426382,-0.043402,-0.0441211,-0.0447935,-0.0454171,-0.0459901,-0.0465106,-0.046977,-0.0473875,-0.0477406,-0.0480348,-0.0482689,-0.0484416,-0.0485518,-0.0485986,-0.0485812,-0.0484991,-0.0483517,-0.0481388,-0.0478603,-0.0475164,-0.0471073,-0.0466336,-0.046096,-0.0454955,-0.0448332,-0.0441105,-0.043329,-0.0424905,-0.0415972,-0.0406513,-0.0396553,-0.0386118,-0.0375239,-0.0363945,-0.035227,-0.0340249,-0.0327918,-0.0315315,-0.0302479,-0.028945,-0.0276272,-0.0262985,-0.0249634,-0.0236262,-0.0222913,-0.0209633,-0.0196464,-0.0183451,-0.0170637,-0.0158065,-0.0145775,-0.0133809,-0.0122204,-0.0110997,-0.0100224,-0.0089916,-0.00801031,-0.00708124,-0.00620677,-0.00538895,-0.00462947,-0.00392962,-0.00329029,-0.00271192,-0.00219449,-0.00173749,-0.00133987,-0.00100006,-0.000715909,-0.000484674,-0.000302995,-0.000166873,-7.16343e-05,-1.18962e-05,1.84802e-05,2.64598e-05,1.99235e-05,7.76592e-06,0
0,-1.17146e-05,-5.4095e-05,-0.000133451,-0.000255045,-0.000423091,-0.00064081,-0.000910505,-0.00123364,-0.00161094,-0.00204245,-0.00252764,-0.00306548,-0.00365452,-0.00429295,-0.00497866,-0.00570934,-0.00648247,-0.00729543,-0.00814548,-0.00902983,-0.00994565,-0.0108901,-0.0118604,-0.0128537,-0.0138672,-0.0148983,-0.0159442,-0.0170022,-0.0180699,-0.0191446,-0.020224,-0.0213054,-0.0223867,-0.0234653,-0.024539,-0.0256055,-0.0266625,-0.0277079,-0.0287394,-0.0297548,-0.030752,-0.0317288,-0.0326831,-0.0336128,-0.0345158,-0.0353899,-0.0362333,-0.0370437,-0.0378192,-0.0385579,-0.0392577,-0.0399167,-0.0405331,-0.0411051,-0.0416308,-0.0421087,-0.042537,-0.0429143,-0.0432391,-0.0435099,-0.0437257,-0.0438852,-0.0439874,-0.0440314,-0.0440166,-0.0439423,-0.0438081,-0.0436137,-0.043359,-0.0430442,-0.0426695,-0.0422354,-0.0417425,-0.0411917,-0.0405841,-0.039921,-0.0392038,-0.0384343,-0.0376143,-0.036746,-0.0358317,-0.0348738,-0.0338751,-0.0328385,-0.031767,-0.0306639,-0.0295325,-0.0283763,-0.0271991,-0.0260046,-0.0247967,-0.0235793,-0.0223565,-0.0211323,-0.0199109,-0.0186963,-0.0174928,-0.0163043,-0.0151348,-0.0139884,-0.0128689,-0.0117799,-0.0107252,-0.00970793,-0.00873148,-0.00779881,-0.00691266,-0.00607552,-0.00528959,-0.00455674,-0.00387851,-0.00325607,-0.0026902,-0.00218125,-0.00172912,-0.00133326,-0.000992589,-0.000705503,-0.000469844,-0.000282863,-0.000141196,-4.08386e-05,2.28977e-05,5.54183e-05,6.29148e-05,5.24477e-05,3.20811e-05,1.10575e-05,0
0,-5.80778e-06,-3.247e-05,-8.7792e-05,-0.000178147,-0.000308583,-0.000482956,-0.000704063,-0.000973759,-0.00129307,-0.00166231,-0.00208116,-0.00254876,-0.00306385,-0.00362477,-0.00422959,-0.00487614,-0.00556209,-0.00628498,-0.00704226,-0.00783134,-0.00864957,-0.00949434,-0.010363,-0.011253,-0.0121618,-0.0130868,-0.0140256,-0.0149758,-0.015935,-0.016901,-0.0178713,-0.0188439,-0.0198166,-0.0207872,-0.0217536,-0.0227138,-0.0236657,-0.0246074,-0.0255368,-0.026452,-0.027351,-0.0282318,-0.0290927,-0.0299315,-0.0307466,-0.0315359,-0.0322976,-0.0330298,-0.0337308,-0.0343987,-0.0350317,-0.0356281,-0.0361862,-0.0367043,-0.0371808,-0.0376142,-0.0380029,-0.0383455,-0.0386408,-0.0388873,-0.0390841,-0.03923,-0.0393241,-0.0393655,-0.0393536,-0.0392878,-0.0391677,-0.038993,-0.0387637,-0.0384798,-0.0381415,-0.0377493,-0.0373037,-0.0368055,-0.0362558,-0.0356555,-0.0350062,-0.0343093,-0.0335667,-0.0327801,-0.0319517,-0.0310839,-0.0301791,-0.0292399,-0.0282691,-0.0272698,-0.0262449,-0.0251979,-0.0241319,-0.0230505,-0.0219573,-0.0208559,-0.0197499,-0.0186432,-0.0175395,-0.0164425,-0.0153562,-0.0142841,-0.01323,-0.0121976,-0.0111903,-0.0102116,-0.00926465,-0.00835271,-0.00747866,-0.00664526,-0.00585502,-0.00511022,-0.00441286,-0.00376464,-0.00316697,-0.00262089,-0.00212708,-0.00168582,-0.00129698,-0.000959977,-0.000673729,-0.000436653,-0.000246622,-0.000100929,3.74135e-06,7.13447e-05,0.000106518,0.000114622,0.00010181,7.51316e-05,4.27009e-05,1.39551e-05,0
0,-1.88223e-07,-1.20927e-05,-4.49427e-05,-0.000106079,-0.000201232,-0.000334757,-0.000509823,-0.000728573,-0.000992254,-0.00130135,-0.00165571,-0.00205461,-0.00249692,-0.00298114,-0.00350547,-0.00406792,-0.00466634,-0.00529843,-0.00596186,-0.00665423,-0.00737313,-0.00811616,-0.00888091,-0.00966505,-0.0104662,-0.0112822,-0.0121108,-0.0129497,-0.013797,-0.0146504,-0.015508,-0.0163679,-0.0172281,-0.0180866,-0.0189417,-0.0197915,-0.0206342,-0.021468,-0.0222912,-0.023102,-0.0238987,-0.0246796,-0.025443,-0.0261871,-0.0269103,-0.027611,-0.0282874,-0.0289379,-0.0295609,-0.0301547,-0.0307178,-0.0312486,-0.0317456,-0.0322072,-0.0326321,-0.0330188,-0.0333659,-0.0336722,-0.0339364,-0.0341575,-0.0343343,-0.0344659,-0.0345514,-0.0345901,-0.0345813,-0.0345246,-0.0344194,-0.0342656,-0.034063,-0.0338117,-0.0335119,-0.0331639,-0.0327682,-0.0323256,-0.0318368,-0.031303,-0.0307253,-0.0301051,-0.029444,-0.0287436,-0.0280059,-0.027233,-0.026427,-0.0255904,-0.0247257,-0.0238355,-0.0229227,-0.0219901,-0.0210409,-0.0200782,-0.0191051,-0.0181249,-0.0171411,-0.0161569,-0.0151759,-0.0142014,-0.0132368,-0.0122855,-0.0113508,-0.0104361,-0.00954451,-0.00867909,-0.00784283,-0.00703853,-0.00626887,-0.00553632,-0.00484315,-0.00419141,-0.00358291,-0.00301919,-0.00250149,-0.00203076,-0.0016076,-0.00123223,-0.000904495,-0.000623821,-0.00038917,-0.000199018,-5.1317e-05,5.65409e-05,0.000127758,0.000166177,0.000176314,0.000163399,0.000133455,9.33905e-05,5.11975e-05,1.62846e-05,0
0,4.92982e-06,6.28804e-06,-6.35851e-06,-4.10744e-05,-0.000104057,-0.000199987,-0.000332259,-0.000503174,-0.000714101,-0.000965624,-0.00125767,-0.00158964,-0.00196049,-0.00236885,-0.00281309,-0.00329138,-0.00380174,-0.00434211,-0.00491035,-0.00550431,-0.00612182,-0.00676072,-0.00741887,-0.00809419,-0.00878463,-0.00948816,-0.0102028,-0.0109268,-0.0116581,-0.012395,-0.0131357,-0.0138786,-0.0146219,-0.0153639,-0.0161032,-0.0168381,-0.017567,-0.0182885,-0.0190009,-0.0197028,-0.0203927,-0.0210692,-0.0217307,-0.0223757,-0.0230029,-0.0236107,-0.0241977,-0.0247625,-0.0253036,-0.0258197,-0.0263094,-0.0267712,-0.0272038,-0.027606,-0.0279764,-0.0283138,-0.0286169,-0.0288848,-0.0291162,-0.0293102,-0.0294658,-0.0295821,-0.0296584,-0.029694,-0.0296883,-0.0296408,-0.0295512,-0.0294192,-0.0292447,-0.0290277,-0.0287684,-0.028467,-0.0281239,-0.0277399,-0.0273156,-0.0268518,-0.0263497,-0.0258105,-0.0252355,-0.0246262,-0.0239842,-0.0233115,-0.0226099,-0.0218816,-0.0211287,-0.0203537,-0.019559,-0.0187471,-0.0179208,-0.0170829,-0.0162361,-0.0153834,-0.0145277,-0.013672,-0.0128194,-0.0119728,-0.0111353,-0.0103099,-0.00949945,-0.00870694,-0.00793516,-0.00718683,-0.00646457,-0.00577088,-0.00510811,-0.00447845,-0.00388391,-0.00332631,-0.00280725,-0.00232809,-0.00188993,-0.00149361,-0.00113965,-0.000828246,-0.000559243,-0.000332099,-0.000145855,9.04259e-07,0.000110085,0.000184131,0.000226063,0.000239526,0.000228827,0.000198982,0.000155772,0.000105827,5.68129e-05,1.78057e-05,0
0,9.20722e-06,2.15884e-05,2.59531e-05,1.38907e-05,-2.09881e-05,-8.34677e-05,-0.000176993,-0.000303882,-0.000465508,-0.000662463,-0.000894707,-0.0011617,-0.00146249,-0.00179584,-0.00216028,-0.00255416,-0.00297573,-0.00342315,-0.00389455,-0.00438802,-0.00490169,-0.00543367,-0.00598213,-0.00654526,-0.0071213,-0.00770853,-0.0083053,-0.00890998,-0.00952101,-0.0101369,-0.0107561,-0.0113772,-0.0119988,-0.0126196,-0.0132381,-0.0138531,-0.0144633,-0.0150673,-0.015664,-0.0162521,-0.0168303,-0.0173974,-0.0179521,-0.0184932,-0.0190196,-0.0195299,-0.020023,-0.0204977,-0.0209527,-0.0213868,-0.021799,-0.022188,-0.0225527,-0.0228919,-0.0232046,-0.0234897,-0.0237462,-0.0239731,-0.0241695,-0.0243345,-0.0244673,-0.0245671,-0.0246332,-0.0246651,-0.0246622,-0.0246242,-0.0245506,-0.0244412,-0.024296,-0.024115,-0.0238981,-0.0236457,-0.0233581,-0.0230358,-0.0226795,-0.0222897,-0.0218675,-0.0214139,-0.0209299,-0.0204169,-0.0198763,-0.0193096,-0.0187185,-0.0181047,-0.0174702,-0.016817,-0.0161471,-0.0154629,-0.0147664,-0.0140603,-0.0133467,-0.0126284,-0.0119077,-0.0111872,-0.0104696,-0.00975739,-0.00905316,-0.00835948,-0.00767888,-0.00701384,-0.00636677,-0.00574001,-0.0051358,-0.00455629,-0.0040035,-0.00347929,-0.00298542,-0.00252342,-0.00209469,-0.0017004,-0.00134149,-0.0010187,-0.000732476,-0.000482993,-0.000270117,-9.33748e-05,4.80763e-05,0.000155491,0.000230569,0.000275513,0.00029307,0.000286584,0.00026005,0.000218153,0.000166319,0.000110756,5.85893e-05,1.81888e-05,0
0,1.21087e-05,3.22563e-05,4.92764e-05,5.49138e-05,4.29304e-05,8.69846e-06,-5.10624e-05,-0.000138514,-0.000254904,-0.000400746,-0.000575978,-0.000780094,-0.00101224,-0.00127133,-0.00155606,-0.00186503,-0.00219672,-0.00254959,-0.00292205,-0.00331252,-0.00371942,-0.0041412,-0.00457636,-0.00502341,-0.00548092,-0.00594749,-0.00642177,-0.00690248,-0.00738834,-0.00787815,-0.00837071,-0.00886488,-0.00935955,-0.00985362,-0.010346,-0.0108357,-0.0113217,-0.011803,-0.0122785,-0.0127472,-0.0132082,-0.0136606,-0.0141032,-0.0145352,-0.0149555,-0.0153633,-0.0157574,-0.016137,-0.0165011,-0.0168488,-0.017179,-0.0174909,-0.0177835,-0.0180559,-0.0183072,-0.0185367,-0.0187433,-0.0189264,-0.0190852,-0.0192189,-0.0193269,-0.0194085,-0.0194632,-0.0194905,-0.01949,-0.0194613,-0.019404,-0.0193181,-0.0192034,-0.0190598,-0.0188874,-0.0186865,-0.0184572,-0.0182,-0.0179154,-0.0176038,-0.0172661,-0.016903,-0.0165154,-0.0161045,-0.0156712,-0.0152169,-0.014743,-0.0142507,-0.0137417,-0.0132177,-0.0126803,-0.0121312,-0.0115725,-0.0110059,-0.0104336,-0.00985739,-0.00927948,-0.00870192,-0.00812681,-0.00755626,-0.00699238,-0.00643726,-0.00589296,-0.0053615,-0.00484485,-0.00434493,-0.00386356,-0.00340251,-0.00296341,-0.00254781,-0.00215712,-0.00179263,-0.00145548,-0.00114662,-0.000866866,-0.000616801,-0.00039682,-0.000207078,-4.74767e-05,8.23604e-05,0.000183123,0.000255849,0.000301965,0.000323338,0.00032233,0.000301855,0.00026545,0.000217318,0.000162378,0.000106273,5.53858e-05,1.69984e-05,0
0,1.28107e-05,3.6166e-05,6.00643e-05,7.70025e-05,8.13041e-05,6.88387e-05,3.67675e-05,-1.67092e-05,-9.25723e-05,-0.00019118,-0.000312416,-0.00045581,-0.000620636,-0.000805976,-0.00101078,-0.00123392,-0.0014742,-0.0017304,-0.0020013,-0.00228566,-0.0025823,-0.00289002,-0.00320769,-0.00353418,-0.00386843,-0.0042094,-0.00455608,-0.00490752,-0.00526279,-0.00562099,-0.00598127,-0.00634277,-0.00670469,-0.00706623,-0.00742663,-0.00778512,-0.00814097,-0.00849343,-0.00884178,-0.00918529,-0.00952326,-0.00985496,-0.0101797,-0.0104967,-0.0108054,-0.0111049,-0.0113946,-0.0116738,-0.0119417,-0.0121976,-0.012441,-0.0126709,-0.0128869,-0.0130881,-0.013274,-0.0134438,-0.013597,-0.013733,-0.0138511,-0.0139509,-0.0140318,-0.0140933,-0.0141351,-0.0141567,-0.0141577,-0.014138,-0.0140973,-0.0140353,-0.0139521,-0.0138476,-0.0137218,-0.0135749,-0.013407,-0.0132183,-0.0130093,-0.0127804,-0.0125321,-0.0122649,-0.0119796,-0.0116769,-0.0113576,-0.0110227,-0.0106732,-0.0103101,-0.00993465,-0.00954796,-0.00915136,-0.00874617,-0.0083338,-0.00791567,-0.00749328,-0.00706813,-0.00664178,-0.00621579,-0.00579173,-0.00537119,-0.00495574,-0.00454697,-0.00414641,-0.00375559,-0.00337598,-0.00300903,-0.00265611,-0.00231854,-0.00199756,-0.00169434,-0.00140995,-0.00114536,-0.000901433,-0.000678905,-0.00047839,-0.000300354,-0.000145107,-1.27864e-05,9.66616e-05,0.0001835,0.000248233,0.000291632,0.000314776,0.0003191,0.000306449,0.000279142,0.000240054,0.000192684,0.000141214,9.0511e-05,4.60438e-05,1.37194e-05,0
0,1.0196e-05,3.07165e-05,5.39986e-05,7.39757e-05,8.61349e-05,8.73485e-05,7.55907e-05,4.96619e-05,8.97026e-06,-4.66394e-05,-0.000117007,-0.000201745,-0.000300309,-0.000412044,-0.000536222,-0.000672068,-0.000818783,-0.000975558,-0.00114159,-0.00131608,-0.00149825,-0.00168736,-0.00188266,-0.00208345,-0.00228906,-0.00249884,-0.00271217,-0.00292844,-0.00314709,-0.00336756,-0.00358932,-0.00381186,-0.00403468,-0.00425731,-0.00447926,-0.00470008,-0.00491932,-0.00513653,-0.00535126,-0.00556308,-0.00577155,-0.00597624,-0.0061767,-0.00637251,-0.00656322,-0.0067484,-0.00692761,-0.0071004,-0.00726635,-0.00742501,-0.00757594,-0.00771872,-0.0078529,-0.00797808,-0.00809382,-0.00819973,-0.00829541,-0.00838047,-0.00845456,-0.00851731,-0.00856841,-0.00860755,-0.00863445,-0.00864885,-0.00865054,-0.00863933,-0.00861508,-0.00857766,-0.008527,-0.00846308,-0.00838591,-0.00829555,-0.00819211,-0.00807575,-0.00794668,-0.00780515,-0.00765149,-0.00748605,-0.00730926,-0.00712159,-0.00692355,-0.00671573,-0.00649875,-0.00627329,-0.00604005,-0.0057998,-0.00555335,-0.00530154,-0.00504524,-0.00478537,-0.00452284,-0.00425863,-0.00399371,-0.00372907,-0.00346569,-0.0032046,-0.00294677,-0.00269321,-0.0024449,-0.0022028,-0.00196784,-0.00174094,-0.00152297,-0.00131477,-0.00111713,-0.000930788,-0.000756431,-0.00059468,-0.000446087,-0.000311133,-0.000190215,-8.36441e-05,8.36746e-06,8.57129e-05,0.000148407,0.000196592,0.000230566,0.000250796,0.000257952,0.000252939,0.000236947,0.000211507,0.000178568,0.000140584,0.000100601,6.23154e-05,2.99841e-05,8.01396e-06,0
0,3.52971e-06,1.37124e-05,2.64633e-05,3.84421e-05,4.7453e-05,5.21581e-05,5.17906e-05,4.59541e-05,3.44972e-05,1.74308e-05,-5.12492e-06,-3.29761e-05,-6.58786e-05,-0.000103558,-0.000145721,-0.000192063,-0.000242277,-0.000296058,-0.000353104,-0.000413123,-0.000475832,-0.000540958,-0.000608239,-0.000677426,-0.000748278,-0.000820569,-0.000894081,-0.000968608,-0.00104395,-0.00111992,-0.00119634,-0.00127303,-0.00134983,-0.00142656,-0.00150307,-0.00157921,-0.00165482,-0.00172976,-0.00180386,-0.00187699,-0.00194899,-0.00201972,-0.00208903,-0.00215677,-0.00222279,-0.00228693,-0.00234906,-0.00240901,-0.00246664,-0.00252178,-0.0025743,-0.00262403,-0.00267082,-0.00271453,-0.00275501,-0.00279212,-0.00282571,-0.00285564,-0.00288179,-0.00290403,-0.00292224,-0.0029363,-0.00294613,-0.00295162,-0.00295268,-0.00294926,-0.0029413,-0.00292874,-0.00291157,-0.00288976,-0.00286331,-0.00283225,-0.00279661,-0.00275643,-0.00271179,-0.00266278,-0.0026095,-0.00255209,-0.00249067,-0.00242543,-0.00235653,-0.00228419,-0.00220862,-0.00213005,-0.00204875,-0.00196498,-0.00187902,-0.00179117,-0.00170174,-0.00161106,-0.00151945,-0.00142726,-0.00133483,-0.00124252,-0.00115068,-0.00105966,-0.000969832,-0.000881536,-0.000795126,-0.000710946,-0.000629332,-0.000550608,-0.00047509,-0.000403075,-0.000334849,-0.000270677,-0.000210807,-0.000155463,-0.000104848,-5.9139e-05,-1.84832e-05,1.69992e-05,4.72238e-05,7.21418e-05,9.17434e-05,0.000106067,0.000115202,0.000119296,0.000118572,0.000113337,0.000104004,9.11256e-05,7.54276e-05,5.78707e-05,3.97301e-05,2.26914e-05,8.92079e-06,8.80857e-07,0
0,-3.52944e-06,-1.37126e-05,-2.64633e-05,-3.8442e-05,-4.74528e-05,-5.21581e-05,-5.17906e-05,-4.5954e-05,-3.44972e-05,-1.74308e-05,5.12517e-06,3.29757e-05,6.58786e-05,0.000103558,0.000145721,0.000192063,0.000242277,0.000296058,0.000353104,0.000413123,0.000475832,0.000540958,0.000608239,0.000677426,0.000748278,0.000820569,0.000894081,0.000968608,0.00104395,0.00111992,0.00119634,0.00127303,0.00134983,0.00142656,0.00150307,0.00157921,0.00165482,0.00172976,0.00180386,0.00187699,0.00194899,0.00201972,0.00208903,0.00215677,0.00222279,0.00228693,0.00234906,0.00240901,0.00246664,0.00252178,0.0025743,0.00262403,0.00267082,0.00271453,0.00275502,0.00279212,0.00282571,0.00285564,0.00288179,0.00290403,0.00292224,0.0029363,0.00294613,0.00295162,0.00295268,0.00294926,0.0029413,0.00292874,0.00291157,0.00288976,0.00286331,0.00283225,0.00279661,0.00275643,0.00271179,0.00266278,0.0026095,0.00255209,0.00249067,0.00242543,0.00235653,0.00228419,0.00220862,0.00213005,0.00204875,0.00196498,0.00187902,0.00179117,0.00170174,0.00161106,0.00151945,0.00142726,0.00133484,0.00124252,0.00115068,0.00105967,0.000969832,0.000881536,0.000795126,0.000710947,0.000629332,0.000550609,0.00047509,0.000403075,0.000334849,0.000270677,0.000210807,0.000155463,0.000104848,5.91391e-05,1.84837e-05,-1.69993e-05,-4.72235e-05,-7.21412e-05,-9.17435e-05,-0.000106067,-0.000115201,-0.000119296,-0.000118572,-0.000113336,-0.000104005,-9.11253e-05,-7.54271e-05,-5.78707e-05,-3.97299e-05,-2.26916e-05,-8.92086e-06,-8.80438e-07,-0
