0,1.73625,1.51884,1.38137,1.29609,1.24115,1.20387,1.17724,1.15736,1.14195,1.12965,1.11958,1.11117,1.10404,1.0979,1.09255,1.08784,1.08366,1.07991,1.07653,1.07347,1.07066,1.06809,1.06572,1.06352,1.06148,1.05957,1.05779,1.05611,1.05453,1.05304,1.05162,1.05028,1.04901,1.04779,1.04663,1.04553,1.04447,1.04345,1.04247,1.04154,1.04063,1.03977,1.03893,1.03812,1.03734,1.03659,1.03587,1.03517,1.03449,1.03384,1.03321,1.0326,1.03201,1.03144,1.0309,1.03037,1.02987,1.02938,1.02892,1.02847,1.02805,1.02765,1.02727,1.02691,1.02657,1.02626,1.02597,1.0257,1.02545,1.02523,1.02504,1.02487,1.02473,1.02461,1.02453,1.02447,1.02444,1.02445,1.02448,1.02455,1.02466,1.0248,1.02497,1.02518,1.02544,1.02573,1.02606,1.02644,1.02686,1.02732,1.02784,1.0284,1.02902,1.02969,1.03042,1.03121,1.03207,1.03299,1.03398,1.03505,1.0362,1.03744,1.03878,1.04022,1.04179,1.04348,1.04532,1.04733,1.04953,1.05195,1.05463,1.05762,1.06097,1.06478,1.06914,1.07418,1.08011,1.08717,1.09573,1.10633,1.11977,1.13735,1.16122,1.19529,1.24697,1.3309,1.47406,1.71122,2
0,0.263746,0.481163,0.618628,0.703912,0.758852,0.796133,0.822758,0.842641,0.858049,0.870353,0.880422,0.888826,0.895959,0.902099,0.907447,0.912156,0.916339,0.920085,0.923465,0.926533,0.929335,0.931907,0.934279,0.936477,0.93852,0.940427,0.942213,0.943891,0.945472,0.946964,0.948377,0.949718,0.950993,0.952208,0.953366,0.954474,0.955535,0.956551,0.957527,0.958464,0.959366,0.960235,0.961071,0.961878,0.962656,0.963408,0.964133,0.964834,0.96551,0.966164,0.966795,0.967404,0.967992,0.968558,0.969104,0.969629,0.970134,0.970618,0.971082,0.971526,0.971948,0.97235,0.972731,0.97309,0.973427,0.973742,0.974033,0.974302,0.974547,0.974767,0.974961,0.97513,0.975272,0.975387,0.975473,0.97553,0.975556,0.975552,0.975516,0.975446,0.975342,0.975204,0.975029,0.974816,0.974565,0.974273,0.97394,0.973564,0.973144,0.972677,0.972162,0.971597,0.970979,0.970307,0.969578,0.968788,0.967934,0.967013,0.96602,0.964951,0.963799,0.962558,0.96122,0.959776,0.958214,0.956521,0.95468,0.952673,0.950474,0.948053,0.945373,0.942384,0.939027,0.935222,0.930864,0.925816,0.919891,0.912831,0.904269,0.893671,0.880228,0.862652,0.838779,0.804715,0.753027,0.6691,0.525936,0.288781,0
0,-0.0232131,0.068869,0.18997,0.299981,0.389972,0.461503,0.518347,0.564023,0.601277,0.632137,0.658081,0.680187,0.699252,0.715873,0.730503,0.743492,0.755114,0.765586,0.77508,0.783737,0.791672,0.798979,0.805738,0.812014,0.817863,0.823333,0.828464,0.833291,0.837844,0.84215,0.84623,0.850105,0.853793,0.857309,0.860667,0.863879,0.866956,0.869907,0.872742,0.875467,0.878091,0.880618,0.883054,0.885405,0.887675,0.889867,0.891986,0.894033,0.896013,0.897927,0.899777,0.901565,0.903293,0.904961,0.90657,0.908122,0.909617,0.911055,0.912436,0.91376,0.915026,0.916235,0.917386,0.918477,0.919508,0.920478,0.921385,0.922229,0.923007,0.923718,0.924361,0.924932,0.925431,0.925856,0.926203,0.92647,0.926656,0.926757,0.926771,0.926694,0.926525,0.92626,0.925896,0.92543,0.924858,0.924176,0.923381,0.922468,0.921433,0.920272,0.918978,0.917547,0.915973,0.914249,0.912367,0.91032,0.908099,0.905692,0.903089,0.900277,0.897239,0.893957,0.890411,0.886574,0.882418,0.877907,0.872996,0.867634,0.861756,0.855281,0.848111,0.840119,0.831147,0.82099,0.809383,0.795976,0.780307,0.761745,0.739428,0.712144,0.678167,0.63499,0.578968,0.504936,0.406369,0.278124,0.127237,-0.000295021,0
0,-0.0541929,-0.0517145,0.00214727,0.0772837,0.154634,0.225989,0.28888,0.343339,0.390289,0.430849,0.466074,0.496865,0.523972,0.548002,0.569448,0.588711,0.606116,0.621928,0.636368,0.649617,0.661827,0.673126,0.68362,0.693402,0.702548,0.711127,0.719196,0.726804,0.733997,0.740812,0.747282,0.753438,0.759304,0.764905,0.770261,0.775391,0.78031,0.785033,0.789574,0.793944,0.798154,0.802213,0.806131,0.809913,0.813568,0.817102,0.820519,0.823825,0.827024,0.830119,0.833115,0.836013,0.838816,0.841526,0.844144,0.846672,0.849111,0.85146,0.853721,0.855894,0.857977,0.85997,0.861873,0.863684,0.865403,0.867026,0.868553,0.869981,0.871308,0.872532,0.87365,0.874659,0.875556,0.876337,0.877,0.877541,0.877955,0.878239,0.878388,0.878398,0.878265,0.877984,0.877549,0.876957,0.8762,0.875274,0.874172,0.872888,0.871415,0.869745,0.86787,0.865781,0.86347,0.860926,0.858137,0.855091,0.851774,0.848169,0.844259,0.840022,0.835436,0.830471,0.825096,0.819272,0.812954,0.806086,0.798604,0.790428,0.781461,0.771582,0.760645,0.748463,0.734805,0.719375,0.701795,0.68158,0.658099,0.630529,0.597788,0.558462,0.51072,0.452278,0.38055,0.293369,0.191105,0.0815832,-0.0117046,-0.0459502,0
0,-0.042943,-0.0721731,-0.0644678,-0.028785,0.0214815,0.0765451,0.130937,0.182053,0.228907,0.271343,0.309592,0.344039,0.375109,0.403211,0.428715,0.451949,0.473197,0.492704,0.510678,0.527301,0.542727,0.557088,0.5705,0.583062,0.59486,0.605968,0.616453,0.626372,0.635776,0.64471,0.653212,0.661319,0.669061,0.676467,0.683562,0.690367,0.696903,0.703188,0.709238,0.715068,0.720692,0.72612,0.731364,0.736433,0.741337,0.746082,0.750675,0.755124,0.759432,0.763606,0.767648,0.771564,0.775355,0.779025,0.782575,0.786007,0.789322,0.792522,0.795605,0.798573,0.801425,0.80416,0.806777,0.809274,0.811651,0.813904,0.816032,0.818032,0.819901,0.821636,0.823232,0.824688,0.825998,0.827159,0.828165,0.829012,0.829696,0.83021,0.830549,0.830708,0.830679,0.830458,0.830038,0.82941,0.828569,0.827507,0.826215,0.824685,0.822907,0.820871,0.818568,0.815985,0.81311,0.809929,0.806427,0.802589,0.798393,0.793822,0.788849,0.783449,0.777589,0.771235,0.764344,0.756866,0.748743,0.739906,0.73027,0.719735,0.708179,0.695453,0.681372,0.665712,0.648192,0.628461,0.606084,0.580515,0.551075,0.516921,0.477028,0.430196,0.375119,0.310628,0.236274,0.153573,0.0682394,-0.00677692,-0.049982,-0.041521,0
0,-0.0301464,-0.0651227,-0.0798646,-0.0716521,-0.046339,-0.0107964,0.0295937,0.0712586,0.112148,0.151166,0.187812,0.221927,0.253544,0.282793,0.309846,0.334893,0.358118,0.379696,0.399789,0.418542,0.436085,0.452537,0.467999,0.482565,0.496315,0.509323,0.521652,0.533362,0.544502,0.555119,0.565253,0.574942,0.584219,0.593113,0.601651,0.609858,0.617755,0.625362,0.632697,0.639776,0.646613,0.653223,0.659617,0.665806,0.671799,0.677606,0.683233,0.688689,0.69398,0.69911,0.704085,0.708908,0.713584,0.718116,0.722505,0.726753,0.730862,0.734833,0.738666,0.742361,0.745918,0.749335,0.752612,0.755746,0.758736,0.761579,0.764273,0.766813,0.769198,0.771423,0.773483,0.775375,0.777093,0.778633,0.779988,0.781155,0.782125,0.782893,0.783452,0.783795,0.783914,0.783803,0.783452,0.782853,0.781998,0.780876,0.779479,0.777795,0.775813,0.773521,0.770906,0.767955,0.764651,0.760978,0.756918,0.75245,0.747553,0.742201,0.736366,0.730014,0.72311,0.715609,0.707461,0.69861,0.688984,0.678504,0.667072,0.654572,0.640864,0.62578,0.609113,0.590617,0.569989,0.546862,0.520793,0.491251,0.457612,0.419165,0.375147,0.324839,0.267766,0.204105,0.135391,0.0656198,0.00254647,-0.0417033,-0.0538991,-0.0308331,0
0,-0.0211416,-0.0532501,-0.0764482,-0.0839176,-0.0764436,-0.0576388,-0.0314046,-0.000909034,0.0315204,0.0643345,0.0965905,0.127731,0.157463,0.185654,0.212278,0.237368,0.26099,0.28323,0.304179,0.323932,0.342579,0.360205,0.376891,0.392711,0.407733,0.422018,0.435624,0.448602,0.460999,0.472856,0.484214,0.495105,0.505564,0.515617,0.525293,0.534614,0.543602,0.552279,0.56066,0.568764,0.576604,0.584196,0.59155,0.598679,0.605592,0.612299,0.618807,0.625125,0.631258,0.637212,0.642994,0.648606,0.654052,0.659336,0.66446,0.669427,0.674236,0.67889,0.683388,0.687731,0.691917,0.695946,0.699817,0.703526,0.707072,0.710452,0.713663,0.716701,0.719562,0.722242,0.724735,0.727038,0.729144,0.731047,0.732741,0.73422,0.735477,0.736504,0.737293,0.737836,0.738125,0.73815,0.737903,0.737372,0.736549,0.735421,0.733978,0.732207,0.730094,0.727626,0.724788,0.721564,0.717935,0.713883,0.709387,0.704422,0.698964,0.692984,0.686449,0.679321,0.671559,0.663115,0.653931,0.643943,0.633075,0.621236,0.60832,0.594201,0.57873,0.561728,0.542984,0.522243,0.499208,0.473529,0.444802,0.412572,0.376353,0.335666,0.290123,0.239582,0.184413,0.125917,0.0669114,0.0123647,-0.0303027,-0.0523562,-0.0480275,-0.0223157,0
0,-0.0152636,-0.0425515,-0.0674305,-0.0826299,-0.0863837,-0.0798886,-0.0654384,-0.0453909,-0.0217567,0.00392941,0.0305305,0.0572697,0.0836454,0.109336,0.134151,0.157987,0.180803,0.202592,0.223375,0.243188,0.262075,0.280085,0.297267,0.313672,0.329349,0.344343,0.358699,0.372458,0.385659,0.398336,0.410524,0.422252,0.43355,0.444442,0.454953,0.465106,0.474919,0.484413,0.493604,0.502507,0.511138,0.519509,0.527632,0.535519,0.543178,0.550619,0.557851,0.56488,0.571712,0.578355,0.584811,0.591086,0.597184,0.603106,0.608857,0.614436,0.619846,0.625088,0.630161,0.635065,0.639799,0.644362,0.648752,0.652967,0.657004,0.660859,0.66453,0.668011,0.6713,0.674389,0.677275,0.679952,0.682413,0.684652,0.686661,0.688434,0.689963,0.691238,0.692252,0.692996,0.69346,0.693633,0.693504,0.693064,0.692299,0.691199,0.689748,0.687935,0.685743,0.683158,0.680162,0.676737,0.672864,0.66852,0.663682,0.658325,0.65242,0.645935,0.638833,0.631075,0.622614,0.613398,0.603365,0.592446,0.580559,0.567609,0.553486,0.538059,0.521177,0.50266,0.482303,0.459865,0.435073,0.407623,0.377187,0.343432,0.306057,0.264861,0.219857,0.171445,0.120672,0.0695629,0.0214673,-0.0187795,-0.0452348,-0.052822,-0.040608,-0.0165031,0
0,-0.011399,-0.0340618,-0.0577369,-0.0760213,-0.0861824,-0.0879602,-0.0823866,-0.0709643,-0.0552124,-0.0364541,-0.0157565,0.00606639,0.0283946,0.0507929,0.0729647,0.0947064,0.115888,0.136427,0.156282,0.175434,0.193881,0.211635,0.228714,0.245144,0.260951,0.276163,0.290809,0.304919,0.318519,0.331637,0.344298,0.356527,0.368348,0.37978,0.390846,0.401563,0.411949,0.422021,0.431794,0.441281,0.450496,0.459451,0.468157,0.476623,0.484859,0.492873,0.500672,0.508264,0.515653,0.522846,0.529847,0.53666,0.543288,0.549734,0.556,0.562087,0.567996,0.573727,0.579282,0.584657,0.589854,0.594869,0.599701,0.604347,0.608804,0.613068,0.617135,0.621001,0.62466,0.628108,0.631338,0.634344,0.637119,0.639656,0.641948,0.643986,0.645761,0.647265,0.648489,0.649421,0.650052,0.650369,0.650363,0.650019,0.649326,0.64827,0.646835,0.645008,0.642772,0.64011,0.637002,0.63343,0.629372,0.624803,0.6197,0.614033,0.607772,0.600882,0.593325,0.585057,0.57603,0.566188,0.555467,0.543795,0.531087,0.517248,0.502165,0.48571,0.467736,0.448073,0.426531,0.402899,0.376946,0.348435,0.317137,0.282866,0.245526,0.205195,0.162246,0.117507,0.0724671,0.0294757,-0.00815138,-0.0362579,-0.05081,-0.0494776,-0.0340165,-0.0126279,0
0,-0.00877762,-0.0275425,-0.0489828,-0.0678518,-0.0812675,-0.0882228,-0.0889029,-0.0841074,-0.0748599,-0.0621812,-0.0469802,-0.030016,-0.0118937,0.00691708,0.0260471,0.045231,0.0642792,0.0830545,0.101463,0.119442,0.13695,0.153967,0.170482,0.186493,0.202008,0.217036,0.231591,0.245687,0.259343,0.272575,0.285399,0.297835,0.309898,0.321605,0.332971,0.344011,0.35474,0.365171,0.375317,0.385188,0.394797,0.404153,0.413265,0.422144,0.430795,0.439227,0.447446,0.455458,0.463267,0.47088,0.478299,0.485528,0.492569,0.499425,0.506097,0.512587,0.518894,0.525019,0.530961,0.536719,0.542291,0.547676,0.55287,0.557871,0.562675,0.567279,0.571676,0.575863,0.579834,0.583583,0.587104,0.59039,0.593433,0.596226,0.598761,0.601028,0.603018,0.604722,0.60613,0.60723,0.608011,0.608462,0.608568,0.608318,0.607697,0.606691,0.605283,0.603458,0.601198,0.598484,0.595297,0.591616,0.587417,0.582675,0.577363,0.571452,0.564908,0.557696,0.549775,0.541099,0.531619,0.521277,0.510008,0.497739,0.484386,0.469854,0.454035,0.436807,0.418032,0.39756,0.375225,0.350854,0.324276,0.295332,0.263907,0.229964,0.193607,0.155161,0.115283,0.0750891,0.0362824,0.00122586,-0.0270976,-0.0455426,-0.0516877,-0.0450666,-0.0286891,-0.00999747,0
0,-0.0069341,-0.0225449,-0.0415391,-0.0597384,-0.0744711,-0.0844237,-0.0892743,-0.089314,-0.0851489,-0.0774983,-0.0670752,-0.054525,-0.0404,-0.025158,-0.00916524,0.00728763,0.0239649,0.0406939,0.0573464,0.0738255,0.0900614,0.106004,0.121619,0.136884,0.151785,0.166317,0.180478,0.194271,0.207702,0.220777,0.233506,0.245899,0.257966,0.269718,0.281165,0.292318,0.303187,0.313782,0.324114,0.33419,0.344019,0.35361,0.362971,0.372107,0.381026,0.389733,0.398234,0.406533,0.414635,0.422543,0.430261,0.43779,0.445134,0.452292,0.459267,0.466059,0.472667,0.479091,0.485331,0.491384,0.497248,0.502921,0.508399,0.51368,0.518759,0.523631,0.528292,0.532737,0.536958,0.540951,0.544708,0.548221,0.551483,0.554485,0.557219,0.559675,0.561843,0.563714,0.565276,0.566517,0.567425,0.567989,0.568193,0.568024,0.567467,0.566507,0.565127,0.563309,0.561036,0.558286,0.555041,0.551276,0.546968,0.542091,0.536616,0.530511,0.523744,0.516277,0.508067,0.49907,0.489234,0.478501,0.466807,0.454079,0.440237,0.425189,0.408835,0.391064,0.371754,0.350778,0.328003,0.303305,0.276574,0.24774,0.216799,0.183861,0.149203,0.113346,0.0771429,0.0418625,0.00924298,-0.0185283,-0.038994,-0.0499977,-0.0503362,-0.0406941,-0.0245023,-0.0081563,0
0,-0.00559302,-0.0186765,-0.0353473,-0.0523072,-0.067219,-0.0787089,-0.0861848,-0.0896015,-0.0892475,-0.0855824,-0.0791265,-0.0703937,-0.0598549,-0.0479225,-0.0349451,-0.0212136,-0.00696239,0.00761808,0.0223689,0.0371723,0.0519373,0.0665932,0.0810866,0.0953776,0.109437,0.123244,0.136786,0.150052,0.163038,0.175744,0.188169,0.200317,0.212192,0.223798,0.235141,0.246228,0.257064,0.267657,0.278012,0.288136,0.298035,0.307715,0.317181,0.326438,0.335492,0.344346,0.353004,0.36147,0.369748,0.377838,0.385744,0.393468,0.40101,0.408371,0.415551,0.422551,0.429369,0.436004,0.442455,0.448719,0.454794,0.460677,0.466365,0.471852,0.477135,0.482209,0.487068,0.491707,0.496118,0.500296,0.504233,0.50792,0.51135,0.514514,0.517402,0.520005,0.522312,0.524312,0.525993,0.527345,0.528353,0.529005,0.529285,0.529181,0.528674,0.52775,0.526392,0.524579,0.522295,0.519517,0.516225,0.512394,0.507999,0.503014,0.49741,0.491153,0.484211,0.476543,0.46811,0.458864,0.448755,0.437726,0.425714,0.41265,0.398458,0.383055,0.366348,0.348242,0.328637,0.307431,0.284533,0.259867,0.233392,0.205122,0.175162,0.143746,0.111293,0.0784637,0.0462233,0.0158807,-0.010919,-0.0322504,-0.0462852,-0.0516572,-0.0480362,-0.0367527,-0.0212233,-0.0068259,0
0,-0.00458831,-0.0156417,-0.0302277,-0.0457415,-0.0601949,-0.0722781,-0.0812807,-0.0869519,-0.0893552,-0.0887449,-0.0854728,-0.079925,-0.0724816,-0.063495,-0.0532783,-0.0421029,-0.0301981,-0.0177573,-0.00493748,0.00813002,0.0213341,0.034591,0.047834,0.06101,0.0740774,0.0870042,0.0997657,0.112344,0.124724,0.136899,0.14886,0.160605,0.172131,0.183439,0.194528,0.205402,0.216063,0.226513,0.236756,0.246795,0.256634,0.266276,0.275725,0.284984,0.294056,0.302943,0.311649,0.320174,0.328522,0.336693,0.344689,0.35251,0.360157,0.367629,0.374926,0.382047,0.38899,0.395754,0.402337,0.408735,0.414946,0.420966,0.42679,0.432415,0.437835,0.443046,0.44804,0.452812,0.457355,0.461661,0.465723,0.469532,0.47308,0.476358,0.479355,0.482061,0.484465,0.486557,0.488323,0.489752,0.490829,0.491542,0.491875,0.491812,0.491339,0.490437,0.489088,0.487275,0.484976,0.48217,0.478836,0.474949,0.470483,0.465411,0.459703,0.453326,0.446247,0.438426,0.429822,0.42039,0.41008,0.398838,0.386604,0.373314,0.358898,0.343282,0.326387,0.308135,0.288448,0.267259,0.244514,0.220192,0.194316,0.166982,0.138387,0.108871,0.0789525,0.0493805,0.0211601,-0.00444299,-0.0259198,-0.0417373,-0.0505897,-0.0517365,-0.0454366,-0.0333375,-0.0186387,-0.0058363,0
0,-0.00381663,-0.0132272,-0.0259896,-0.040036,-0.0536977,-0.0657833,-0.0755542,-0.0826462,-0.0869728,-0.0886353,-0.0878484,-0.084885,-0.0800375,-0.073594,-0.0658233,-0.0569677,-0.0472404,-0.036826,-0.0258809,-0.0145387,-0.00290893,0.00891443,0.020851,0.0328397,0.0448299,0.056781,0.0686602,0.0804413,0.0921036,0.103631,0.115011,0.126234,0.137294,0.148185,0.158904,0.169448,0.179818,0.190012,0.20003,0.209875,0.219546,0.229045,0.238373,0.247531,0.256521,0.265344,0.274001,0.282493,0.29082,0.298982,0.30698,0.314813,0.322481,0.329982,0.337316,0.34448,0.351472,0.35829,0.364932,0.371393,0.37767,0.383758,0.389654,0.395352,0.400847,0.406133,0.411203,0.416051,0.420669,0.42505,0.429185,0.433066,0.436684,0.440028,0.44309,0.445857,0.448318,0.450463,0.452277,0.453749,0.454865,0.45561,0.455969,0.455926,0.455464,0.454567,0.453215,0.451389,0.449068,0.446232,0.442857,0.438918,0.43439,0.429245,0.423453,0.416982,0.409797,0.401861,0.393133,0.383569,0.373122,0.36174,0.34937,0.335951,0.321423,0.305723,0.288788,0.270557,0.250981,0.230023,0.207672,0.183956,0.158963,0.132857,0.105915,0.0785528,0.051358,0.0251167,0.000819176,-0.0203433,-0.0370931,-0.0482573,-0.0529679,-0.0509552,-0.042854,-0.0304269,-0.0165805,-0.00508151,0
0,-0.00321144,-0.0112805,-0.0224656,-0.0351135,-0.0478311,-0.0595622,-0.0695912,-0.0775008,-0.0831109,-0.0864143,-0.0875193,-0.0866048,-0.0838849,-0.0795857,-0.0739295,-0.0671252,-0.0593631,-0.0508132,-0.0416242,-0.0319256,-0.0218278,-0.011426,-0.000798844,0.00998366,0.0208623,0.0317911,0.0427312,0.0536507,0.0645232,0.0753273,0.0860456,0.0966639,0.107171,0.117558,0.127817,0.137943,0.147932,0.157781,0.167487,0.177048,0.186463,0.195732,0.204853,0.213826,0.222651,0.231328,0.239855,0.248233,0.25646,0.264536,0.27246,0.28023,0.287846,0.295304,0.302603,0.309741,0.316714,0.32352,0.330155,0.336614,0.342894,0.34899,0.354897,0.36061,0.366122,0.371427,0.376518,0.381388,0.38603,0.390435,0.394595,0.3985,0.402141,0.405509,0.408591,0.411378,0.413858,0.416018,0.417846,0.419329,0.420451,0.421199,0.421558,0.42151,0.421039,0.420127,0.418755,0.416903,0.414552,0.411678,0.408259,0.404271,0.399687,0.394479,0.388618,0.382073,0.374809,0.36679,0.357977,0.348328,0.3378,0.326344,0.313912,0.300453,0.285915,0.270247,0.253403,0.235344,0.216046,0.195506,0.173754,0.150864,0.126979,0.102325,0.0772369,0.0521846,0.0277913,0.00484272,-0.0157124,-0.0328106,-0.0454286,-0.0526994,-0.0541114,-0.0497357,-0.040432,-0.0279606,-0.0149226,-0.00449325,0
0,-0.00272843,-0.00969191,-0.0195186,-0.0308762,-0.0426028,-0.0537759,-0.0637282,-0.0720282,-0.078442,-0.082889,-0.0853988,-0.0860748,-0.0850648,-0.0825394,-0.0786761,-0.0736495,-0.0676243,-0.0607521,-0.0531697,-0.0449987,-0.0363458,-0.027304,-0.0179536,-0.00836415,0.00140608,0.0113035,0.0212839,0.0313119,0.0413567,0.0513932,0.0613998,0.0713588,0.0812552,0.0910768,0.100813,0.110456,0.119998,0.129434,0.138758,0.147967,0.157058,0.166027,0.174872,0.183591,0.192183,0.200644,0.208974,0.217171,0.225232,0.233156,0.240941,0.248585,0.256085,0.263438,0.270641,0.277692,0.284586,0.29132,0.29789,0.304291,0.310519,0.316568,0.322432,0.328105,0.333582,0.338856,0.343918,0.348762,0.35338,0.357762,0.361901,0.365787,0.369409,0.372758,0.375822,0.378591,0.381052,0.383193,0.385,0.386461,0.38756,0.388283,0.388615,0.388538,0.388035,0.387089,0.385681,0.38379,0.381396,0.378478,0.375011,0.370972,0.366334,0.361071,0.355154,0.348551,0.34123,0.333156,0.324292,0.314601,0.304041,0.292569,0.280145,0.266724,0.252266,0.236734,0.220099,0.202344,0.183472,0.16351,0.142527,0.120641,0.0980404,0.0749987,0.0518949,0.0292298,0.00763454,-0.0121288,-0.0291731,-0.0426191,-0.0516571,-0.0556843,-0.0544697,-0.0483229,-0.0382253,-0.0258705,-0.0135714,-0.00402615,0
0,-0.00233722,-0.00838155,-0.0170391,-0.0272274,-0.0379763,-0.0484864,-0.0581497,-0.0665436,-0.0734081,-0.0786156,-0.0821391,-0.0840242,-0.0843645,-0.0832824,-0.0809152,-0.0774045,-0.0728892,-0.0675012,-0.0613626,-0.0545848,-0.0472675,-0.0394997,-0.0313596,-0.0229158,-0.0142279,-0.00534796,0.00367958,0.0128128,0.0220184,0.0312682,0.0405381,0.0498072,0.059058,0.0682756,0.077447,0.0865613,0.0956093,0.104583,0.113475,0.12228,0.130993,0.139609,0.148124,0.156535,0.164838,0.173029,0.181107,0.189068,0.196908,0.204626,0.212218,0.21968,0.227011,0.234205,0.24126,0.248172,0.254935,0.261547,0.268002,0.274295,0.28042,0.286373,0.292146,0.297734,0.30313,0.308326,0.313315,0.318089,0.322639,0.326958,0.331034,0.33486,0.338424,0.341717,0.344726,0.347441,0.349848,0.351936,0.353692,0.355101,0.356149,0.35682,0.3571,0.356971,0.356416,0.355417,0.353956,0.352012,0.349564,0.346592,0.343071,0.338979,0.33429,0.328977,0.323012,0.316365,0.309006,0.300903,0.29202,0.282322,0.271775,0.260341,0.247985,0.234673,0.220377,0.205074,0.188753,0.171418,0.153097,0.13385,0.113777,0.0930348,0.0718495,0.0505302,0.0294833,0.00922129,-0.00963719,-0.0263513,-0.04017,-0.0503631,-0.056315,-0.057644,-0.0543342,-0.0468561,-0.036244,-0.0240935,-0.0124575,-0.00364909,0
0,-0.00201638,-0.00729046,-0.0149404,-0.0240802,-0.0338974,-0.043702,-0.0529481,-0.0612351,-0.0682951,-0.0739726,-0.078202,-0.0809854,-0.0823734,-0.0824485,-0.0813127,-0.0790777,-0.0758576,-0.0717646,-0.0669054,-0.0613796,-0.0552785,-0.0486848,-0.0416729,-0.0343089,-0.0266514,-0.018752,-0.0106562,-0.00240322,0.00597148,0.0144353,0.0229623,0.03153,0.0401186,0.0487111,0.0572927,0.0658506,0.0743736,0.0828518,0.0912768,0.0996409,0.107937,0.11616,0.124304,0.132364,0.140336,0.148214,0.155995,0.163676,0.171251,0.178718,0.186072,0.193309,0.200425,0.207417,0.214279,0.221007,0.227596,0.234041,0.240337,0.246479,0.25246,0.258274,0.263915,0.269376,0.274649,0.279728,0.284604,0.289269,0.293714,0.29793,0.301908,0.305638,0.309109,0.312311,0.315232,0.31786,0.320183,0.322189,0.323863,0.325193,0.326163,0.326758,0.326962,0.32676,0.326133,0.325064,0.323533,0.321522,0.31901,0.315975,0.312396,0.308248,0.303507,0.298148,0.292144,0.285467,0.278087,0.269975,0.2611,0.251431,0.240937,0.229588,0.217357,0.204219,0.190159,0.175167,0.159252,0.142437,0.124777,0.106356,0.0873062,0.0678153,0.0481381,0.0286078,0.009644,-0.00824522,-0.024441,-0.0383029,-0.0491843,-0.0564969,-0.0597956,-0.0588793,-0.0538931,-0.0454112,-0.0344768,-0.0225747,-0.0115291,-0.00334017,0
0,-0.00175046,-0.00637441,-0.0131542,-0.0213593,-0.0303071,-0.0394029,-0.0481609,-0.0562093,-0.0632838,-0.0692147,-0.073911,-0.0773435,-0.0795295,-0.0805191,-0.0803845,-0.0792108,-0.0770897,-0.0741144,-0.0703764,-0.0659629,-0.060956,-0.0554311,-0.0494573,-0.0430971,-0.0364067,-0.0294363,-0.0222306,-0.0148292,-0.00726722,0.000424827,0.00821794,0.0160869,0.024011,0.0319717,0.0399527,0.0479397,0.0559201,0.0638827,0.0718175,0.0797156,0.087569,0.0953704,0.103113,0.110792,0.118399,0.125932,0.133383,0.140748,0.148024,0.155203,0.162283,0.169259,0.176125,0.182876,0.189508,0.196016,0.202393,0.208636,0.214736,0.22069,0.22649,0.232129,0.237602,0.242899,0.248016,0.252942,0.25767,0.262192,0.266498,0.270579,0.274426,0.278028,0.281375,0.284455,0.287258,0.289771,0.291982,0.293878,0.295445,0.29667,0.297539,0.298035,0.298144,0.297848,0.297131,0.295975,0.294361,0.292271,0.289684,0.286579,0.282935,0.278729,0.273938,0.268537,0.262501,0.255804,0.248419,0.24032,0.231478,0.221869,0.211465,0.200245,0.188189,0.175284,0.161525,0.146919,0.13149,0.115284,0.0983738,0.0808719,0.0629345,0.0447734,0.0266644,0.00895466,-0.0079358,-0.0234874,-0.037155,-0.0483721,-0.0565956,-0.0613667,-0.0623867,-0.0595993,-0.0532672,-0.044027,-0.0329032,-0.021268,-0.0107468,-0.00308363,0
0,-0.00152807,-0.00559979,-0.0116262,-0.019001,-0.0271484,-0.0355559,-0.0437936,-0.0515209,-0.0584843,-0.0645095,-0.06949,-0.0733747,-0.0761556,-0.0778574,-0.0785272,-0.0782277,-0.0770304,-0.0750111,-0.0722468,-0.0688127,-0.064781,-0.0602195,-0.0551914,-0.0497546,-0.0439621,-0.0378616,-0.0314964,-0.0249053,-0.0181229,-0.0111801,-0.0041045,0.00307936,0.0103475,0.0176803,0.0250606,0.0324731,0.039904,0.0473411,0.0547732,0.0621906,0.0695839,0.0769451,0.0842666,0.0915411,0.0987623,0.105924,0.11302,0.120044,0.126992,0.133857,0.140635,0.147319,0.153905,0.160387,0.166759,0.173016,0.179152,0.18516,0.191035,0.19677,0.202358,0.207792,0.213065,0.21817,0.223098,0.227842,0.232393,0.236742,0.24088,0.244798,0.248485,0.251931,0.255126,0.258059,0.260717,0.263089,0.265163,0.266926,0.268363,0.269462,0.270208,0.270585,0.270579,0.270173,0.26935,0.268093,0.266383,0.264203,0.261532,0.258351,0.254638,0.250372,0.245531,0.240092,0.234032,0.227326,0.219951,0.211884,0.2031,0.193579,0.183301,0.17225,0.160416,0.147797,0.134399,0.120243,0.105372,0.089847,0.0737642,0.057255,0.0404969,0.0237196,0.00721238,-0.00867321,-0.0234999,-0.0368043,-0.0480928,-0.056874,-0.0627029,-0.0652365,-0.0642994,-0.0599493,-0.0525331,-0.0427202,-0.0314997,-0.0201354,-0.0100806,-0.00286785,0
0,-0.00134063,-0.00494068,-0.0103131,-0.0169517,-0.0243687,-0.0321222,-0.0398329,-0.0471917,-0.05396,-0.0599649,-0.0650917,-0.0692747,-0.0724876,-0.0747348,-0.0760436,-0.0764575,-0.0760304,-0.0748228,-0.0728981,-0.07032,-0.0671513,-0.0634518,-0.0592785,-0.0546843,-0.0497182,-0.0444252,-0.0388462,-0.0330186,-0.0269761,-0.020749,-0.0143647,-0.00784803,-0.00122074,0.00549649,0.0122843,0.0191268,0.0260095,0.0329194,0.0398447,0.0467745,0.053699,0.0606091,0.0674964,0.0743531,0.0811719,0.0879457,0.0946679,0.101332,0.107932,0.114462,0.120916,0.127287,0.13357,0.139758,0.145847,0.151829,0.157698,0.163447,0.169071,0.174561,0.179912,0.185115,0.190164,0.19505,0.199765,0.204301,0.208649,0.212801,0.216746,0.220475,0.223978,0.227245,0.230264,0.233026,0.235517,0.237727,0.239642,0.241251,0.242538,0.243492,0.244097,0.244339,0.244201,0.24367,0.242727,0.241357,0.239541,0.237261,0.234499,0.231236,0.227451,0.223125,0.218236,0.212763,0.206686,0.199983,0.192633,0.184616,0.175913,0.166508,0.156388,0.145544,0.133976,0.12169,0.108706,0.0950599,0.0808065,0.0660269,0.0508331,0.0353744,0.0198436,0.00448338,-0.0104077,-0.0244629,-0.0372864,-0.0484501,-0.0575149,-0.0640634,-0.0677411,-0.0683072,-0.0656883,-0.0600305,-0.0517389,-0.0414947,-0.030243,-0.0191457,-0.00950731,-0.00268415,0
0,-0.00118161,-0.00437679,-0.00918012,-0.0151665,-0.0219211,-0.0290623,-0.0362561,-0.0432235,-0.0497428,-0.0556467,-0.0608176,-0.0651803,-0.0686957,-0.0713528,-0.073163,-0.0741539,-0.0743646,-0.0738418,-0.0726367,-0.0708027,-0.0683932,-0.0654606,-0.0620553,-0.0582252,-0.0540149,-0.0494662,-0.0446175,-0.0395041,-0.0341583,-0.0286096,-0.0228845,-0.0170076,-0.0110006,-0.00488367,0.00132537,0.00760866,0.0139507,0.0203382,0.0267586,0.0332005,0.0396536,0.0461081,0.052555,0.0589858,0.0653926,0.0717679,0.0781044,0.0843951,0.0906332,0.0968122,0.102925,0.108967,0.114929,0.120806,0.126592,0.13228,0.137862,0.143333,0.148685,0.153911,0.159004,0.163955,0.168758,0.173404,0.177885,0.182192,0.186316,0.190248,0.193979,0.197499,0.200798,0.203865,0.20669,0.20926,0.211566,0.213594,0.215333,0.21677,0.217891,0.218683,0.219132,0.219223,0.218941,0.218272,0.217198,0.215704,0.213773,0.211387,0.208529,0.20518,0.201321,0.196935,0.192001,0.186501,0.180416,0.173727,0.166416,0.158468,0.149868,0.140605,0.130674,0.120073,0.10881,0.0969022,0.084381,0.0712946,0.0577126,0.0437306,0.0294757,0.0151105,0.000839154,-0.0130805,-0.0263417,-0.0386058,-0.0495013,-0.0586394,-0.0656367,-0.070146,-0.0718956,-0.0707325,-0.0666672,-0.0599132,-0.0509136,-0.0403476,-0.0291114,-0.0182734,-0.00900876,-0.00252596,0
0,-0.00104593,-0.00389214,-0.00819904,-0.0136077,-0.0197642,-0.0263382,-0.0330356,-0.0396058,-0.0458445,-0.0515926,-0.0567328,-0.0611851,-0.0649013,-0.0678593,-0.0700576,-0.0715111,-0.0722463,-0.0722982,-0.0717072,-0.0705171,-0.0687728,-0.0665194,-0.0638012,-0.0606607,-0.0571383,-0.0532723,-0.0490983,-0.0446492,-0.0399557,-0.0350458,-0.0299452,-0.0246777,-0.0192647,-0.013726,-0.00807956,-0.0023419,0.00347174,0.00934606,0.0152684,0.0212271,0.0272111,0.0332104,0.0392155,0.0452175,0.0512079,0.0571787,0.0631222,0.0690309,0.0748976,0.0807153,0.086477,0.0921758,0.0978048,0.103357,0.108826,0.114205,0.119486,0.124662,0.129726,0.134671,0.139489,0.144172,0.148712,0.153101,0.15733,0.16139,0.165273,0.16897,0.172469,0.175763,0.17884,0.181691,0.184304,0.186668,0.188771,0.190603,0.19215,0.1934,0.194341,0.194958,0.195238,0.195167,0.19473,0.193913,0.1927,0.191074,0.189021,0.186524,0.183566,0.180129,0.176198,0.171753,0.166779,0.161258,0.155173,0.14851,0.141254,0.133393,0.124919,0.115825,0.106112,0.0957869,0.084866,0.0733768,0.0613613,0.0488798,0.0360144,0.0228733,0.00959636,-0.00364513,-0.0166254,-0.0290886,-0.0407439,-0.0512691,-0.0603215,-0.0675533,-0.0726359,-0.0752883,-0.0753123,-0.0726302,-0.0673201,-0.0596461,-0.0500744,-0.0392722,-0.0280857,-0.0174975,-0.00857071,-0.00238818,0
0,-0.000929603,-0.0034739,-0.00734684,-0.0122439,-0.017862,-0.0239143,-0.0301422,-0.036321,-0.0422635,-0.0478202,-0.0528768,-0.0573512,-0.0611894,-0.064361,-0.0668552,-0.0686762,-0.0698404,-0.0703725,-0.0703036,-0.0696688,-0.0685054,-0.0668518,-0.0647462,-0.0622261,-0.0593277,-0.0560857,-0.0525325,-0.0486988,-0.0446132,-0.0403021,-0.0357902,-0.0311002,-0.0262529,-0.0212676,-0.016162,-0.0109525,-0.00565419,-0.000280801,0.00515405,0.0106376,0.0161588,0.0217072,0.027273,0.0328471,0.0384205,0.0439848,0.0495321,0.0550544,0.0605443,0.0659942,0.071397,0.0767452,0.0820319,0.0872497,0.0923916,0.0974502,0.102418,0.107288,0.112053,0.116704,0.121234,0.125635,0.129898,0.134016,0.13798,0.14178,0.145408,0.148854,0.152108,0.155162,0.158004,0.160624,0.163012,0.165155,0.167044,0.168667,0.17001,0.171062,0.171811,0.172243,0.172344,0.172102,0.171501,0.170529,0.169169,0.167407,0.165228,0.162617,0.159557,0.156033,0.152029,0.147531,0.142522,0.136987,0.130914,0.12429,0.117105,0.10935,0.101023,0.0921226,0.0826566,0.0726394,0.0620954,0.0510618,0.0395908,0.0277535,0.0156429,0.00337759,-0.00889139,-0.0209708,-0.0326458,-0.0436655,-0.0537504,-0.0625988,-0.0698986,-0.0753445,-0.07866,-0.0796251,-0.0781068,-0.0740907,-0.0677092,-0.059263,-0.0492303,-0.0382601,-0.0271486,-0.0168009,-0.00818182,-0.00226687,0
0,-0.000829462,-0.00311171,-0.00660457,-0.0110485,-0.0161828,-0.0217583,-0.0275469,-0.0333477,-0.0389901,-0.0443343,-0.0492708,-0.0537177,-0.0576175,-0.0609343,-0.0636497,-0.06576,-0.0672728,-0.0682046,-0.0685784,-0.0684215,-0.0677644,-0.0666393,-0.0650788,-0.0631157,-0.060782,-0.0581087,-0.0551253,-0.0518599,-0.0483391,-0.0445877,-0.0406287,-0.0364839,-0.0321732,-0.0277153,-0.0231273,-0.0184254,-0.0136245,-0.00873816,-0.00377954,0.00123956,0.00630688,0.0114115,0.0165436,0.0216936,0.0268526,0.0320117,0.0371627,0.0422975,0.0474083,0.0524873,0.0575269,0.0625197,0.0674582,0.072335,0.0771426,0.0818736,0.0865204,0.0910754,0.0955307,0.0998787,0.104111,0.10822,0.112197,0.116033,0.11972,0.123249,0.126611,0.129796,0.132794,0.135596,0.138192,0.140571,0.142723,0.144637,0.146301,0.147704,0.148834,0.149679,0.150228,0.150466,0.150382,0.149961,0.149191,0.148058,0.146547,0.144646,0.142339,0.139612,0.136451,0.132842,0.12877,0.124222,0.119186,0.113648,0.107598,0.101027,0.0939284,0.0862995,0.0781411,0.0694594,0.060268,0.0505886,0.0404538,0.0299098,0.0190176,0.00785884,-0.00346584,-0.0148194,-0.0260429,-0.0369494,-0.0473238,-0.056923,-0.0654818,-0.0727218,-0.078363,-0.0821416,-0.0838309,-0.083266,-0.0803709,-0.075184,-0.0678805,-0.0587873,-0.0483857,-0.0373025,-0.0262857,-0.0161695,-0.00783309,-0.00215894,0
0,-0.000742942,-0.00279714,-0.00595655,-0.00999904,-0.0146996,-0.019841,-0.0252221,-0.0306633,-0.0360093,-0.0411308,-0.0459236,-0.0503074,-0.0542233,-0.0576316,-0.0605086,-0.0628441,-0.0646389,-0.0659025,-0.0666508,-0.0669047,-0.0666884,-0.0660285,-0.0649526,-0.0634888,-0.0616654,-0.0595097,-0.0570483,-0.054307,-0.0513098,-0.04808,-0.0446392,-0.0410076,-0.0372044,-0.0332475,-0.0291533,-0.0249376,-0.0206148,-0.0161985,-0.0117014,-0.0071356,-0.00251229,0.0021579,0.00686396,0.0115962,0.0163455,0.021103,0.0258603,0.0306089,0.0353409,0.0400483,0.0447234,0.0493584,0.0539458,0.0584778,0.0629468,0.0673453,0.0716654,0.0758993,0.0800393,0.0840772,0.0880049,0.0918142,0.0954967,0.0990436,0.102446,0.105696,0.108783,0.111698,0.114432,0.116975,0.119316,0.121446,0.123354,0.12503,0.126461,0.127638,0.128548,0.12918,0.129521,0.129561,0.129285,0.128682,0.127739,0.126442,0.124779,0.122736,0.120301,0.117461,0.114201,0.110511,0.106376,0.101787,0.0967309,0.0911998,0.0851856,0.0786828,0.071689,0.0642055,0.0562383,0.0477998,0.0389095,0.0295968,0.0199012,0.00987801,-0.000405097,-0.0108537,-0.0213515,-0.0317646,-0.0419308,-0.0516632,-0.0607505,-0.0689602,-0.0760442,-0.0817486,-0.0858263,-0.0880537,-0.0882502,-0.0863006,-0.0821779,-0.0759646,-0.067869,-0.0582351,-0.0475419,-0.036391,-0.0254842,-0.0155919,-0.00751723,-0.00206192,0
0,-0.000667964,-0.00252322,-0.00538968,-0.00907639,-0.0133885,-0.0181361,-0.0231417,-0.0282445,-0.0333037,-0.0381999,-0.042835,-0.0471313,-0.0510297,-0.0544882,-0.0574794,-0.0599883,-0.06201,-0.0635482,-0.0646132,-0.0652199,-0.0653873,-0.0651368,-0.0644915,-0.0634753,-0.0621127,-0.0604278,-0.0584444,-0.0561855,-0.0536733,-0.0509291,-0.0479728,-0.0448237,-0.0414996,-0.0380174,-0.0343932,-0.0306419,-0.0267775,-0.0228134,-0.0187619,-0.014635,-0.0104437,-0.00619876,-0.00191016,0.00241234,0.00675874,0.0111201,0.015488,0.0198538,0.0242094,0.0285467,0.0328579,0.037135,0.0413704,0.0455561,0.0496845,0.0537477,0.0577379,0.0616473,0.0654677,0.0691911,0.0728093,0.076314,0.0796967,0.0829487,0.0860613,0.0890255,0.0918321,0.0944718,0.0969351,0.0992124,0.101294,0.103169,0.104827,0.106259,0.107452,0.108398,0.109083,0.109497,0.109628,0.109465,0.108996,0.108208,0.107089,0.105629,0.103813,0.101631,0.0990698,0.0961183,0.0927648,0.0889982,0.0848081,0.0801851,0.0751209,0.0696089,0.0636446,0.057226,0.0503548,0.0430368,0.0352833,0.027112,0.0185488,0.00963028,0.000401502,-0.00907216,-0.0187079,-0.0284104,-0.0380604,-0.0475185,-0.0566221,-0.0651867,-0.0730079,-0.0798658,-0.0855311,-0.0897758,-0.092385,-0.0931732,-0.0920027,-0.0888021,-0.0835869,-0.0764751,-0.0677007,-0.0576179,-0.0466983,-0.0355176,-0.0247336,-0.0150587,-0.00722841,-0.00197386,0
0,-0.00060282,-0.00228421,-0.00489298,-0.00826432,-0.0122289,-0.0166204,-0.0212816,-0.0260688,-0.0308545,-0.0355285,-0.0399992,-0.0441919,-0.0480486,-0.0515261,-0.0545944,-0.0572348,-0.0594382,-0.0612036,-0.062536,-0.063446,-0.0639475,-0.0640576,-0.0637951,-0.0631803,-0.062234,-0.0609773,-0.0594313,-0.0576167,-0.0555533,-0.0532607,-0.0507574,-0.0480611,-0.0451885,-0.0421558,-0.0389781,-0.0356696,-0.0322439,-0.0287138,-0.0250915,-0.0213885,-0.0176159,-0.013784,-0.00990293,-0.00598236,-0.00203145,0.00194079,0.00592507,0.0099129,0.0138961,0.0178666,0.0218162,0.0257371,0.0296213,0.0334611,0.0372485,0.0409757,0.0446348,0.0482177,0.0517165,0.055123,0.0584289,0.0616259,0.0647055,0.0676591,0.0704779,0.073153,0.0756752,0.0780355,0.0802242,0.082232,0.084049,0.0856653,0.0870707,0.0882551,0.089208,0.0899187,0.0903765,0.0905705,0.0904896,0.0901227,0.0894585,0.0884856,0.087193,0.0855693,0.0836034,0.0812843,0.0786013,0.075544,0.0721025,0.0682675,0.0640305,0.0593845,0.0543237,0.0488443,0.0429449,0.0366276,0.029898,0.0227659,0.0152485,0.00736857,-0.000842944,-0.00934108,-0.0180678,-0.0269561,-0.0359192,-0.0448549,-0.053641,-0.0621358,-0.0701781,-0.077588,-0.0841702,-0.0897191,-0.0940257,-0.0968878,-0.098122,-0.097579,-0.0951595,-0.0908314,-0.0846457,-0.0767497,-0.0673958,-0.0569435,-0.0458536,-0.0346752,-0.0240249,-0.0145619,-0.00696186,-0.00189319,0
0,-0.000546101,-0.00207528,-0.00445715,-0.00754893,-0.0112029,-0.0152731,-0.01962,-0.0241149,-0.0286424,-0.0331014,-0.0374062,-0.041486,-0.0452842,-0.0487574,-0.0518741,-0.0546127,-0.056961,-0.058914,-0.0604728,-0.0616436,-0.0624365,-0.0628645,-0.0629429,-0.0626882,-0.0621184,-0.0612515,-0.0601061,-0.0587004,-0.0570525,-0.05518,-0.0530998,-0.0508283,-0.0483812,-0.0457735,-0.0430195,-0.0401327,-0.0371262,-0.0340122,-0.0308025,-0.0275084,-0.0241405,-0.0207091,-0.0172241,-0.0136951,-0.0101312,-0.00654134,-0.00293422,0.000681711,0.00429782,0.00790571,0.0114975,0.0150651,0.0186007,0.0220963,0.025544,0.028936,0.0322642,0.0355207,0.0386974,0.0417861,0.0447786,0.0476666,0.0504415,0.0530948,0.0556179,0.0580019,0.0602377,0.0623163,0.0642284,0.0659646,0.0675154,0.068871,0.0700217,0.0709573,0.0716679,0.0721432,0.0723729,0.0723465,0.0720536,0.0714834,0.0706256,0.0694694,0.0680049,0.0662214,0.0641091,0.0616579,0.0588587,0.0557024,0.0521807,0.0482864,0.0440129,0.0393555,0.0343112,0.0288793,0.0230611,0.0168629,0.0102945,0.0033694,-0.00389034,-0.0114537,-0.0192815,-0.0273262,-0.0355254,-0.0438049,-0.0520741,-0.0602265,-0.0681379,-0.0756669,-0.0826548,-0.0889287,-0.0943042,-0.0985911,-0.101601,-0.103159,-0.10311,-0.101338,-0.097781,-0.092439,-0.0853936,-0.0768154,-0.06697,-0.0562175,-0.045006,-0.0338578,-0.0233505,-0.0140953,-0.00671375,-0.00181863,0
0,-0.000496628,-0.00189237,-0.00407433,-0.00691827,-0.010295,-0.0140757,-0.0181367,-0.0223626,-0.0266487,-0.0309023,-0.0350439,-0.0390063,-0.0427352,-0.0461873,-0.0493303,-0.0521409,-0.0546042,-0.0567122,-0.0584628,-0.0598586,-0.0609062,-0.0616152,-0.0619975,-0.0620667,-0.0618376,-0.0613259,-0.0605476,-0.0595189,-0.0582557,-0.0567739,-0.0550891,-0.0532163,-0.0511699,-0.0489639,-0.0466118,-0.0441264,-0.04152,-0.0388044,-0.035991,-0.0330905,-0.0301134,-0.0270697,-0.0239691,-0.0208208,-0.0176341,-0.0144177,-0.0111802,-0.00793006,-0.00467566,-0.00142498,0.00181378,0.00503235,0.00822273,0.0113772,0.0144878,0.0175465,0.0205455,0.0234768,0.0263322,0.0291038,0.0317832,0.0343622,0.0368324,0.0391853,0.0414122,0.0435046,0.0454535,0.0472499,0.0488848,0.050349,0.0516332,0.0527279,0.0536236,0.0543107,0.0547795,0.05502,0.0550226,0.0547772,0.054274,0.053503,0.0524544,0.0511185,0.0494861,0.0475477,0.0452944,0.0427177,0.0398095,0.0365625,0.0329703,0.0290273,0.024729,0.0200733,0.0150602,0.00969168,0.00397202,-0.00208889,-0.00847631,-0.0151692,-0.0221422,-0.0293608,-0.0367807,-0.0443481,-0.0519965,-0.0596466,-0.0672046,-0.0745615,-0.0815925,-0.0881579,-0.0941039,-0.0992655,-0.103471,-0.106546,-0.108324,-0.108654,-0.107411,-0.10451,-0.0999185,-0.0936674,-0.0858632,-0.0766945,-0.0664356,-0.0554442,-0.0441536,-0.0330599,-0.0227043,-0.0136536,-0.00648095,-0.00174917,0
0,-0.000453415,-0.00173208,-0.00373778,-0.00636202,-0.00949134,-0.013012,-0.0168138,-0.0207931,-0.0248551,-0.028915,-0.0328987,-0.0367431,-0.0403961,-0.0438154,-0.0469683,-0.0498304,-0.0523848,-0.0546212,-0.0565347,-0.0581251,-0.0593959,-0.0603538,-0.0610078,-0.0613688,-0.0614489,-0.0612614,-0.06082,-0.0601389,-0.0592323,-0.0581144,-0.0567992,-0.0553005,-0.0536315,-0.0518053,-0.0498343,-0.0477307,-0.0455061,-0.0431718,-0.0407386,-0.0382168,-0.0356166,-0.0329477,-0.0302194,-0.027441,-0.0246213,-0.021769,-0.0188926,-0.0160004,-0.0131007,-0.0102015,-0.00731091,-0.00443687,-0.00158718,0.00123017,0.00400714,0.00673578,0.00940825,0.0120167,0.014553,0.0170092,0.0193771,0.0216485,0.0238151,0.0258685,0.0278004,0.029602,0.0312648,0.0327799,0.0341385,0.0353317,0.0363503,0.0371853,0.0378275,0.0382677,0.0384964,0.0385045,0.0382825,0.0378211,0.037111,0.0361431,0.0349083,0.0333976,0.0316029,0.029516,0.0271291,0.0244348,0.0214265,0.0180988,0.0144468,0.0104673,0.00615762,0.001518,-0.00344896,-0.0087375,-0.0143378,-0.0202376,-0.0264189,-0.0328566,-0.0395201,-0.0463703,-0.0533587,-0.0604266,-0.0675037,-0.074507,-0.0813404,-0.0878936,-0.094043,-0.0996519,-0.104573,-0.10865,-0.111725,-0.113641,-0.114252,-0.113432,-0.111081,-0.107144,-0.101616,-0.0945529,-0.0860819,-0.0764055,-0.0658029,-0.0546267,-0.0432948,-0.0322772,-0.0220811,-0.0132326,-0.00626093,-0.00168399,0
0,-0.00041563,-0.00159148,-0.00344174,-0.00587127,-0.00878009,-0.0120674,-0.0156348,-0.0193893,-0.0232446,-0.0271232,-0.0309563,-0.0346849,-0.0382591,-0.0416378,-0.0447886,-0.0476863,-0.0503128,-0.0526558,-0.0547083,-0.0564676,-0.0579348,-0.059114,-0.0600116,-0.0606361,-0.0609973,-0.0611062,-0.0609746,-0.0606147,-0.060039,-0.0592602,-0.0582908,-0.0571433,-0.05583,-0.0543628,-0.0527533,-0.0510129,-0.0491526,-0.0471829,-0.0451143,-0.0429566,-0.0407196,-0.0384126,-0.0360448,-0.0336251,-0.031162,-0.0286643,-0.0261401,-0.0235976,-0.0210451,-0.0184903,-0.0159414,-0.0134061,-0.0108923,-0.00840777,-0.00596046,-0.00355805,-0.0012084,0.00108058,0.00330087,0.00544455,0.00750347,0.00946969,0.011335,0.0130913,0.0147301,0.0162431,0.0176218,0.0188577,0.0199421,0.0208664,0.0216219,0.0221998,0.0225912,0.0227874,0.0227794,0.0225585,0.0221159,0.0214428,0.0205308,0.0193713,0.0179561,0.0162772,0.0143274,0.0120997,0.00958785,0.00678551,0.00368765,0.000290312,-0.00340934,-0.00741254,-0.0117184,-0.0163243,-0.0212254,-0.026413,-0.031874,-0.0375922,-0.0435454,-0.0497053,-0.0560366,-0.0624961,-0.0690313,-0.0755797,-0.0820676,-0.0884098,-0.0945086,-0.100254,-0.105525,-0.110189,-0.114106,-0.11713,-0.119118,-0.11993,-0.119439,-0.117543,-0.11417,-0.109286,-0.102912,-0.0951267,-0.086073,-0.0759638,-0.0650803,-0.053768,-0.0424281,-0.0315061,-0.0214766,-0.0128288,-0.00605161,-0.00162242,0
0,-0.000382566,-0.00146809,-0.00318125,-0.00543827,-0.00815073,-0.011229,-0.0145851,-0.0181352,-0.0218009,-0.0255112,-0.0292025,-0.0328193,-0.0363143,-0.039648,-0.0427881,-0.0457095,-0.048393,-0.0508249,-0.0529966,-0.0549033,-0.0565441,-0.0579207,-0.0590374,-0.0599006,-0.060518,-0.0608986,-0.0610524,-0.0609897,-0.0607215,-0.060259,-0.0596134,-0.058796,-0.057818,-0.0566903,-0.0554238,-0.0540289,-0.052516,-0.0508951,-0.049176,-0.0473682,-0.0454809,-0.0435232,-0.041504,-0.0394318,-0.037315,-0.0351619,-0.0329808,-0.0307796,-0.0285662,-0.0263486,-0.0241344,-0.0219315,-0.0197476,-0.0175903,-0.0154675,-0.0133867,-0.0113557,-0.00938235,-0.00747443,-0.00563981,-0.00388623,-0.00222176,-0.00065438,0.000807857,0.00215677,0.00338422,0.00448199,0.0054418,0.00625534,0.00691422,0.00741005,0.00773445,0.00787903,0.00783542,0.00759526,0.00715027,0.00649224,0.00561316,0.0045052,0.00316073,0.00157242,-0.000266994,-0.00236341,-0.0047226,-0.0073498,-0.0102492,-0.0134242,-0.0168775,-0.0206098,-0.0246202,-0.0289057,-0.0334608,-0.0382777,-0.0433447,-0.048646,-0.0541613,-0.059865,-0.0657251,-0.0717025,-0.0777503,-0.0838124,-0.0898234,-0.0957072,-0.101377,-0.106735,-0.111673,-0.116072,-0.119806,-0.122744,-0.124751,-0.125696,-0.125459,-0.123933,-0.121037,-0.11672,-0.110974,-0.103841,-0.0954159,-0.0858568,-0.0753831,-0.0642752,-0.0528703,-0.0415526,-0.0307435,-0.0208876,-0.0124394,-0.00585135,-0.00156391,0
0,-0.000353618,-0.00135976,-0.002952,-0.00505625,-0.00759404,-0.0104854,-0.0136515,-0.0170164,-0.020509,-0.0240641,-0.0276229,-0.0311334,-0.0345509,-0.0378373,-0.0409613,-0.0438975,-0.0466262,-0.0491329,-0.0514074,-0.0534434,-0.0552382,-0.0567917,-0.0581063,-0.0591864,-0.060038,-0.0606682,-0.0610853,-0.0612981,-0.0613161,-0.0611491,-0.0608071,-0.0603002,-0.0596386,-0.0588322,-0.057891,-0.0568249,-0.0556434,-0.054356,-0.0529719,-0.0515001,-0.0499495,-0.0483288,-0.0466463,-0.0449105,-0.0431295,-0.0413114,-0.039464,-0.0375952,-0.0357128,-0.0338245,-0.0319378,-0.0300604,-0.0281999,-0.0263638,-0.0245597,-0.0227951,-0.0210777,-0.019415,-0.0178148,-0.0162847,-0.0148323,-0.0134655,-0.0121921,-0.01102,-0.00995698,-0.00901106,-0.00819016,-0.00750228,-0.00695542,-0.0065576,-0.00631679,-0.00624103,-0.00633827,-0.00661639,-0.0070832,-0.00774636,-0.0086134,-0.00969165,-0.0109882,-0.0125099,-0.014263,-0.0162533,-0.018486,-0.0209656,-0.023696,-0.0266797,-0.0299188,-0.0334137,-0.0371633,-0.0411647,-0.0454124,-0.0498985,-0.0546122,-0.0595389,-0.0646598,-0.0699513,-0.0753843,-0.0809235,-0.0865264,-0.0921429,-0.0977143,-0.103173,-0.10844,-0.11343,-0.118044,-0.122178,-0.125716,-0.12854,-0.130526,-0.131553,-0.131504,-0.130275,-0.127778,-0.123953,-0.118771,-0.112244,-0.104431,-0.0954446,-0.0854512,-0.074675,-0.0633943,-0.0519359,-0.0406677,-0.0299873,-0.0203111,-0.012062,-0.00565877,-0.00150802,0
0,-0.000328266,-0.00126465,-0.00275027,-0.00471934,-0.0071019,-0.0098264,-0.0128219,-0.0160197,-0.019355,-0.0227679,-0.0262039,-0.0296147,-0.0329576,-0.0361965,-0.0393007,-0.0422453,-0.0450102,-0.0475802,-0.0499441,-0.0520943,-0.0540266,-0.0557394,-0.0572334,-0.0585113,-0.0595775,-0.0604376,-0.0610982,-0.0615669,-0.0618517,-0.0619611,-0.061904,-0.0616894,-0.0613265,-0.0608243,-0.0601921,-0.0594388,-0.0585735,-0.0576049,-0.0565418,-0.0553927,-0.0541661,-0.0528701,-0.0515129,-0.0501026,-0.0486469,-0.0471537,-0.0456307,-0.0440855,-0.0425255,-0.0409585,-0.0393916,-0.0378325,-0.0362885,-0.0347669,-0.0332753,-0.0318209,-0.0304113,-0.0290538,-0.0277559,-0.0265251,-0.0253689,-0.0242949,-0.0233106,-0.0224237,-0.0216418,-0.0209725,-0.0204236,-0.0200026,-0.0197173,-0.0195752,-0.0195839,-0.019751,-0.0200841,-0.0205903,-0.021277,-0.0221511,-0.0232196,-0.024489,-0.0259655,-0.0276552,-0.0295632,-0.0316939,-0.0340517,-0.0366397,-0.0394604,-0.042515,-0.0458036,-0.0493249,-0.0530758,-0.0570511,-0.0612432,-0.0656416,-0.0702327,-0.0749992,-0.0799193,-0.0849663,-0.0901082,-0.0953065,-0.100516,-0.105683,-0.110748,-0.115641,-0.120283,-0.124588,-0.128459,-0.131796,-0.134487,-0.136423,-0.137489,-0.137575,-0.136581,-0.134417,-0.131015,-0.126332,-0.12036,-0.113128,-0.104711,-0.0952342,-0.0848719,-0.0738503,-0.0624433,-0.0509673,-0.0397729,-0.0292357,-0.0197453,-0.011695,-0.00547279,-0.0014544,0
0,-0.000306065,-0.00118116,-0.00257282,-0.00442235,-0.00666715,-0.00924295,-0.0120857,-0.015133,-0.0183259,-0.0216092,-0.0249324,-0.0282503,-0.0315228,-0.0347152,-0.037798,-0.0407465,-0.0435408,-0.046165,-0.0486073,-0.050859,-0.0529147,-0.0547715,-0.0564287,-0.0578877,-0.0591512,-0.0602235,-0.06111,-0.0618168,-0.0623506,-0.062719,-0.0629296,-0.0629904,-0.0629097,-0.0626957,-0.0623568,-0.0619014,-0.0613377,-0.060674,-0.0599185,-0.0590792,-0.058164,-0.0571809,-0.0561377,-0.0550419,-0.0539012,-0.052723,-0.0515149,-0.0502841,-0.049038,-0.0477839,-0.046529,-0.0452806,-0.0440458,-0.0428318,-0.0416459,-0.0404952,-0.0393871,-0.0383286,-0.0373271,-0.0363898,-0.0355241,-0.0347371,-0.0340363,-0.0334291,-0.0329226,-0.0325243,-0.0322416,-0.0320816,-0.0320517,-0.0321591,-0.0324109,-0.0328143,-0.033376,-0.034103,-0.0350018,-0.0360788,-0.0373401,-0.0387915,-0.0404383,-0.0422855,-0.0443374,-0.0465973,-0.0490681,-0.0517517,-0.0546491,-0.05776,-0.0610829,-0.0646146,-0.0683499,-0.0722816,-0.0763998,-0.0806915,-0.0851407,-0.0897271,-0.0944264,-0.0992091,-0.10404,-0.108879,-0.113677,-0.11838,-0.122925,-0.127242,-0.131252,-0.13487,-0.138003,-0.140553,-0.142416,-0.143488,-0.143668,-0.142856,-0.140966,-0.137924,-0.13368,-0.128209,-0.121518,-0.113654,-0.104705,-0.0948043,-0.0841336,-0.0729188,-0.0614281,-0.0499667,-0.0388684,-0.0284874,-0.0191882,-0.0113368,-0.00529256,-0.00140277,0
0,-0.000286629,-0.0011079,-0.00241682,-0.00416075,-0.00628344,-0.00872693,-0.0114332,-0.0143456,-0.0174101,-0.0205757,-0.0237959,-0.0270282,-0.0302349,-0.0333829,-0.0364437,-0.0393934,-0.0422118,-0.0448832,-0.0473948,-0.0497375,-0.0519047,-0.0538924,-0.0556988,-0.0573239,-0.0587694,-0.0600382,-0.0611345,-0.0620632,-0.06283,-0.0634412,-0.0639036,-0.0642241,-0.0644103,-0.0644694,-0.0644093,-0.0642374,-0.0639615,-0.0635893,-0.0631284,-0.0625863,-0.0619707,-0.0612889,-0.0605483,-0.0597563,-0.0589202,-0.0580472,-0.0571444,-0.0562189,-0.0552778,-0.0543282,-0.0533771,-0.0524314,-0.0514982,-0.0505844,-0.0496971,-0.0488432,-0.0480297,-0.0472636,-0.046552,-0.0459018,-0.0453201,-0.044814,-0.0443904,-0.0440564,-0.0438191,-0.0436853,-0.0436622,-0.0437565,-0.0439752,-0.044325,-0.0448126,-0.0454446,-0.0462272,-0.0471667,-0.048269,-0.0495398,-0.0509843,-0.0526076,-0.0544141,-0.0564077,-0.0585918,-0.0609684,-0.0635391,-0.0663045,-0.0692642,-0.0724163,-0.0757576,-0.0792831,-0.0829856,-0.0868558,-0.0908816,-0.0950477,-0.0993355,-0.103722,-0.108182,-0.112681,-0.117183,-0.121644,-0.126015,-0.13024,-0.134254,-0.137988,-0.141363,-0.144297,-0.146698,-0.148475,-0.14953,-0.149768,-0.149096,-0.14743,-0.144695,-0.140834,-0.135811,-0.129617,-0.122277,-0.113849,-0.104434,-0.0941726,-0.0832495,-0.0718894,-0.060354,-0.0489366,-0.0379547,-0.0277418,-0.0186389,-0.0109864,-0.00511738,-0.00135289,0
0,-0.000269629,-0.00104367,-0.00227978,-0.00393054,-0.00594515,-0.00827114,-0.0108558,-0.0136475,-0.0165965,-0.019656,-0.0227826,-0.0259367,-0.0290826,-0.032189,-0.0352285,-0.0381775,-0.0410165,-0.0437292,-0.046303,-0.0487277,-0.0509961,-0.0531034,-0.0550467,-0.0568249,-0.0584387,-0.0598899,-0.0611815,-0.0623175,-0.0633024,-0.0641417,-0.0648411,-0.0654068,-0.0658454,-0.0661636,-0.0663683,-0.0664664,-0.0664652,-0.0663715,-0.0661927,-0.0659358,-0.0656079,-0.065216,-0.0647672,-0.0642684,-0.0637267,-0.0631488,-0.0625417,-0.0619123,-0.0612672,-0.0606134,-0.0599576,-0.0593065,-0.058667,-0.0580457,-0.0574494,-0.0568848,-0.0563588,-0.055878,-0.0554492,-0.0550791,-0.0547746,-0.0545423,-0.054389,-0.0543213,-0.054346,-0.0544697,-0.0546989,-0.0550401,-0.0554998,-0.0560842,-0.0567995,-0.0576516,-0.0586463,-0.0597892,-0.0610856,-0.0625403,-0.0641578,-0.0659422,-0.067897,-0.070025,-0.0723287,-0.0748088,-0.0774656,-0.0802984,-0.0833052,-0.0864828,-0.0898261,-0.0933284,-0.0969805,-0.100771,-0.104686,-0.108708,-0.112815,-0.116984,-0.121184,-0.125382,-0.129538,-0.133606,-0.137537,-0.141272,-0.144747,-0.147893,-0.150633,-0.152886,-0.154567,-0.155587,-0.155858,-0.155292,-0.153807,-0.151331,-0.147803,-0.143179,-0.137439,-0.130589,-0.122665,-0.113739,-0.10392,-0.0933558,-0.082232,-0.0707707,-0.0592261,-0.0478795,-0.0370323,-0.0269983,-0.0180963,-0.0106429,-0.00494671,-0.00130459,0
0,-0.000254766,-0.000987407,-0.00215953,-0.00372818,-0.00564728,-0.00786914,-0.0103457,-0.0130297,-0.0158753,-0.0188394,-0.0218816,-0.0249647,-0.0280552,-0.0311232,-0.0341424,-0.0370901,-0.0399469,-0.0426967,-0.0453265,-0.0478258,-0.0501868,-0.0524039,-0.0544733,-0.0563931,-0.0581629,-0.0597838,-0.0612576,-0.0625873,-0.0637768,-0.0648305,-0.0657533,-0.0665506,-0.0672281,-0.067792,-0.0682484,-0.0686037,-0.0688644,-0.069037,-0.0691283,-0.0691447,-0.0690931,-0.06898,-0.0688121,-0.0685961,-0.0683384,-0.0680458,-0.0677249,-0.0673821,-0.0670239,-0.0666571,-0.0662879,-0.065923,-0.0655689,-0.0652319,-0.0649187,-0.0646358,-0.0643895,-0.0641863,-0.0640328,-0.0639354,-0.0639006,-0.0639346,-0.064044,-0.0642351,-0.0645142,-0.0648875,-0.0653611,-0.0659411,-0.0666334,-0.0674438,-0.068378,-0.0694411,-0.0706386,-0.0719751,-0.0734553,-0.0750832,-0.0768625,-0.0787965,-0.0808877,-0.0831378,-0.0855476,-0.0881172,-0.0908456,-0.0937307,-0.0967691,-0.099956,-0.103285,-0.106747,-0.110331,-0.114024,-0.117809,-0.121668,-0.125577,-0.129509,-0.133433,-0.137313,-0.141107,-0.144769,-0.148247,-0.151483,-0.154414,-0.15697,-0.159077,-0.160658,-0.161632,-0.161915,-0.161428,-0.160091,-0.157833,-0.154593,-0.150323,-0.144993,-0.138597,-0.131152,-0.122707,-0.113346,-0.103182,-0.0923693,-0.0810927,-0.0695707,-0.0580496,-0.0467982,-0.0361023,-0.0262569,-0.0175598,-0.0103056,-0.00478015,-0.00125771,0
0,-0.000241788,-0.000938179,-0.00205415,-0.00355055,-0.0053854,-0.00751516,-0.00989585,-0.012484,-0.0152375,-0.0181162,-0.0210825,-0.0241017,-0.027142,-0.0301752,-0.0331758,-0.0361221,-0.0389949,-0.0417784,-0.0444594,-0.0470271,-0.0494731,-0.0517914,-0.0539774,-0.0560285,-0.0579434,-0.0597224,-0.0613665,-0.0628778,-0.0642594,-0.0655148,-0.0666482,-0.0676643,-0.0685681,-0.0693651,-0.0700607,-0.0706608,-0.0711713,-0.0715983,-0.071948,-0.0722264,-0.0724399,-0.0725947,-0.072697,-0.0727532,-0.0727696,-0.0727523,-0.0727077,-0.0726421,-0.0725617,-0.0724727,-0.0723813,-0.0722939,-0.0722166,-0.0721557,-0.0721174,-0.0721078,-0.0721331,-0.0721996,-0.0723134,-0.0724807,-0.0727075,-0.0729999,-0.073364,-0.0738056,-0.0743308,-0.0749453,-0.0756547,-0.0764648,-0.0773808,-0.078408,-0.0795514,-0.0808159,-0.0822058,-0.0837255,-0.0853785,-0.0871684,-0.0890978,-0.091169,-0.0933837,-0.0957425,-0.0982448,-0.10089,-0.103675,-0.106597,-0.109651,-0.112831,-0.116128,-0.119532,-0.12303,-0.126608,-0.130247,-0.133925,-0.137617,-0.141296,-0.144927,-0.148473,-0.151892,-0.155136,-0.158152,-0.160883,-0.163266,-0.165233,-0.166714,-0.167633,-0.167916,-0.167485,-0.166268,-0.164195,-0.161205,-0.157248,-0.152288,-0.146309,-0.139314,-0.131335,-0.122431,-0.112692,-0.102239,-0.0912278,-0.0798428,-0.0682974,-0.0568293,-0.0456954,-0.0351658,-0.0255177,-0.0170293,-0.00997421,-0.00461736,-0.00121214,0
0,-0.000230475,-0.000895173,-0.00196193,-0.00339486,-0.00515554,-0.00720403,-0.00949989,-0.0120031,-0.0146746,-0.0174772,-0.0203759,-0.0233378,-0.0263333,-0.0293352,-0.0323193,-0.0352645,-0.0381522,-0.0409668,-0.0436949,-0.0463256,-0.0488503,-0.0512622,-0.0535564,-0.0557296,-0.0577798,-0.0597064,-0.0615099,-0.0631915,-0.0647536,-0.0661989,-0.0675311,-0.0687541,-0.0698722,-0.0708903,-0.0718132,-0.0726464,-0.0733951,-0.074065,-0.0746616,-0.0751909,-0.0756585,-0.0760704,-0.0764325,-0.0767506,-0.0770308,-0.0772789,-0.077501,-0.077703,-0.0778909,-0.0780705,-0.0782479,-0.0784291,-0.0786198,-0.0788262,-0.079054,-0.0793093,-0.0795978,-0.0799255,-0.0802981,-0.0807216,-0.0812016,-0.0817438,-0.0823539,-0.0830374,-0.0837999,-0.0846466,-0.0855827,-0.0866134,-0.0877435,-0.0889776,-0.0903203,-0.0917756,-0.0933473,-0.0950389,-0.0968534,-0.0987932,-0.10086,-0.103056,-0.105381,-0.107834,-0.110415,-0.11312,-0.115947,-0.11889,-0.121944,-0.1251,-0.128349,-0.131678,-0.135074,-0.138518,-0.141992,-0.145473,-0.148932,-0.152341,-0.155665,-0.158864,-0.161896,-0.164712,-0.167259,-0.169481,-0.171316,-0.172698,-0.173561,-0.173832,-0.173443,-0.172323,-0.170407,-0.167634,-0.163954,-0.159327,-0.15373,-0.147155,-0.13962,-0.131165,-0.121859,-0.111797,-0.101108,-0.0899452,-0.0784927,-0.0669582,-0.0555704,-0.0445739,-0.034224,-0.024781,-0.0165044,-0.00964833,-0.00445812,-0.0011678,0
0,-0.000220631,-0.000857667,-0.00188136,-0.00325866,-0.00495417,-0.0069311,-0.00915213,-0.0115802,-0.0141792,-0.0169143,-0.0197528,-0.022664,-0.0256195,-0.0285938,-0.0315636,-0.0345085,-0.0374104,-0.040254,-0.0430259,-0.0457151,-0.0483128,-0.0508119,-0.0532068,-0.0554937,-0.0576702,-0.059735,-0.0616877,-0.0635293,-0.0652611,-0.0668855,-0.0684052,-0.0698238,-0.0711448,-0.0723726,-0.0735116,-0.0745665,-0.0755421,-0.0764437,-0.0772764,-0.0780456,-0.0787566,-0.079415,-0.0800264,-0.0805962,-0.08113,-0.0816336,-0.0821126,-0.0825725,-0.0830191,-0.083458,-0.0838949,-0.0843354,-0.0847851,-0.0852498,-0.0857349,-0.086246,-0.0867888,-0.0873688,-0.0879915,-0.0886622,-0.0893864,-0.0901694,-0.0910164,-0.0919326,-0.0929229,-0.0939923,-0.0951454,-0.0963868,-0.0977208,-0.0991516,-0.100683,-0.102318,-0.10406,-0.105912,-0.107876,-0.109953,-0.112145,-0.114452,-0.116873,-0.119407,-0.122051,-0.124802,-0.127655,-0.130604,-0.133641,-0.136757,-0.139941,-0.143178,-0.146454,-0.149749,-0.153042,-0.156308,-0.159519,-0.162644,-0.165647,-0.168487,-0.171122,-0.173502,-0.175576,-0.177288,-0.178577,-0.179381,-0.179636,-0.179276,-0.178237,-0.176454,-0.173872,-0.170438,-0.166111,-0.160862,-0.154677,-0.147562,-0.139542,-0.130667,-0.121014,-0.110683,-0.0998048,-0.0885346,-0.0770525,-0.0655603,-0.0542774,-0.0434366,-0.0332786,-0.0240474,-0.0159852,-0.00932779,-0.00430225,-0.00112461,0
0,-0.000212083,-0.000825018,-0.00181113,-0.00313976,-0.00477814,-0.00669222,-0.00884741,-0.0112093,-0.0137442,-0.0164198,-0.0192051,-0.0220714,-0.0249919,-0.0279421,-0.0308998,-0.0338453,-0.0367612,-0.0396321,-0.042445,-0.045189,-0.0478547,-0.050435,-0.0529239,-0.0553171,-0.0576117,-0.0598058,-0.0618987,-0.0638905,-0.065782,-0.0675751,-0.069272,-0.0708754,-0.0723886,-0.0738152,-0.0751593,-0.076425,-0.0776167,-0.0787392,-0.0797972,-0.0807956,-0.0817395,-0.082634,-0.0834842,-0.0842955,-0.0850729,-0.085822,-0.0865479,-0.087256,-0.0879517,-0.0886403,-0.0893271,-0.0900176,-0.0907169,-0.0914305,-0.0921635,-0.0929214,-0.0937092,-0.0945322,-0.0953956,-0.0963042,-0.0972633,-0.0982775,-0.0993519,-0.100491,-0.101699,-0.102981,-0.104341,-0.105783,-0.10731,-0.108926,-0.110635,-0.112438,-0.114339,-0.116339,-0.11844,-0.120642,-0.122945,-0.125349,-0.127853,-0.130453,-0.133146,-0.135927,-0.138791,-0.141729,-0.144734,-0.147793,-0.150895,-0.154025,-0.157164,-0.160293,-0.163389,-0.166427,-0.169375,-0.172203,-0.174873,-0.177345,-0.179575,-0.181515,-0.183113,-0.184316,-0.185064,-0.1853,-0.184962,-0.183989,-0.182323,-0.179907,-0.176693,-0.172637,-0.167706,-0.161883,-0.155162,-0.147558,-0.139108,-0.129867,-0.119918,-0.109367,-0.0983459,-0.0870087,-0.075532,-0.0641108,-0.0529553,-0.0422864,-0.032331,-0.0233176,-0.0154718,-0.0090125,-0.00414966,-0.00108253,0
0,-0.000204677,-0.000796665,-0.00175003,-0.00303617,-0.0046246,-0.00648363,-0.00858107,-0.0108848,-0.0133635,-0.0159866,-0.0187253,-0.0215522,-0.0244421,-0.0273716,-0.0303195,-0.0332667,-0.0361963,-0.0390934,-0.041945,-0.0447401,-0.0474696,-0.0501258,-0.0527026,-0.0551953,-0.0576005,-0.0599159,-0.0621403,-0.0642733,-0.0663152,-0.0682673,-0.0701313,-0.0719094,-0.0736045,-0.0752196,-0.0767583,-0.0782242,-0.0796215,-0.0809544,-0.0822271,-0.0834443,-0.0846107,-0.0857309,-0.0868097,-0.0878522,-0.0888632,-0.0898476,-0.0908105,-0.0917569,-0.0926919,-0.0936204,-0.0945475,-0.0954782,-0.0964175,-0.0973704,-0.0983419,-0.0993368,-0.10036,-0.101416,-0.102511,-0.103648,-0.104832,-0.106067,-0.107359,-0.108711,-0.110127,-0.111611,-0.113167,-0.114798,-0.116507,-0.118298,-0.120172,-0.122131,-0.124178,-0.126314,-0.128538,-0.130852,-0.133253,-0.135741,-0.138313,-0.140964,-0.143691,-0.146487,-0.149345,-0.152258,-0.155214,-0.158201,-0.161205,-0.164211,-0.167198,-0.170147,-0.173031,-0.175826,-0.178499,-0.181019,-0.183346,-0.185442,-0.187262,-0.188758,-0.189881,-0.190578,-0.190794,-0.190473,-0.189558,-0.187993,-0.185727,-0.182709,-0.178898,-0.17426,-0.16877,-0.162419,-0.155212,-0.147172,-0.138342,-0.128787,-0.118592,-0.107868,-0.0967462,-0.0853797,-0.0739404,-0.0626165,-0.0516087,-0.0411263,-0.031383,-0.0225923,-0.0149645,-0.00870247,-0.00400024,-0.00104152,0
0,-0.000198277,-0.0007721,-0.001697,-0.00294616,-0.00449102,-0.00630196,-0.00834888,-0.0106018,-0.0130311,-0.0156084,-0.0183062,-0.021099,-0.0239624,-0.0268744,-0.0298146,-0.0327646,-0.035708,-0.0386301,-0.0415184,-0.0443618,-0.047151,-0.0498783,-0.0525374,-0.0551233,-0.0576322,-0.0600615,-0.0624094,-0.0646751,-0.0668585,-0.0689604,-0.0709821,-0.0729253,-0.0747923,-0.0765859,-0.0783091,-0.0799651,-0.0815577,-0.0830906,-0.0845678,-0.0859935,-0.087372,-0.0887077,-0.090005,-0.0912685,-0.0925028,-0.0937126,-0.0949024,-0.0960772,-0.0972414,-0.0983999,-0.0995573,-0.100718,-0.101888,-0.10307,-0.10427,-0.105492,-0.106741,-0.108021,-0.109336,-0.110691,-0.11209,-0.113536,-0.115035,-0.116589,-0.118201,-0.119877,-0.121617,-0.123427,-0.125306,-0.127259,-0.129287,-0.13139,-0.133571,-0.135829,-0.138164,-0.140575,-0.14306,-0.145617,-0.148243,-0.150931,-0.153676,-0.156472,-0.159311,-0.162182,-0.165073,-0.167973,-0.170864,-0.17373,-0.176551,-0.179305,-0.181965,-0.184504,-0.186891,-0.189092,-0.19107,-0.192783,-0.19419,-0.195243,-0.195893,-0.196091,-0.195785,-0.194921,-0.193447,-0.191314,-0.188475,-0.184888,-0.180517,-0.175337,-0.169332,-0.162501,-0.154857,-0.146431,-0.137272,-0.12745,-0.117057,-0.106203,-0.0950202,-0.0836591,-0.0722867,-0.0610839,-0.0502421,-0.0399592,-0.0304361,-0.0218724,-0.0144636,-0.00839772,-0.00385398,-0.00100154,0
0,-0.000192759,-0.000750878,-0.00165112,-0.00286815,-0.00437512,-0.00614416,-0.00814704,-0.0103555,-0.0127419,-0.0152791,-0.0179416,-0.0207047,-0.0235456,-0.026443,-0.0293775,-0.0323314,-0.0352885,-0.0382349,-0.041158,-0.0440469,-0.0468923,-0.0496864,-0.0524227,-0.055096,-0.0577021,-0.0602382,-0.062702,-0.0650925,-0.0674091,-0.0696521,-0.0718224,-0.0739214,-0.075951,-0.0779134,-0.0798112,-0.0816474,-0.0834253,-0.0851482,-0.0868198,-0.0884438,-0.0900243,-0.0915653,-0.0930709,-0.0945453,-0.0959928,-0.0974177,-0.0988244,-0.100217,-0.101601,-0.102979,-0.104357,-0.105738,-0.107128,-0.108529,-0.109948,-0.111387,-0.11285,-0.114343,-0.115869,-0.117431,-0.119034,-0.120681,-0.122375,-0.12412,-0.125919,-0.127774,-0.129688,-0.131663,-0.133702,-0.135805,-0.137973,-0.140208,-0.142509,-0.144877,-0.147309,-0.149804,-0.152359,-0.154971,-0.157635,-0.160345,-0.163094,-0.165875,-0.168678,-0.171492,-0.174305,-0.177102,-0.179866,-0.182579,-0.185219,-0.187765,-0.190188,-0.192461,-0.194553,-0.196428,-0.198049,-0.199377,-0.200369,-0.20098,-0.201164,-0.200872,-0.200055,-0.198665,-0.196654,-0.193978,-0.190596,-0.186473,-0.18158,-0.175899,-0.169423,-0.162158,-0.154124,-0.14536,-0.13592,-0.12588,-0.115332,-0.104389,-0.0931818,-0.0818581,-0.0705795,-0.0595194,-0.04886,-0.038788,-0.0294921,-0.0211587,-0.0139694,-0.00809835,-0.00371087,-0.000962581,0
0,-0.000188019,-0.000732596,-0.00161152,-0.00280074,-0.00427483,-0.0060075,-0.00797209,-0.010142,-0.0124909,-0.0149935,-0.0176253,-0.020363,-0.0231848,-0.0260704,-0.0290011,-0.0319597,-0.0349308,-0.0379006,-0.0408568,-0.0437887,-0.046687,-0.0495438,-0.0523525,-0.0551077,-0.0578051,-0.0604413,-0.063014,-0.0655217,-0.0679635,-0.0703393,-0.0726497,-0.0748956,-0.0770785,-0.0792003,-0.0812633,-0.0832701,-0.0852234,-0.0871265,-0.0889825,-0.0907949,-0.0925673,-0.0943035,-0.0960072,-0.0976823,-0.0993328,-0.100963,-0.102576,-0.104177,-0.105769,-0.107357,-0.108945,-0.110536,-0.112135,-0.113746,-0.115372,-0.117018,-0.118686,-0.120381,-0.122107,-0.123866,-0.125662,-0.127498,-0.129377,-0.131301,-0.133274,-0.135297,-0.137373,-0.139502,-0.141686,-0.143927,-0.146224,-0.148577,-0.150986,-0.153449,-0.155964,-0.158529,-0.16114,-0.163793,-0.166481,-0.169198,-0.171937,-0.174688,-0.177441,-0.180184,-0.182903,-0.185582,-0.188205,-0.190752,-0.1932,-0.195525,-0.197702,-0.199699,-0.201487,-0.20303,-0.204292,-0.205233,-0.205812,-0.205986,-0.20571,-0.204939,-0.203627,-0.201729,-0.199205,-0.196012,-0.192118,-0.187493,-0.182116,-0.175976,-0.169072,-0.161419,-0.153042,-0.143987,-0.134312,-0.124096,-0.113435,-0.102441,-0.0912441,-0.0799873,-0.068827,-0.0579292,-0.0474666,-0.0376155,-0.0285527,-0.0204521,-0.0134823,-0.00780448,-0.00357088,-0.000924627,0
0,-0.00018396,-0.0007169,-0.00157746,-0.00274266,-0.00418832,-0.00588948,-0.0078209,-0.00995733,-0.0122739,-0.0147466,-0.017352,-0.020068,-0.0228739,-0.02575,-0.0286785,-0.0316428,-0.0346279,-0.0376203,-0.0406081,-0.0435807,-0.0465287,-0.0494444,-0.0523211,-0.055153,-0.0579359,-0.060666,-0.0633409,-0.0659585,-0.0685179,-0.0710186,-0.0734607,-0.0758449,-0.0781723,-0.0804446,-0.0826635,-0.0848314,-0.0869507,-0.0890242,-0.0910548,-0.0930457,-0.0950001,-0.0969214,-0.0988131,-0.100679,-0.102522,-0.104347,-0.106157,-0.107955,-0.109746,-0.111533,-0.11332,-0.115111,-0.116909,-0.118718,-0.120542,-0.122383,-0.124245,-0.126132,-0.128046,-0.12999,-0.131968,-0.133982,-0.136034,-0.138127,-0.140262,-0.142441,-0.144665,-0.146936,-0.149254,-0.151619,-0.154031,-0.15649,-0.158992,-0.161537,-0.164122,-0.166743,-0.169396,-0.172075,-0.174773,-0.177484,-0.180197,-0.182904,-0.185592,-0.18825,-0.190861,-0.193411,-0.19588,-0.198247,-0.200491,-0.202587,-0.204507,-0.206222,-0.207701,-0.208908,-0.209808,-0.210363,-0.210533,-0.210276,-0.20955,-0.208313,-0.206522,-0.204139,-0.201124,-0.197444,-0.193069,-0.187978,-0.182156,-0.175597,-0.16831,-0.160312,-0.151638,-0.142335,-0.132469,-0.12212,-0.111385,-0.100376,-0.08922,-0.0780571,-0.0670373,-0.056319,-0.0460661,-0.0364445,-0.0276196,-0.0197536,-0.0130029,-0.00751625,-0.00343406,-0.000887667,0
0,-0.000180499,-0.000703469,-0.00154825,-0.00269277,-0.0041139,-0.00578787,-0.00769062,-0.00979816,-0.0120869,-0.0145337,-0.0171166,-0.0198143,-0.0226069,-0.0254758,-0.0284035,-0.0313741,-0.0343732,-0.0373875,-0.0404054,-0.0434163,-0.0464113,-0.0493822,-0.0523225,-0.0552264,-0.0580893,-0.0609074,-0.0636779,-0.0663987,-0.0690684,-0.0716862,-0.074252,-0.0767663,-0.0792297,-0.0816435,-0.0840093,-0.0863291,-0.088605,-0.0908394,-0.093035,-0.0951945,-0.097321,-0.0994175,-0.101487,-0.103533,-0.105559,-0.107569,-0.109564,-0.11155,-0.113529,-0.115505,-0.117481,-0.119461,-0.121447,-0.123443,-0.125453,-0.127479,-0.129524,-0.13159,-0.133682,-0.135801,-0.137949,-0.140128,-0.142342,-0.14459,-0.146875,-0.149198,-0.151559,-0.153959,-0.156398,-0.158875,-0.161389,-0.163939,-0.166522,-0.169136,-0.171776,-0.174439,-0.17712,-0.179811,-0.182505,-0.185194,-0.187868,-0.190517,-0.193127,-0.195686,-0.198178,-0.200585,-0.202888,-0.205066,-0.207096,-0.208953,-0.21061,-0.212036,-0.213201,-0.214071,-0.21461,-0.214781,-0.214547,-0.213868,-0.212704,-0.211016,-0.208767,-0.205919,-0.202441,-0.198302,-0.19348,-0.187959,-0.181729,-0.174793,-0.167164,-0.158866,-0.149937,-0.140431,-0.130415,-0.119972,-0.109199,-0.0982073,-0.0871217,-0.0760771,-0.0652178,-0.0546946,-0.0446625,-0.0352775,-0.0266944,-0.0190641,-0.0125314,-0.0072338,-0.00330042,-0.000851697,0
0,-0.000177561,-0.000692015,-0.00152328,-0.00265004,-0.00405007,-0.00570062,-0.00757868,-0.00966135,-0.011926,-0.0143508,-0.0169145,-0.0195968,-0.0223786,-0.025242,-0.0281701,-0.0311477,-0.0341606,-0.037196,-0.0402425,-0.0432896,-0.0463286,-0.0493513,-0.0523512,-0.0553224,-0.0582601,-0.0611605,-0.0640205,-0.0668377,-0.0696107,-0.0723383,-0.0750201,-0.0776563,-0.0802474,-0.0827942,-0.0852981,-0.0877607,-0.090184,-0.0925699,-0.0949209,-0.0972395,-0.0995283,-0.10179,-0.104028,-0.106244,-0.108443,-0.110626,-0.112797,-0.11496,-0.117116,-0.11927,-0.121424,-0.123582,-0.125746,-0.127919,-0.130103,-0.132302,-0.134519,-0.136754,-0.139012,-0.141293,-0.143599,-0.145933,-0.148295,-0.150688,-0.153111,-0.155564,-0.15805,-0.160566,-0.163112,-0.165688,-0.16829,-0.170918,-0.173569,-0.176237,-0.17892,-0.181611,-0.184305,-0.186994,-0.189671,-0.192325,-0.194946,-0.197524,-0.200043,-0.202491,-0.20485,-0.207103,-0.20923,-0.211209,-0.213017,-0.214628,-0.216015,-0.217149,-0.217998,-0.21853,-0.21871,-0.218504,-0.217873,-0.216783,-0.215195,-0.213074,-0.210386,-0.207098,-0.203183,-0.198617,-0.193381,-0.187465,-0.180867,-0.173594,-0.165664,-0.157107,-0.147966,-0.138297,-0.12817,-0.11767,-0.106893,-0.0959498,-0.0849607,-0.0740567,-0.0633757,-0.0530613,-0.0432596,-0.0341172,-0.0257787,-0.0183844,-0.0120683,-0.0069573,-0.00317,-0.000816711,0
0,-0.000175076,-0.000682283,-0.001502,-0.00261355,-0.00399548,-0.0056259,-0.00748274,-0.00954402,-0.0117881,-0.0141941,-0.0167414,-0.0194109,-0.022184,-0.0250434,-0.027973,-0.0309579,-0.0339844,-0.03704,-0.0401135,-0.0431947,-0.0462749,-0.0493461,-0.0524016,-0.0554356,-0.0584432,-0.0614203,-0.0643639,-0.0672712,-0.0701406,-0.0729708,-0.0757612,-0.0785115,-0.0812221,-0.0838935,-0.0865269,-0.0891236,-0.0916851,-0.0942134,-0.0967104,-0.0991784,-0.10162,-0.104037,-0.106433,-0.108809,-0.11117,-0.113517,-0.115853,-0.118182,-0.120506,-0.122827,-0.125148,-0.127473,-0.129803,-0.132141,-0.13449,-0.136851,-0.139227,-0.14162,-0.144031,-0.146462,-0.148915,-0.151391,-0.153891,-0.156414,-0.158962,-0.161534,-0.164131,-0.16675,-0.169391,-0.172052,-0.17473,-0.177423,-0.180126,-0.182836,-0.185547,-0.188253,-0.190947,-0.193621,-0.196267,-0.198873,-0.201429,-0.203922,-0.206339,-0.208664,-0.21088,-0.212968,-0.21491,-0.216681,-0.218259,-0.219619,-0.220733,-0.221571,-0.222105,-0.222301,-0.222127,-0.221549,-0.220532,-0.219043,-0.217047,-0.214511,-0.211406,-0.207704,-0.203381,-0.198417,-0.192802,-0.186528,-0.1796,-0.172029,-0.163839,-0.155064,-0.14575,-0.135957,-0.125756,-0.115233,-0.104484,-0.0936166,-0.0827482,-0.0720047,-0.0615179,-0.051424,-0.0418609,-0.0329659,-0.024874,-0.0177153,-0.011614,-0.0066869,-0.00304283,-0.000782708,0
0,-0.000172983,-0.000674033,-0.0014839,-0.00258245,-0.00394889,-0.00556205,-0.00740067,-0.00944362,-0.0116701,-0.01406,-0.0165936,-0.0192523,-0.0220184,-0.0248751,-0.0278069,-0.0307993,-0.033839,-0.0369139,-0.0400129,-0.0431261,-0.0462448,-0.0493612,-0.0524686,-0.055561,-0.0586336,-0.0616822,-0.0647034,-0.0676947,-0.070654,-0.0735799,-0.0764714,-0.0793283,-0.0821504,-0.0849383,-0.0876927,-0.0904147,-0.0931057,-0.0957672,-0.0984009,-0.101009,-0.103593,-0.106156,-0.1087,-0.111227,-0.113739,-0.11624,-0.118731,-0.121215,-0.123695,-0.126172,-0.12865,-0.131131,-0.133616,-0.136108,-0.138609,-0.141121,-0.143645,-0.146183,-0.148736,-0.151306,-0.153894,-0.156499,-0.159123,-0.161765,-0.164426,-0.167104,-0.169798,-0.172508,-0.17523,-0.177963,-0.180704,-0.183448,-0.186191,-0.188929,-0.191655,-0.194362,-0.197043,-0.199689,-0.20229,-0.204836,-0.207314,-0.209711,-0.212014,-0.214205,-0.216268,-0.218184,-0.219931,-0.221489,-0.222832,-0.223936,-0.224774,-0.225317,-0.225536,-0.2254,-0.224878,-0.223937,-0.222546,-0.220672,-0.218285,-0.215355,-0.211857,-0.207766,-0.203064,-0.197736,-0.191774,-0.185179,-0.177958,-0.170128,-0.161716,-0.152761,-0.143313,-0.133432,-0.123193,-0.112679,-0.101987,-0.0912206,-0.0804946,-0.0699294,-0.0596508,-0.0497877,-0.0404698,-0.0318259,-0.0239816,-0.0170577,-0.0111689,-0.00642275,-0.00291895,-0.000749688,0
0,-0.000171223,-0.000667058,-0.00146856,-0.00255601,-0.00390918,-0.00550754,-0.00733053,-0.00935777,-0.0115692,-0.0139453,-0.0164673,-0.0191171,-0.0218776,-0.0247326,-0.0276672,-0.0306671,-0.0337195,-0.0368126,-0.0399355,-0.0430786,-0.0462332,-0.0493915,-0.052547,-0.0556936,-0.0588265,-0.0619414,-0.0650348,-0.068104,-0.0711468,-0.0741615,-0.0771471,-0.0801031,-0.0830291,-0.0859254,-0.0887926,-0.0916314,-0.094443,-0.0972287,-0.09999,-0.102729,-0.105446,-0.108145,-0.110827,-0.113494,-0.116148,-0.118792,-0.121427,-0.124057,-0.126682,-0.129305,-0.131928,-0.134553,-0.137182,-0.139817,-0.142459,-0.14511,-0.14777,-0.150442,-0.153125,-0.155822,-0.158531,-0.161253,-0.163989,-0.166738,-0.169498,-0.172269,-0.175048,-0.177835,-0.180626,-0.183418,-0.186207,-0.18899,-0.19176,-0.194512,-0.19724,-0.199936,-0.202591,-0.205196,-0.207741,-0.210214,-0.212603,-0.214894,-0.217072,-0.21912,-0.221021,-0.222756,-0.224303,-0.225641,-0.226745,-0.227591,-0.228152,-0.228401,-0.228309,-0.227847,-0.226984,-0.225691,-0.223938,-0.221696,-0.218936,-0.215635,-0.211767,-0.207315,-0.202263,-0.196602,-0.190329,-0.183447,-0.17597,-0.167918,-0.159323,-0.150226,-0.140679,-0.130746,-0.1205,-0.110025,-0.0994155,-0.0887738,-0.0782097,-0.0678388,-0.0577805,-0.0481568,-0.0390896,-0.0306994,-0.0231029,-0.0164124,-0.0107334,-0.00616498,-0.00279837,-0.000717646,0
0,-0.000169746,-0.000661172,-0.00145555,-0.00253353,-0.00387534,-0.00546102,-0.0072706,-0.00928433,-0.0114828,-0.0138472,-0.0163593,-0.0190017,-0.0217577,-0.0246118,-0.0275494,-0.0305567,-0.0336212,-0.0367313,-0.0398765,-0.0430473,-0.046235,-0.0494322,-0.0526321,-0.0558288,-0.0590174,-0.0621935,-0.0653537,-0.0684949,-0.0716149,-0.074712,-0.0777847,-0.0808325,-0.0838548,-0.0868517,-0.0898235,-0.0927708,-0.0956944,-0.0985955,-0.101475,-0.104335,-0.107177,-0.110002,-0.112812,-0.115609,-0.118395,-0.121172,-0.123941,-0.126705,-0.129464,-0.132222,-0.13498,-0.137739,-0.1405,-0.143266,-0.146038,-0.148815,-0.1516,-0.154393,-0.157195,-0.160005,-0.162824,-0.165652,-0.168487,-0.171329,-0.174176,-0.177027,-0.179879,-0.18273,-0.185576,-0.188414,-0.19124,-0.194047,-0.196831,-0.199586,-0.202302,-0.204974,-0.207591,-0.210144,-0.212621,-0.21501,-0.217299,-0.219474,-0.221518,-0.223414,-0.225146,-0.226693,-0.228034,-0.229148,-0.230011,-0.230598,-0.230883,-0.230841,-0.230443,-0.229661,-0.228468,-0.226835,-0.224735,-0.222142,-0.21903,-0.215379,-0.211168,-0.206382,-0.201011,-0.195049,-0.188497,-0.181364,-0.173666,-0.165429,-0.156686,-0.147482,-0.137871,-0.127917,-0.117694,-0.107286,-0.096784,-0.0862878,-0.075903,-0.0657401,-0.0559126,-0.0465355,-0.0377232,-0.0295882,-0.0222392,-0.0157799,-0.0103078,-0.00591373,-0.00268114,-0.000686581,0
0,-0.000168508,-0.000656203,-0.00144452,-0.0025144,-0.00384647,-0.00542124,-0.00721926,-0.00922136,-0.0114087,-0.013763,-0.0162667,-0.0189028,-0.0216552,-0.0245089,-0.0274495,-0.0304639,-0.0335397,-0.0366656,-0.0398313,-0.0430275,-0.0462458,-0.0494787,-0.0527194,-0.0559622,-0.059202,-0.0624345,-0.065656,-0.0688636,-0.0720548,-0.0752276,-0.0783808,-0.0815132,-0.0846245,-0.0877143,-0.0907827,-0.0938302,-0.0968574,-0.0998652,-0.102855,-0.105827,-0.108783,-0.111725,-0.114653,-0.117571,-0.120478,-0.123378,-0.12627,-0.129158,-0.132041,-0.134923,-0.137804,-0.140685,-0.143568,-0.146454,-0.149343,-0.152236,-0.155134,-0.158036,-0.160944,-0.163856,-0.166773,-0.169692,-0.172614,-0.175537,-0.178459,-0.181377,-0.184289,-0.187191,-0.19008,-0.192951,-0.1958,-0.19862,-0.201405,-0.204149,-0.206843,-0.209479,-0.212046,-0.214534,-0.216933,-0.219228,-0.221408,-0.223456,-0.225358,-0.227096,-0.228652,-0.230006,-0.231138,-0.232025,-0.232645,-0.232974,-0.232986,-0.232656,-0.231959,-0.230867,-0.229354,-0.227395,-0.224964,-0.222038,-0.218596,-0.214618,-0.210089,-0.204998,-0.199337,-0.193106,-0.186309,-0.178959,-0.171076,-0.162688,-0.153832,-0.144554,-0.134911,-0.124966,-0.114795,-0.104478,-0.0941052,-0.0837732,-0.0735832,-0.0636405,-0.0540525,-0.0449277,-0.0363733,-0.0284943,-0.0213915,-0.015161,-0.00989244,-0.0056691,-0.00256727,-0.000656489,0
0,-0.000167471,-0.000651998,-0.00143514,-0.00249807,-0.00382175,-0.00538708,-0.00717509,-0.00916708,-0.0113447,-0.0136903,-0.0161866,-0.0188173,-0.0215668,-0.0244203,-0.0273639,-0.0303848,-0.0334709,-0.0366113,-0.0397958,-0.0430153,-0.0462614,-0.0495268,-0.0528048,-0.0560896,-0.0593762,-0.0626602,-0.065938,-0.0692063,-0.0724627,-0.0757051,-0.078932,-0.0821422,-0.0853352,-0.0885103,-0.0916676,-0.0948073,-0.0979297,-0.101036,-0.104126,-0.107201,-0.110263,-0.113312,-0.11635,-0.119377,-0.122396,-0.125408,-0.128414,-0.131414,-0.134412,-0.137406,-0.140399,-0.143392,-0.146385,-0.149379,-0.152374,-0.155371,-0.15837,-0.16137,-0.164371,-0.167373,-0.170375,-0.173375,-0.176371,-0.179362,-0.182346,-0.185319,-0.188277,-0.191218,-0.194137,-0.197029,-0.199889,-0.202709,-0.205484,-0.208205,-0.210864,-0.213452,-0.215959,-0.218373,-0.220682,-0.222875,-0.224936,-0.22685,-0.228603,-0.230176,-0.23155,-0.232708,-0.233627,-0.234287,-0.234665,-0.234737,-0.23448,-0.23387,-0.232881,-0.231488,-0.229669,-0.227398,-0.224653,-0.221415,-0.217663,-0.213384,-0.208563,-0.203195,-0.197275,-0.190806,-0.183796,-0.176262,-0.168227,-0.159721,-0.150784,-0.141465,-0.131819,-0.121912,-0.111817,-0.101615,-0.0913914,-0.0812403,-0.0712585,-0.0615462,-0.052205,-0.043337,-0.0350425,-0.0274192,-0.0205609,-0.0145562,-0.00948751,-0.00543119,-0.00245678,-0.000627365,0
0,-0.000166597,-0.000648417,-0.00142711,-0.00248403,-0.00380042,-0.00535752,-0.00713677,-0.00911989,-0.011289,-0.0136269,-0.0161167,-0.0187426,-0.0214894,-0.0243427,-0.0272891,-0.0303158,-0.0334113,-0.0365646,-0.0397661,-0.0430065,-0.0462777,-0.0495725,-0.0528843,-0.0562072,-0.0595363,-0.0628672,-0.066196,-0.0695196,-0.0728354,-0.0761412,-0.0794354,-0.0827167,-0.0859841,-0.0892373,-0.0924758,-0.0956997,-0.0989092,-0.102105,-0.105287,-0.108457,-0.111615,-0.114762,-0.117899,-0.121027,-0.124148,-0.127262,-0.13037,-0.133474,-0.136574,-0.139671,-0.142765,-0.145858,-0.14895,-0.152041,-0.155131,-0.15822,-0.161307,-0.164393,-0.167477,-0.170557,-0.173631,-0.176699,-0.179757,-0.182805,-0.185838,-0.188853,-0.191846,-0.194814,-0.197751,-0.200651,-0.203509,-0.206318,-0.20907,-0.211757,-0.214371,-0.216901,-0.219336,-0.221666,-0.223878,-0.225958,-0.227893,-0.229667,-0.231264,-0.232666,-0.233856,-0.234814,-0.23552,-0.235952,-0.23609,-0.23591,-0.235389,-0.234505,-0.233233,-0.231552,-0.229439,-0.226873,-0.223833,-0.220302,-0.216264,-0.211707,-0.206622,-0.201005,-0.194855,-0.188179,-0.180988,-0.173302,-0.165147,-0.156555,-0.147569,-0.138237,-0.128617,-0.118773,-0.108778,-0.09871,-0.0886538,-0.0786984,-0.0689365,-0.0594632,-0.0503747,-0.0417666,-0.0337329,-0.0263645,-0.0197483,-0.0139659,-0.00909326,-0.00520007,-0.00234967,-0.000599206,0
0,-0.000165854,-0.00064534,-0.00142016,-0.00247183,-0.00378181,-0.00533165,-0.00710313,-0.00907833,-0.0112398,-0.0135707,-0.0160547,-0.0186762,-0.0214204,-0.0242734,-0.0272219,-0.0302537,-0.0333573,-0.0365221,-0.0397385,-0.0429976,-0.0462913,-0.0496123,-0.0529544,-0.0563116,-0.0596789,-0.0630519,-0.0664268,-0.0698004,-0.0731699,-0.0765331,-0.0798882,-0.0832339,-0.086569,-0.0898928,-0.093205,-0.0965054,-0.099794,-0.103071,-0.106337,-0.109592,-0.112837,-0.116073,-0.119301,-0.12252,-0.125733,-0.128939,-0.13214,-0.135336,-0.138528,-0.141717,-0.144902,-0.148084,-0.151264,-0.15444,-0.157613,-0.160783,-0.163948,-0.167108,-0.170262,-0.173407,-0.176543,-0.179666,-0.182775,-0.185866,-0.188936,-0.191982,-0.194998,-0.19798,-0.200923,-0.20382,-0.206665,-0.209451,-0.21217,-0.214812,-0.21737,-0.219831,-0.222186,-0.224423,-0.226528,-0.228489,-0.23029,-0.231918,-0.233354,-0.234583,-0.235585,-0.236342,-0.236834,-0.237041,-0.236941,-0.236513,-0.235736,-0.234586,-0.233044,-0.231087,-0.228695,-0.22585,-0.222534,-0.218732,-0.21443,-0.209621,-0.204297,-0.198459,-0.192108,-0.185255,-0.177914,-0.170107,-0.161862,-0.153215,-0.144207,-0.134891,-0.125322,-0.115565,-0.105691,-0.0957768,-0.0859033,-0.0761562,-0.0666241,-0.057397,-0.0485656,-0.0402196,-0.0324468,-0.0253316,-0.0189545,-0.0133907,-0.00870988,-0.00497579,-0.00224596,-0.000572003,0
0,-0.000165211,-0.000642653,-0.00141406,-0.00246107,-0.00376532,-0.00530864,-0.00707308,-0.00904109,-0.0111956,-0.01352,-0.0159984,-0.0186157,-0.0213573,-0.0242095,-0.0271596,-0.0301955,-0.0333059,-0.0364805,-0.0397099,-0.0429852,-0.0462986,-0.0496429,-0.0530117,-0.0563993,-0.0598007,-0.0632114,-0.0666275,-0.0700458,-0.0734634,-0.0768782,-0.080288,-0.0836915,-0.0870875,-0.090475,-0.0938536,-0.0972228,-0.100583,-0.103933,-0.107274,-0.110606,-0.11393,-0.117246,-0.120554,-0.123855,-0.12715,-0.130439,-0.133723,-0.137001,-0.140275,-0.143545,-0.14681,-0.150071,-0.153327,-0.156578,-0.159823,-0.163062,-0.166293,-0.169516,-0.172728,-0.175927,-0.179112,-0.182279,-0.185426,-0.18855,-0.191646,-0.194709,-0.197736,-0.200722,-0.203659,-0.206541,-0.209363,-0.212115,-0.214789,-0.217377,-0.219869,-0.222253,-0.224518,-0.226653,-0.228645,-0.230479,-0.232142,-0.233618,-0.23489,-0.235942,-0.236755,-0.237311,-0.237591,-0.237575,-0.237242,-0.236573,-0.235546,-0.234141,-0.232339,-0.23012,-0.227466,-0.22436,-0.220787,-0.216735,-0.212194,-0.207156,-0.201621,-0.195589,-0.189066,-0.182065,-0.174603,-0.166705,-0.158399,-0.149724,-0.140723,-0.131447,-0.121953,-0.112305,-0.102571,-0.0928266,-0.0831496,-0.073622,-0.0643279,-0.0553527,-0.0467816,-0.0386987,-0.0311858,-0.0243215,-0.0181801,-0.0128308,-0.00833753,-0.0047584,-0.00214562,-0.000545749,0
0,-0.000164643,-0.000640257,-0.00140859,-0.00245137,-0.00375041,-0.00528773,-0.00704567,-0.00900696,-0.0111548,-0.0134731,-0.0159461,-0.018559,-0.0212977,-0.0241487,-0.0270996,-0.0301384,-0.0332543,-0.036437,-0.0396772,-0.0429664,-0.0462968,-0.0496612,-0.0530534,-0.0564676,-0.0598989,-0.0633427,-0.0667952,-0.0702531,-0.0737135,-0.077174,-0.0806326,-0.0840876,-0.0875378,-0.0909821,-0.0944198,-0.0978505,-0.101274,-0.104689,-0.108098,-0.111498,-0.114892,-0.118279,-0.121659,-0.125033,-0.1284,-0.131762,-0.135119,-0.13847,-0.141815,-0.145155,-0.14849,-0.151818,-0.15514,-0.158455,-0.161761,-0.165058,-0.168345,-0.171618,-0.174877,-0.178119,-0.181342,-0.184542,-0.187716,-0.19086,-0.19397,-0.19704,-0.200067,-0.203044,-0.205965,-0.208822,-0.211609,-0.214317,-0.216938,-0.219461,-0.221878,-0.224176,-0.226344,-0.228371,-0.230242,-0.231945,-0.233464,-0.234784,-0.23589,-0.236763,-0.237387,-0.237743,-0.237813,-0.237578,-0.237018,-0.236114,-0.234847,-0.233198,-0.231149,-0.228683,-0.225782,-0.222434,-0.218624,-0.214344,-0.209586,-0.204346,-0.198624,-0.192426,-0.185759,-0.178638,-0.171083,-0.163121,-0.154782,-0.146106,-0.137137,-0.127925,-0.118528,-0.109007,-0.0994308,-0.0898706,-0.080402,-0.0711031,-0.0620538,-0.0533347,-0.045026,-0.0372062,-0.0299518,-0.0233354,-0.0174258,-0.0122866,-0.00797631,-0.00454791,-0.00204865,-0.000520431,0
0,-0.000164127,-0.00063806,-0.00140356,-0.00244241,-0.00373657,-0.00526826,-0.00702004,-0.0089749,-0.0111164,-0.0134285,-0.015896,-0.0185044,-0.0212397,-0.0240888,-0.0270394,-0.03008,-0.0331998,-0.0363888,-0.0396378,-0.0429385,-0.046283,-0.0496645,-0.0530766,-0.0565138,-0.0599708,-0.0634435,-0.0669277,-0.0704202,-0.073918,-0.0774186,-0.08092,-0.0844203,-0.0879182,-0.0914125,-0.0949024,-0.0983873,-0.101866,-0.10534,-0.108807,-0.112268,-0.115723,-0.119172,-0.122615,-0.126053,-0.129484,-0.132909,-0.136329,-0.139742,-0.14315,-0.14655,-0.149944,-0.15333,-0.156707,-0.160075,-0.163432,-0.166776,-0.170106,-0.173419,-0.176714,-0.179988,-0.183237,-0.186458,-0.189648,-0.192801,-0.195914,-0.198981,-0.201997,-0.204955,-0.207849,-0.210671,-0.213413,-0.216068,-0.218626,-0.221076,-0.223409,-0.225614,-0.227678,-0.22959,-0.231336,-0.232902,-0.234273,-0.235435,-0.236372,-0.237066,-0.237501,-0.23766,-0.237524,-0.237074,-0.236294,-0.235164,-0.233668,-0.231786,-0.229504,-0.226805,-0.223675,-0.220103,-0.216077,-0.211591,-0.206639,-0.201221,-0.195339,-0.189,-0.182215,-0.175002,-0.167381,-0.159381,-0.151035,-0.142383,-0.133468,-0.124342,-0.115061,-0.105686,-0.0962819,-0.0869189,-0.0776688,-0.0686064,-0.0598071,-0.0513472,-0.0433018,-0.0357444,-0.028746,-0.0223741,-0.016692,-0.0117582,-0.0076263,-0.00434432,-0.00195503,-0.00049604,0
0,-0.000163639,-0.000635984,-0.00139879,-0.00243389,-0.00372338,-0.00524962,-0.0069954,-0.00894393,-0.011079,-0.0133849,-0.0158467,-0.0184501,-0.0211814,-0.0240278,-0.0269771,-0.0300181,-0.0331403,-0.0363337,-0.0395893,-0.042899,-0.0462549,-0.0496504,-0.0530791,-0.0565354,-0.0600143,-0.0635114,-0.0670227,-0.0705449,-0.0740749,-0.0776102,-0.0811485,-0.0846882,-0.0882275,-0.0917653,-0.0953006,-0.0988324,-0.10236,-0.105884,-0.109402,-0.112916,-0.116424,-0.119927,-0.123424,-0.126916,-0.130402,-0.133881,-0.137355,-0.140821,-0.144281,-0.147732,-0.151175,-0.154608,-0.15803,-0.16144,-0.164837,-0.168218,-0.171581,-0.174924,-0.178244,-0.181538,-0.184803,-0.188035,-0.191229,-0.194382,-0.197487,-0.20054,-0.203534,-0.206463,-0.20932,-0.212097,-0.214786,-0.217378,-0.219864,-0.222234,-0.224476,-0.226581,-0.228535,-0.230326,-0.231941,-0.233367,-0.234589,-0.235591,-0.236358,-0.236874,-0.237123,-0.237086,-0.236749,-0.236092,-0.235098,-0.233752,-0.232036,-0.229935,-0.227434,-0.224518,-0.221177,-0.2174,-0.213178,-0.208508,-0.203385,-0.197813,-0.191795,-0.185341,-0.178464,-0.171183,-0.163523,-0.15551,-0.147181,-0.138574,-0.129736,-0.120715,-0.111568,-0.102354,-0.0931358,-0.0839807,-0.0749578,-0.066138,-0.0575928,-0.0493938,-0.0416117,-0.0343151,-0.0275698,-0.0214384,-0.0159792,-0.011246,-0.00728754,-0.0041476,-0.00186473,-0.000472563,0
0,-0.000163162,-0.000633957,-0.00139412,-0.00242556,-0.00371043,-0.00523128,-0.00697106,-0.0089132,-0.0110417,-0.0133412,-0.0157968,-0.0183946,-0.0211212,-0.0239638,-0.0269108,-0.0299508,-0.0330736,-0.0362694,-0.0395295,-0.0428456,-0.0462103,-0.0496166,-0.0530585,-0.0565304,-0.0600272,-0.0635446,-0.0670785,-0.0706256,-0.0741827,-0.0777473,-0.0813171,-0.0848901,-0.0884647,-0.0920395,-0.0956135,-0.0991856,-0.102755,-0.106321,-0.109883,-0.113442,-0.116995,-0.120544,-0.124087,-0.127624,-0.131156,-0.134681,-0.138198,-0.141709,-0.14521,-0.148703,-0.152185,-0.155655,-0.159113,-0.162555,-0.165981,-0.169389,-0.172775,-0.176137,-0.179471,-0.182776,-0.186046,-0.189278,-0.192467,-0.195608,-0.198696,-0.201724,-0.204688,-0.207578,-0.210389,-0.213112,-0.215739,-0.218261,-0.220667,-0.222949,-0.225094,-0.227092,-0.228931,-0.230597,-0.232079,-0.233361,-0.234431,-0.235273,-0.235871,-0.23621,-0.236275,-0.236048,-0.235514,-0.234657,-0.233459,-0.231906,-0.229983,-0.227675,-0.224969,-0.221854,-0.218319,-0.214355,-0.209959,-0.205125,-0.199855,-0.194152,-0.188022,-0.181477,-0.174533,-0.16721,-0.159532,-0.151531,-0.14324,-0.134701,-0.125958,-0.117061,-0.108063,-0.0990235,-0.0900026,-0.0810648,-0.072276,-0.0637035,-0.055415,-0.0474779,-0.0399581,-0.0329198,-0.0264241,-0.0205288,-0.0152876,-0.0107498,-0.00696001,-0.00395773,-0.00177772,-0.000449986,0
0,-0.000162682,-0.000631916,-0.00138943,-0.00241716,-0.00369739,-0.00521276,-0.0069464,-0.00888194,-0.0110036,-0.0132962,-0.0157451,-0.0183366,-0.0210575,-0.0238954,-0.0268386,-0.0298762,-0.0329979,-0.0361942,-0.0394565,-0.0427766,-0.0461471,-0.0495613,-0.0530131,-0.056497,-0.0600078,-0.0635413,-0.0670935,-0.0706607,-0.0742401,-0.0778288,-0.0814245,-0.0850251,-0.0886291,-0.0922348,-0.0958409,-0.0994465,-0.103051,-0.106652,-0.110251,-0.113846,-0.117437,-0.121023,-0.124604,-0.128179,-0.131747,-0.135309,-0.138862,-0.142407,-0.145942,-0.149467,-0.152978,-0.156477,-0.159959,-0.163425,-0.16687,-0.170294,-0.173693,-0.177064,-0.180403,-0.183708,-0.186974,-0.190196,-0.19337,-0.19649,-0.19955,-0.202545,-0.205468,-0.208311,-0.211068,-0.213729,-0.216286,-0.218729,-0.22105,-0.223237,-0.225279,-0.227166,-0.228884,-0.230423,-0.231767,-0.232905,-0.233822,-0.234503,-0.234934,-0.235099,-0.234984,-0.234572,-0.233848,-0.232798,-0.231405,-0.229657,-0.227538,-0.225037,-0.222142,-0.218843,-0.215132,-0.211002,-0.20645,-0.201475,-0.196079,-0.190268,-0.184049,-0.177437,-0.170449,-0.163106,-0.155434,-0.147465,-0.139234,-0.130781,-0.122151,-0.113393,-0.104559,-0.0957056,-0.0868918,-0.0781789,-0.0696297,-0.061308,-0.0532778,-0.0456022,-0.0383431,-0.03156,-0.0253098,-0.0196458,-0.0146175,-0.0102699,-0.00664371,-0.00377465,-0.00169396,-0.000428292,0
0,-0.000162181,-0.000629802,-0.00138458,-0.00240851,-0.00368393,-0.00519362,-0.00692087,-0.00884948,-0.0109638,-0.013249,-0.0156906,-0.018275,-0.0209892,-0.0238212,-0.0267593,-0.0297927,-0.0329115,-0.0361064,-0.0393685,-0.0426901,-0.0460638,-0.0494829,-0.0529413,-0.0564336,-0.0599547,-0.0635003,-0.0670663,-0.0706492,-0.0742459,-0.0778537,-0.08147,-0.0850928,-0.0887202,-0.0923507,-0.0959829,-0.0996154,-0.103247,-0.106878,-0.110506,-0.11413,-0.117751,-0.121367,-0.124978,-0.128582,-0.13218,-0.135769,-0.13935,-0.14292,-0.14648,-0.150027,-0.153559,-0.157076,-0.160575,-0.164053,-0.167509,-0.17094,-0.174342,-0.177712,-0.181047,-0.184343,-0.187594,-0.190797,-0.193946,-0.197036,-0.200061,-0.203014,-0.205887,-0.208675,-0.211369,-0.21396,-0.21644,-0.218799,-0.221027,-0.223114,-0.225049,-0.22682,-0.228415,-0.229822,-0.231029,-0.232021,-0.232785,-0.233307,-0.233572,-0.233567,-0.233276,-0.232685,-0.231779,-0.230544,-0.228967,-0.227034,-0.224733,-0.222053,-0.218984,-0.215518,-0.211648,-0.207371,-0.202684,-0.197588,-0.192087,-0.186189,-0.179904,-0.173247,-0.166236,-0.158895,-0.15125,-0.143333,-0.13518,-0.126831,-0.11833,-0.109725,-0.101067,-0.0924103,-0.0838117,-0.0753298,-0.0670244,-0.0589559,-0.0511844,-0.0437693,-0.0367683,-0.0302368,-0.0242276,-0.0187898,-0.013969,-0.00980624,-0.00633856,-0.00359829,-0.00161339,-0.000407466,0
0,-0.000161646,-0.000627566,-0.00137948,-0.00239941,-0.00366979,-0.00517351,-0.006894,-0.00881522,-0.0109217,-0.0131988,-0.0156322,-0.0182086,-0.0209151,-0.0237398,-0.0266713,-0.0296991,-0.0328132,-0.0360044,-0.0392642,-0.0425848,-0.0459588,-0.0493798,-0.0528416,-0.0563389,-0.0598666,-0.0634203,-0.066996,-0.0705901,-0.0741995,-0.0778214,-0.0814532,-0.0850927,-0.0887381,-0.0923875,-0.0960396,-0.0996929,-0.103346,-0.106999,-0.110649,-0.114296,-0.117939,-0.121578,-0.125211,-0.128837,-0.132455,-0.136064,-0.139664,-0.143252,-0.146827,-0.150388,-0.153933,-0.157459,-0.160965,-0.164448,-0.167905,-0.171333,-0.174729,-0.17809,-0.181411,-0.184688,-0.187917,-0.191092,-0.194208,-0.197259,-0.200239,-0.203141,-0.205958,-0.208683,-0.211307,-0.213822,-0.216218,-0.218487,-0.220617,-0.222599,-0.224422,-0.226074,-0.227543,-0.228818,-0.229885,-0.230731,-0.231343,-0.231708,-0.231811,-0.231639,-0.231178,-0.230415,-0.229334,-0.227924,-0.226172,-0.224067,-0.221596,-0.218752,-0.215525,-0.211908,-0.207898,-0.203492,-0.198689,-0.193492,-0.187908,-0.181944,-0.175613,-0.168932,-0.161919,-0.1546,-0.147001,-0.139155,-0.131097,-0.122868,-0.11451,-0.10607,-0.0975982,-0.0891468,-0.0807702,-0.0725241,-0.0644654,-0.0566511,-0.0491378,-0.0419812,-0.0352351,-0.0289511,-0.0231779,-0.017961,-0.013342,-0.0093587,-0.00604447,-0.00342858,-0.00153597,-0.00038749,0
0,-0.000161066,-0.000625164,-0.00137402,-0.00238971,-0.00365473,-0.0051521,-0.00686536,-0.00877863,-0.0108767,-0.0131448,-0.0155692,-0.0181365,-0.0208341,-0.0236503,-0.0265738,-0.0295941,-0.0327016,-0.0358871,-0.0391423,-0.0424593,-0.0458311,-0.0492509,-0.052713,-0.0562118,-0.0597425,-0.0633004,-0.0668818,-0.0704828,-0.0741004,-0.0777316,-0.0813739,-0.085025,-0.0886828,-0.0923456,-0.0960117,-0.0996797,-0.103348,-0.107016,-0.110682,-0.114345,-0.118004,-0.121657,-0.125305,-0.128945,-0.132577,-0.136198,-0.139809,-0.143406,-0.146989,-0.150556,-0.154104,-0.157631,-0.161136,-0.164614,-0.168064,-0.171481,-0.174863,-0.178205,-0.181504,-0.184754,-0.187951,-0.19109,-0.194165,-0.197169,-0.200097,-0.202941,-0.205695,-0.208349,-0.210897,-0.213329,-0.215636,-0.217809,-0.219838,-0.221711,-0.223419,-0.224949,-0.22629,-0.227431,-0.228358,-0.229059,-0.229522,-0.229732,-0.229677,-0.229344,-0.228719,-0.22779,-0.226543,-0.224968,-0.223053,-0.220787,-0.21816,-0.215165,-0.211795,-0.208045,-0.203912,-0.199395,-0.194495,-0.189217,-0.183568,-0.177559,-0.171202,-0.164516,-0.157521,-0.150242,-0.142707,-0.134948,-0.127001,-0.118905,-0.110702,-0.102439,-0.0941624,-0.0859234,-0.077774,-0.0697672,-0.0619569,-0.0543969,-0.0471406,-0.0402398,-0.0337448,-0.0277036,-0.0221613,-0.0171595,-0.0127367,-0.00892721,-0.00576134,-0.00326542,-0.00146165,-0.000368344,0
0,-0.00016043,-0.000622561,-0.00136814,-0.00237927,-0.00363855,-0.00512909,-0.00683457,-0.00873926,-0.0108281,-0.0130865,-0.0155008,-0.018058,-0.0207455,-0.0235517,-0.0264655,-0.0294768,-0.0325757,-0.0357535,-0.0390017,-0.0423127,-0.0456794,-0.0490953,-0.0525545,-0.0560516,-0.0595816,-0.0631401,-0.0667231,-0.0703269,-0.0739482,-0.0775842,-0.0812321,-0.0848897,-0.0885548,-0.0922255,-0.0959001,-0.0995769,-0.103255,-0.106932,-0.110607,-0.114279,-0.117947,-0.121609,-0.125264,-0.128911,-0.132548,-0.136175,-0.139788,-0.143387,-0.14697,-0.150535,-0.154078,-0.157599,-0.161094,-0.16456,-0.167994,-0.171392,-0.174751,-0.178067,-0.181335,-0.184551,-0.187709,-0.190803,-0.193829,-0.196779,-0.199648,-0.202427,-0.20511,-0.207689,-0.210155,-0.212499,-0.214712,-0.216785,-0.218708,-0.220469,-0.222059,-0.223466,-0.224678,-0.225685,-0.226473,-0.227031,-0.227346,-0.227405,-0.227197,-0.226708,-0.225926,-0.224839,-0.223436,-0.221705,-0.219637,-0.217223,-0.214454,-0.211323,-0.207826,-0.203958,-0.199719,-0.195108,-0.19013,-0.184789,-0.179095,-0.173059,-0.166695,-0.160023,-0.153063,-0.145842,-0.138387,-0.13073,-0.122907,-0.114957,-0.10692,-0.0988421,-0.0907684,-0.0827475,-0.0748292,-0.067064,-0.0595028,-0.0521964,-0.0451947,-0.0385464,-0.0322983,-0.0264949,-0.0211777,-0.0163854,-0.0121529,-0.00851164,-0.00548903,-0.00310869,-0.00139036,-0.00035001,0
0,-0.000159733,-0.000619723,-0.00136175,-0.00236797,-0.00362107,-0.00510425,-0.00680133,-0.00869672,-0.0107755,-0.0130233,-0.0154265,-0.0179723,-0.0206484,-0.0234432,-0.0263458,-0.0293462,-0.0324347,-0.0356026,-0.0388415,-0.042144,-0.0455031,-0.0489122,-0.0523655,-0.0558576,-0.0593835,-0.0629389,-0.0665197,-0.0701221,-0.073743,-0.0773792,-0.0810282,-0.0846875,-0.0883548,-0.0920282,-0.0957058,-0.0993859,-0.103067,-0.106747,-0.110426,-0.114101,-0.117771,-0.121435,-0.125091,-0.128738,-0.132374,-0.135998,-0.139608,-0.143201,-0.146776,-0.150331,-0.153863,-0.157369,-0.160846,-0.164292,-0.167703,-0.171075,-0.174404,-0.177685,-0.180915,-0.184089,-0.1872,-0.190244,-0.193214,-0.196103,-0.198906,-0.201615,-0.204221,-0.206718,-0.209097,-0.211348,-0.213464,-0.215433,-0.217246,-0.218894,-0.220364,-0.221646,-0.22273,-0.223603,-0.224254,-0.224671,-0.224841,-0.224754,-0.224397,-0.223758,-0.222826,-0.22159,-0.220039,-0.218164,-0.215956,-0.213406,-0.210507,-0.207255,-0.203645,-0.199676,-0.195347,-0.190661,-0.185621,-0.180235,-0.174513,-0.168468,-0.162115,-0.155473,-0.148566,-0.141417,-0.134056,-0.126515,-0.118829,-0.111035,-0.103174,-0.0952889,-0.087424,-0.0796257,-0.0719413,-0.0644188,-0.0571064,-0.0500519,-0.043302,-0.0369023,-0.0308963,-0.0253252,-0.0202274,-0.0156385,-0.0115905,-0.00811181,-0.00522737,-0.00295829,-0.00132203,-0.000332469,0
0,-0.000158965,-0.000616626,-0.0013548,-0.00235572,-0.00360213,-0.00507737,-0.00676537,-0.00865068,-0.0107185,-0.0129547,-0.0153458,-0.017879,-0.0205422,-0.0233241,-0.0262139,-0.0292016,-0.0322778,-0.0354336,-0.0386611,-0.0419527,-0.0453014,-0.0487009,-0.0521453,-0.0556293,-0.0591478,-0.0626965,-0.0662714,-0.0698686,-0.0734849,-0.0771172,-0.0807627,-0.084419,-0.0880838,-0.0917548,-0.0954303,-0.0991083,-0.102787,-0.106465,-0.110141,-0.113813,-0.117479,-0.121139,-0.12479,-0.12843,-0.132059,-0.135673,-0.139272,-0.142853,-0.146414,-0.149951,-0.153464,-0.156948,-0.160401,-0.16382,-0.1672,-0.170538,-0.173829,-0.17707,-0.180255,-0.183379,-0.186438,-0.189424,-0.192331,-0.195154,-0.197885,-0.200517,-0.203043,-0.205453,-0.207741,-0.209896,-0.211909,-0.213772,-0.215474,-0.217006,-0.218356,-0.219513,-0.220468,-0.221209,-0.221724,-0.222003,-0.222033,-0.221804,-0.221304,-0.220522,-0.219448,-0.218072,-0.216383,-0.214374,-0.212036,-0.209363,-0.206349,-0.202989,-0.199282,-0.195227,-0.190824,-0.186078,-0.180994,-0.17558,-0.169847,-0.163809,-0.157483,-0.150887,-0.144046,-0.136985,-0.129732,-0.122318,-0.114779,-0.107151,-0.0994737,-0.0917877,-0.0841363,-0.0765637,-0.0691148,-0.0618353,-0.0547705,-0.0479654,-0.0414638,-0.0353082,-0.0295391,-0.0241947,-0.0193104,-0.0149187,-0.0110492,-0.00772749,-0.00497618,-0.00281409,-0.0012566,-0.000315697,0
0,-0.000158122,-0.000613246,-0.00134725,-0.00234241,-0.00358161,-0.00504827,-0.00672646,-0.00860085,-0.0106568,-0.0128803,-0.0152581,-0.0177775,-0.0204265,-0.023194,-0.0260694,-0.0290426,-0.0321044,-0.0352462,-0.0384599,-0.0417382,-0.0450741,-0.0484612,-0.0518938,-0.0553665,-0.0588744,-0.062413,-0.0659783,-0.0695666,-0.0731743,-0.0767986,-0.0804364,-0.0840853,-0.0877428,-0.0914067,-0.0950751,-0.0987459,-0.102417,-0.106088,-0.109755,-0.113418,-0.117075,-0.120724,-0.124364,-0.127991,-0.131606,-0.135205,-0.138787,-0.142348,-0.145888,-0.149402,-0.152889,-0.156345,-0.159767,-0.163151,-0.166494,-0.169791,-0.173039,-0.176232,-0.179366,-0.182435,-0.185433,-0.188356,-0.191196,-0.193947,-0.196601,-0.199152,-0.201591,-0.203911,-0.206103,-0.208159,-0.210068,-0.211823,-0.213412,-0.214826,-0.216056,-0.217089,-0.217917,-0.218527,-0.21891,-0.219054,-0.218948,-0.218582,-0.217945,-0.217028,-0.21582,-0.214312,-0.212495,-0.210362,-0.207907,-0.205123,-0.202006,-0.198553,-0.194763,-0.190637,-0.186176,-0.181385,-0.176272,-0.170846,-0.165118,-0.159103,-0.152818,-0.146284,-0.139523,-0.132561,-0.125427,-0.118152,-0.11077,-0.103315,-0.0958276,-0.0883459,-0.0809115,-0.0735666,-0.0663539,-0.0593166,-0.0524974,-0.0459386,-0.0396813,-0.0337649,-0.0282272,-0.0231034,-0.0184263,-0.0142258,-0.0105287,-0.00735846,-0.00473526,-0.00267595,-0.00119401,-0.000299676,0
0,-0.000157199,-0.000609564,-0.00133904,-0.002328,-0.0035594,-0.00501682,-0.00668442,-0.00854703,-0.0105901,-0.0127999,-0.0151632,-0.0176674,-0.0203009,-0.0230524,-0.0259116,-0.0288685,-0.0319141,-0.0350398,-0.0382376,-0.0415001,-0.0448206,-0.0481927,-0.0516107,-0.0550692,-0.0585633,-0.0620886,-0.0656409,-0.0692165,-0.0728119,-0.0764241,-0.0800501,-0.0836873,-0.0873332,-0.0909855,-0.0946421,-0.0983009,-0.10196,-0.105618,-0.109272,-0.112921,-0.116562,-0.120195,-0.123817,-0.127427,-0.131021,-0.134599,-0.138157,-0.141693,-0.145205,-0.14869,-0.152145,-0.155566,-0.15895,-0.162294,-0.165594,-0.168845,-0.172042,-0.175182,-0.178258,-0.181267,-0.184201,-0.187054,-0.189821,-0.192495,-0.195068,-0.197534,-0.199883,-0.20211,-0.204204,-0.206157,-0.20796,-0.209604,-0.21108,-0.212377,-0.213486,-0.214396,-0.215098,-0.215581,-0.215834,-0.215847,-0.215611,-0.215114,-0.214347,-0.213301,-0.211967,-0.210337,-0.208402,-0.206157,-0.203596,-0.200713,-0.197506,-0.193973,-0.190114,-0.185931,-0.181427,-0.176607,-0.17148,-0.166056,-0.160347,-0.154369,-0.14814,-0.14168,-0.135011,-0.128161,-0.121157,-0.114029,-0.10681,-0.0995365,-0.0922436,-0.08497,-0.0777549,-0.0706387,-0.0636618,-0.0568651,-0.0502889,-0.0439727,-0.037955,-0.0322726,-0.0269604,-0.0220512,-0.0175751,-0.0135595,-0.0100288,-0.00700442,-0.0045044,-0.00254373,-0.00113416,-0.000284382,0
0,-0.000156191,-0.000605566,-0.00133015,-0.00231241,-0.00353543,-0.00498289,-0.00663909,-0.00848901,-0.0105183,-0.0127132,-0.0150607,-0.0175485,-0.020165,-0.022899,-0.0257403,-0.0286792,-0.0317066,-0.0348141,-0.0379938,-0.0412383,-0.0445409,-0.0478954,-0.051296,-0.0547374,-0.0582147,-0.0617234,-0.0652594,-0.0688189,-0.0723984,-0.0759948,-0.0796051,-0.0832265,-0.0868566,-0.0904929,-0.0941332,-0.0977754,-0.101417,-0.105057,-0.108693,-0.112323,-0.115944,-0.119556,-0.123155,-0.126741,-0.13031,-0.13386,-0.137389,-0.140894,-0.144373,-0.147823,-0.151239,-0.15462,-0.157962,-0.161259,-0.16451,-0.167708,-0.17085,-0.173931,-0.176945,-0.179888,-0.182752,-0.185532,-0.188222,-0.190814,-0.193303,-0.195679,-0.197936,-0.200066,-0.202059,-0.203908,-0.205604,-0.207138,-0.208499,-0.20968,-0.210669,-0.211458,-0.212036,-0.212394,-0.212522,-0.212409,-0.212047,-0.211425,-0.210535,-0.209369,-0.207918,-0.206174,-0.204131,-0.201784,-0.199128,-0.196159,-0.192875,-0.189275,-0.185361,-0.181134,-0.176601,-0.171766,-0.166639,-0.161231,-0.155555,-0.149627,-0.143466,-0.137091,-0.130526,-0.123797,-0.116931,-0.109958,-0.102911,-0.0958225,-0.0887285,-0.0816655,-0.0746711,-0.0677836,-0.0610415,-0.0544831,-0.0481465,-0.0420686,-0.0362855,-0.0308315,-0.0257388,-0.0210379,-0.0167563,-0.0129194,-0.00954916,-0.00666508,-0.00428338,-0.00241728,-0.001077,-0.000269793,0
0,-0.000155096,-0.000601238,-0.00132055,-0.00229562,-0.00350963,-0.0049464,-0.00659038,-0.00842667,-0.010441,-0.01262,-0.0149505,-0.0174206,-0.0200185,-0.0227335,-0.0255553,-0.0284744,-0.0314817,-0.034569,-0.0377284,-0.0409526,-0.044235,-0.0475694,-0.0509499,-0.0543714,-0.057829,-0.061318,-0.0648345,-0.0683746,-0.0719347,-0.0755117,-0.0791025,-0.0827044,-0.0863146,-0.0899308,-0.0935507,-0.0971719,-0.100792,-0.10441,-0.108022,-0.111628,-0.115225,-0.11881,-0.122382,-0.125938,-0.129476,-0.132994,-0.136489,-0.139958,-0.143399,-0.146807,-0.150181,-0.153516,-0.156809,-0.160055,-0.163251,-0.166393,-0.169474,-0.172491,-0.175439,-0.17831,-0.181101,-0.183803,-0.186412,-0.18892,-0.19132,-0.193604,-0.195766,-0.197797,-0.199688,-0.201432,-0.20302,-0.204442,-0.20569,-0.206755,-0.207626,-0.208296,-0.208754,-0.20899,-0.208996,-0.208763,-0.20828,-0.207541,-0.206535,-0.205256,-0.203696,-0.201848,-0.199708,-0.19727,-0.19453,-0.191486,-0.188137,-0.184483,-0.180526,-0.176269,-0.171719,-0.166882,-0.161768,-0.156389,-0.150759,-0.144893,-0.138811,-0.132532,-0.12608,-0.119481,-0.112761,-0.10595,-0.099079,-0.0921802,-0.085288,-0.0784373,-0.0716641,-0.0650045,-0.0584951,-0.052172,-0.0460711,-0.0402269,-0.0346731,-0.0294414,-0.0245621,-0.020063,-0.0159696,-0.012305,-0.00908931,-0.00634012,-0.00407195,-0.00229645,-0.00102244,-0.000255889,0
0,-0.000153912,-0.000596575,-0.00131023,-0.00227758,-0.00348195,-0.00490729,-0.00653818,-0.00835989,-0.0103583,-0.0125201,-0.0148325,-0.0172834,-0.0198614,-0.0225558,-0.0253564,-0.0282539,-0.0312393,-0.0343044,-0.0374414,-0.0406432,-0.043903,-0.0472148,-0.0505727,-0.0539716,-0.0574066,-0.0608731,-0.064367,-0.0678845,-0.0714219,-0.0749761,-0.0785439,-0.0821225,-0.0857092,-0.0893014,-0.0928968,-0.0964929,-0.100088,-0.103679,-0.107264,-0.110841,-0.114408,-0.117962,-0.121502,-0.125024,-0.128527,-0.132008,-0.135463,-0.138891,-0.142288,-0.145651,-0.148977,-0.152261,-0.155501,-0.158692,-0.161829,-0.164908,-0.167925,-0.170874,-0.17375,-0.176548,-0.17926,-0.181882,-0.184406,-0.186827,-0.189136,-0.191326,-0.193391,-0.195321,-0.197109,-0.198747,-0.200227,-0.201538,-0.202674,-0.203624,-0.20438,-0.204933,-0.205273,-0.205393,-0.205282,-0.204933,-0.204336,-0.203485,-0.202371,-0.200987,-0.199327,-0.197385,-0.195156,-0.192637,-0.189825,-0.186718,-0.183315,-0.179619,-0.175631,-0.171357,-0.166803,-0.161976,-0.156888,-0.151549,-0.145975,-0.140182,-0.134189,-0.128016,-0.121686,-0.115224,-0.108657,-0.102013,-0.0953219,-0.0886159,-0.0819273,-0.0752895,-0.0687368,-0.0623036,-0.0560243,-0.0499331,-0.0440634,-0.0384478,-0.0331175,-0.0281023,-0.0234298,-0.0191261,-0.0152144,-0.0117158,-0.00864887,-0.00602921,-0.00386986,-0.00218109,-0.000970403,-0.000242645,0
0,-0.000152638,-0.000591569,-0.00129917,-0.00225828,-0.00345236,-0.0048655,-0.00648245,-0.00828861,-0.0102701,-0.0124135,-0.0147064,-0.0171368,-0.0196935,-0.0223657,-0.0251436,-0.0280178,-0.0309794,-0.0340204,-0.0371329,-0.04031,-0.0435451,-0.0468319,-0.0501648,-0.0535385,-0.0569482,-0.0603893,-0.0638577,-0.0673496,-0.0708612,-0.0743893,-0.0779308,-0.0814827,-0.0850423,-0.0886068,-0.092174,-0.0957412,-0.0993062,-0.102867,-0.10642,-0.109965,-0.113498,-0.117017,-0.12052,-0.124004,-0.127467,-0.130906,-0.134318,-0.1377,-0.14105,-0.144363,-0.147636,-0.150865,-0.154047,-0.157178,-0.160252,-0.163266,-0.166214,-0.169091,-0.171893,-0.174612,-0.177244,-0.179782,-0.182219,-0.18455,-0.186766,-0.18886,-0.190826,-0.192656,-0.19434,-0.195873,-0.197244,-0.198446,-0.19947,-0.200308,-0.200951,-0.20139,-0.201617,-0.201624,-0.201401,-0.200942,-0.200237,-0.199281,-0.198066,-0.196586,-0.194834,-0.192807,-0.1905,-0.18791,-0.185036,-0.181876,-0.178432,-0.174705,-0.170698,-0.166418,-0.161871,-0.157066,-0.152014,-0.146727,-0.141219,-0.135509,-0.129614,-0.123554,-0.117353,-0.111035,-0.104626,-0.0981529,-0.0916458,-0.0851345,-0.0786504,-0.0722254,-0.0658921,-0.0596829,-0.0536305,-0.047767,-0.0421238,-0.0367314,-0.0316187,-0.0268135,-0.0223415,-0.0182265,-0.0144901,-0.0111515,-0.00822737,-0.00573197,-0.00367687,-0.00207102,-0.000920809,-0.000230041,0
0,-0.000151272,-0.000586219,-0.00128736,-0.00223769,-0.00342083,-0.00482101,-0.00642315,-0.00821279,-0.0101762,-0.0123002,-0.0145724,-0.0169809,-0.0195148,-0.0221634,-0.0249169,-0.027766,-0.0307021,-0.033717,-0.0368032,-0.0399535,-0.0431615,-0.0464211,-0.0497265,-0.0530726,-0.0564544,-0.0598675,-0.0633077,-0.066771,-0.0702539,-0.0737529,-0.0772648,-0.0807868,-0.0843159,-0.0878494,-0.0913848,-0.0949195,-0.0984512,-0.101977,-0.105496,-0.109003,-0.112499,-0.115979,-0.119441,-0.122883,-0.126302,-0.129696,-0.13306,-0.136393,-0.13969,-0.142949,-0.146166,-0.149336,-0.152457,-0.155523,-0.158531,-0.161476,-0.164352,-0.167154,-0.169878,-0.172517,-0.175065,-0.177517,-0.179865,-0.182104,-0.184226,-0.186223,-0.18809,-0.189818,-0.191399,-0.192826,-0.19409,-0.195184,-0.196099,-0.196827,-0.197359,-0.197689,-0.197806,-0.197705,-0.197376,-0.196812,-0.196006,-0.194952,-0.193644,-0.192075,-0.190241,-0.188137,-0.185761,-0.183111,-0.180185,-0.176983,-0.173507,-0.16976,-0.165746,-0.16147,-0.156942,-0.152168,-0.147162,-0.141936,-0.136505,-0.130886,-0.125096,-0.119158,-0.113092,-0.106923,-0.100675,-0.0943772,-0.0880558,-0.0817405,-0.0754609,-0.0692477,-0.0631317,-0.0571437,-0.0513145,-0.0456742,-0.0402523,-0.0350773,-0.0301762,-0.0255746,-0.0212965,-0.0173638,-0.0137962,-0.0106113,-0.00782434,-0.00544804,-0.00349269,-0.0019661,-0.00087358,-0.000218054,0
0,-0.000149817,-0.000580524,-0.00127481,-0.00221583,-0.00338736,-0.00477382,-0.00636027,-0.00813242,-0.0100767,-0.0121801,-0.0144303,-0.0168157,-0.0193253,-0.0219488,-0.0246763,-0.0274987,-0.0304075,-0.0333945,-0.0364523,-0.0395739,-0.0427528,-0.0459829,-0.0492586,-0.0525747,-0.0559262,-0.0593087,-0.0627179,-0.06615,-0.0696013,-0.0730683,-0.0765477,-0.0800367,-0.0835322,-0.0870315,-0.0905319,-0.0940308,-0.0975257,-0.101014,-0.104493,-0.107961,-0.111415,-0.114853,-0.118271,-0.121667,-0.125038,-0.128382,-0.131695,-0.134974,-0.138216,-0.141418,-0.144575,-0.147683,-0.150739,-0.153738,-0.156676,-0.159548,-0.16235,-0.165074,-0.167718,-0.170274,-0.172737,-0.175101,-0.177358,-0.179504,-0.181531,-0.183431,-0.185198,-0.186825,-0.188303,-0.189625,-0.190784,-0.191771,-0.192579,-0.1932,-0.193626,-0.193849,-0.193862,-0.193657,-0.193227,-0.192565,-0.191665,-0.19052,-0.189125,-0.187476,-0.185567,-0.183397,-0.180961,-0.17826,-0.175292,-0.172058,-0.168561,-0.164804,-0.160792,-0.156531,-0.15203,-0.147299,-0.142348,-0.137192,-0.131845,-0.126324,-0.120647,-0.114835,-0.10891,-0.102894,-0.0968122,-0.0906907,-0.0845565,-0.0784372,-0.0723615,-0.0663585,-0.0604572,-0.054687,-0.0490767,-0.0436547,-0.0384487,-0.0334851,-0.0287892,-0.0243848,-0.020294,-0.016537,-0.0131319,-0.0100947,-0.00743929,-0.00517704,-0.00331707,-0.00186614,-0.000828634,-0.00020666,0
0,-0.000148269,-0.000574485,-0.00126151,-0.00219269,-0.00335197,-0.00472393,-0.00629382,-0.00804752,-0.00997157,-0.0120532,-0.0142802,-0.0166412,-0.0191252,-0.021722,-0.024422,-0.027216,-0.0300957,-0.0330531,-0.0360807,-0.0391716,-0.0423194,-0.0455179,-0.0487617,-0.0520454,-0.0553643,-0.0587138,-0.0620897,-0.0654879,-0.0689049,-0.0723372,-0.0757814,-0.0792345,-0.0826935,-0.0861555,-0.0896179,-0.0930779,-0.0965329,-0.0999804,-0.103418,-0.106842,-0.110252,-0.113643,-0.117013,-0.12036,-0.123681,-0.126972,-0.130231,-0.133453,-0.136637,-0.139777,-0.142871,-0.145914,-0.148902,-0.151832,-0.154697,-0.157495,-0.160219,-0.162864,-0.165425,-0.167896,-0.170272,-0.172547,-0.174713,-0.176765,-0.178696,-0.180499,-0.182167,-0.183692,-0.185069,-0.186288,-0.187343,-0.188226,-0.18893,-0.189447,-0.18977,-0.189891,-0.189804,-0.189501,-0.188975,-0.188221,-0.187233,-0.186004,-0.184531,-0.182809,-0.180835,-0.178605,-0.176119,-0.173376,-0.170375,-0.167119,-0.16361,-0.159852,-0.155852,-0.151615,-0.147152,-0.14247,-0.137584,-0.132505,-0.12725,-0.121834,-0.116276,-0.110595,-0.104814,-0.098955,-0.0930412,-0.0870979,-0.0811512,-0.0752276,-0.0693544,-0.0635591,-0.0578695,-0.0523131,-0.0469171,-0.0417083,-0.0367124,-0.0319541,-0.0274571,-0.0232434,-0.0193333,-0.0157454,-0.0124965,-0.00960111,-0.00707171,-0.00491857,-0.00314973,-0.00177098,-0.000785891,-0.000195839,0
0,-0.000146631,-0.000568103,-0.00124748,-0.00216828,-0.00331465,-0.00467136,-0.00622382,-0.0079581,-0.00986092,-0.0119196,-0.0141223,-0.0164574,-0.0189144,-0.0214832,-0.0241541,-0.0269182,-0.0297672,-0.0326932,-0.0356888,-0.0387471,-0.0418617,-0.0450267,-0.0482365,-0.0514858,-0.0547698,-0.0580839,-0.061424,-0.0647861,-0.0681663,-0.0715613,-0.0749677,-0.0783822,-0.081802,-0.0852241,-0.0886456,-0.0920638,-0.0954761,-0.0988797,-0.102272,-0.10565,-0.109012,-0.112354,-0.115674,-0.118969,-0.122236,-0.125471,-0.128672,-0.131835,-0.134957,-0.138034,-0.141062,-0.144038,-0.146956,-0.149813,-0.152604,-0.155325,-0.157969,-0.160533,-0.163011,-0.165396,-0.167684,-0.169868,-0.171943,-0.173901,-0.175736,-0.177442,-0.179011,-0.180437,-0.181713,-0.182831,-0.183785,-0.184566,-0.185169,-0.185586,-0.18581,-0.185834,-0.185651,-0.185255,-0.18464,-0.1838,-0.18273,-0.181425,-0.179881,-0.178094,-0.176061,-0.173782,-0.171253,-0.168477,-0.165452,-0.162183,-0.158671,-0.154922,-0.150942,-0.146738,-0.142319,-0.137696,-0.132881,-0.127887,-0.122729,-0.117424,-0.111989,-0.106445,-0.100811,-0.0951111,-0.0893666,-0.0836023,-0.0778428,-0.0721137,-0.0664409,-0.0608506,-0.055369,-0.0500221,-0.0448356,-0.0398344,-0.0350427,-0.0304835,-0.0261789,-0.0221492,-0.0184132,-0.0149882,-0.0118893,-0.0091298,-0.00672106,-0.00467224,-0.00299039,-0.00168046,-0.000745269,-0.000185568,0
0,-0.000144904,-0.000561383,-0.00123271,-0.00214262,-0.00327544,-0.00461614,-0.00615032,-0.00786423,-0.00974477,-0.0117795,-0.0139565,-0.0162646,-0.0186933,-0.0212325,-0.0238729,-0.0266056,-0.0294222,-0.0323151,-0.0352769,-0.0383009,-0.0413805,-0.04451,-0.0476838,-0.0508966,-0.0541436,-0.0574202,-0.0607223,-0.0640459,-0.0673871,-0.0707424,-0.0741085,-0.0774821,-0.0808601,-0.0842396,-0.0876177,-0.0909915,-0.0943584,-0.0977155,-0.10106,-0.10439,-0.107701,-0.110991,-0.114258,-0.117498,-0.120708,-0.123886,-0.127027,-0.130128,-0.133186,-0.136197,-0.139157,-0.142063,-0.144909,-0.147692,-0.150407,-0.153049,-0.155613,-0.158094,-0.160487,-0.162785,-0.164985,-0.167078,-0.169061,-0.170925,-0.172665,-0.174274,-0.175746,-0.177074,-0.178251,-0.179271,-0.180126,-0.180809,-0.181314,-0.181634,-0.181763,-0.181694,-0.181421,-0.180938,-0.180239,-0.17932,-0.178175,-0.1768,-0.175192,-0.173348,-0.171265,-0.168943,-0.166381,-0.163579,-0.16054,-0.157265,-0.153759,-0.150027,-0.146075,-0.141911,-0.137545,-0.132988,-0.12825,-0.123346,-0.118291,-0.113102,-0.107795,-0.102389,-0.0969063,-0.0913664,-0.0857921,-0.0802065,-0.0746333,-0.069097,-0.063622,-0.0582334,-0.0529558,-0.0478137,-0.0428314,-0.0380321,-0.0334386,-0.0290723,-0.0249535,-0.0211013,-0.017533,-0.0142643,-0.0113093,-0.00868011,-0.0063868,-0.00443763,-0.00283877,-0.0015944,-0.000706689,-0.000175825,0
0,-0.000143088,-0.000554331,-0.00121723,-0.00211572,-0.00323436,-0.0045583,-0.00607337,-0.00776598,-0.00962322,-0.0116328,-0.013783,-0.0160629,-0.0184619,-0.0209703,-0.0235787,-0.0262784,-0.0290611,-0.0319193,-0.0348457,-0.0378335,-0.0408764,-0.0439685,-0.0471044,-0.0502787,-0.0534867,-0.0567239,-0.0599859,-0.0632688,-0.0665688,-0.0698822,-0.0732057,-0.076536,-0.07987,-0.0832046,-0.086537,-0.0898641,-0.0931831,-0.0964914,-0.0997859,-0.103064,-0.106323,-0.109559,-0.11277,-0.115953,-0.119104,-0.122221,-0.1253,-0.128337,-0.131329,-0.134273,-0.137163,-0.139997,-0.14277,-0.145477,-0.148114,-0.150676,-0.153159,-0.155556,-0.157864,-0.160075,-0.162186,-0.164189,-0.166079,-0.167851,-0.169497,-0.171011,-0.172387,-0.173619,-0.174699,-0.175623,-0.176381,-0.17697,-0.177381,-0.177609,-0.177647,-0.17749,-0.177132,-0.176567,-0.17579,-0.174797,-0.173584,-0.172146,-0.170482,-0.168587,-0.166462,-0.164106,-0.161517,-0.158699,-0.155652,-0.152379,-0.148887,-0.145179,-0.141263,-0.137147,-0.13284,-0.128354,-0.1237,-0.118892,-0.113945,-0.108874,-0.103698,-0.0984341,-0.0931028,-0.0877244,-0.0823203,-0.0769127,-0.0715243,-0.0661783,-0.0608982,-0.0557074,-0.0506294,-0.0456873,-0.0409037,-0.0363006,-0.0318991,-0.0277192,-0.0237798,-0.0200986,-0.0166915,-0.013573,-0.010756,-0.00825136,-0.00606838,-0.00421432,-0.00269458,-0.00151263,-0.00067007,-0.00016659,0
0,-0.000141187,-0.000546955,-0.00120104,-0.00208761,-0.00319144,-0.00449791,-0.00599302,-0.00766343,-0.00949637,-0.0114798,-0.0136021,-0.0158524,-0.0182205,-0.0206967,-0.0232717,-0.0259369,-0.0286843,-0.0315062,-0.0343955,-0.0373455,-0.04035,-0.043403,-0.0464991,-0.0496332,-0.0528003,-0.055996,-0.059216,-0.0624563,-0.065713,-0.0689825,-0.0722614,-0.0755464,-0.0788342,-0.0821218,-0.0854061,-0.0886843,-0.0919534,-0.0952106,-0.0984529,-0.101677,-0.104881,-0.108061,-0.111215,-0.114339,-0.117429,-0.120484,-0.123498,-0.12647,-0.129395,-0.132268,-0.135088,-0.137848,-0.140546,-0.143176,-0.145735,-0.148217,-0.150617,-0.152931,-0.155152,-0.157277,-0.159299,-0.161212,-0.163012,-0.164691,-0.166244,-0.167665,-0.168947,-0.170085,-0.171071,-0.171901,-0.172567,-0.173064,-0.173385,-0.173525,-0.173477,-0.173237,-0.172799,-0.172158,-0.171309,-0.170249,-0.168973,-0.16748,-0.165765,-0.163828,-0.161668,-0.159284,-0.156677,-0.153848,-0.150801,-0.147539,-0.144067,-0.14039,-0.136517,-0.132455,-0.128213,-0.123804,-0.119238,-0.11453,-0.109694,-0.104746,-0.0997031,-0.0945828,-0.0894043,-0.0841875,-0.078953,-0.0737221,-0.0685164,-0.063358,-0.0582692,-0.0532723,-0.0483892,-0.0436419,-0.0390514,-0.0346385,-0.0304227,-0.0264229,-0.0226565,-0.0191397,-0.0158875,-0.0129131,-0.0102282,-0.00784283,-0.00576524,-0.00400192,-0.00255755,-0.001435,-0.000635332,-0.000157839,0
0,-0.000139204,-0.000539262,-0.00118416,-0.00205832,-0.00314673,-0.004435,-0.00590936,-0.00755665,-0.00936433,-0.0113205,-0.0134137,-0.0156334,-0.0179694,-0.020412,-0.0229522,-0.0255816,-0.0282921,-0.0310763,-0.033927,-0.0368376,-0.039802,-0.0428142,-0.0458689,-0.048961,-0.0520855,-0.0552379,-0.0584141,-0.0616099,-0.0648214,-0.0680451,-0.0712775,-0.0745151,-0.0777548,-0.0809934,-0.0842279,-0.0874553,-0.0906725,-0.0938766,-0.0970648,-0.100234,-0.103381,-0.106503,-0.109597,-0.11266,-0.115688,-0.118679,-0.121628,-0.124532,-0.127388,-0.130191,-0.132938,-0.135625,-0.138247,-0.140799,-0.143279,-0.14568,-0.147997,-0.150227,-0.152364,-0.154401,-0.156335,-0.15816,-0.159869,-0.161458,-0.162919,-0.164248,-0.165439,-0.166485,-0.167381,-0.16812,-0.168697,-0.169106,-0.169341,-0.169397,-0.169268,-0.16895,-0.168437,-0.167725,-0.16681,-0.165689,-0.164358,-0.162815,-0.161057,-0.159084,-0.156895,-0.154491,-0.151872,-0.149041,-0.146001,-0.142756,-0.13931,-0.135671,-0.131846,-0.127843,-0.123672,-0.119344,-0.114872,-0.110267,-0.105546,-0.100723,-0.0958146,-0.0908386,-0.0858132,-0.0807576,-0.0756916,-0.0706355,-0.06561,-0.060636,-0.0557347,-0.0509272,-0.0462342,-0.0416762,-0.0372732,-0.0330444,-0.0290082,-0.025182,-0.0215821,-0.0182235,-0.01512,-0.0122836,-0.00972522,-0.0074538,-0.00547681,-0.00379999,-0.00242738,-0.00136131,-0.000602396,-0.000149552,0
0,-0.000137139,-0.000531261,-0.00116662,-0.00202787,-0.00310026,-0.00436964,-0.00582246,-0.00744576,-0.00922721,-0.0111551,-0.0132182,-0.0154061,-0.0177086,-0.0201164,-0.0226206,-0.0252128,-0.0278851,-0.03063,-0.0334406,-0.0363104,-0.0392331,-0.042203,-0.0452147,-0.0482631,-0.0513433,-0.0544508,-0.0575814,-0.060731,-0.0638957,-0.0670718,-0.0702558,-0.0734444,-0.0766342,-0.0798221,-0.083005,-0.0861797,-0.0893433,-0.0924928,-0.0956251,-0.0987372,-0.101826,-0.104889,-0.107922,-0.110922,-0.113887,-0.116812,-0.119694,-0.12253,-0.125316,-0.128048,-0.130721,-0.133333,-0.135879,-0.138354,-0.140753,-0.143073,-0.145309,-0.147455,-0.149507,-0.151458,-0.153305,-0.155042,-0.156663,-0.158162,-0.159535,-0.160774,-0.161876,-0.162833,-0.163641,-0.164293,-0.164784,-0.165109,-0.165263,-0.165239,-0.165034,-0.164643,-0.16406,-0.163284,-0.162308,-0.161132,-0.159751,-0.158164,-0.15637,-0.154368,-0.152157,-0.149739,-0.147115,-0.144288,-0.141261,-0.138038,-0.134626,-0.13103,-0.127259,-0.12332,-0.119224,-0.114982,-0.110606,-0.106108,-0.101504,-0.0968072,-0.0920349,-0.0872036,-0.0823311,-0.0774358,-0.0725366,-0.067653,-0.0628047,-0.0580116,-0.0532938,-0.048671,-0.044163,-0.0397889,-0.0355675,-0.0315168,-0.0276539,-0.023995,-0.0205553,-0.0173487,-0.0143877,-0.0116836,-0.00924611,-0.00708353,-0.00520251,-0.00360811,-0.0023038,-0.00129142,-0.000571182,-0.000141709,0
0,-0.000134997,-0.000522959,-0.00114841,-0.00199629,-0.00305209,-0.00430189,-0.00573239,-0.00733085,-0.00908515,-0.0109838,-0.0130157,-0.0151706,-0.0174386,-0.0198104,-0.0222773,-0.0248309,-0.0274636,-0.030168,-0.0329371,-0.0357645,-0.0386441,-0.0415701,-0.0445373,-0.0475405,-0.0505748,-0.0536358,-0.0567193,-0.059821,-0.0629373,-0.0660642,-0.0691984,-0.0723363,-0.0754746,-0.0786102,-0.0817399,-0.0848605,-0.0879689,-0.0910622,-0.0941373,-0.097191,-0.10022,-0.103222,-0.106193,-0.10913,-0.112029,-0.114888,-0.117703,-0.120469,-0.123184,-0.125844,-0.128444,-0.130981,-0.13345,-0.135847,-0.138167,-0.140407,-0.14256,-0.144623,-0.146591,-0.148458,-0.150219,-0.151869,-0.153403,-0.154816,-0.156101,-0.157254,-0.158269,-0.15914,-0.159863,-0.160432,-0.160841,-0.161087,-0.161162,-0.161064,-0.160787,-0.160328,-0.159682,-0.158845,-0.157815,-0.156589,-0.155165,-0.153541,-0.151716,-0.149691,-0.147464,-0.145039,-0.142416,-0.139598,-0.13659,-0.133396,-0.130022,-0.126475,-0.122762,-0.118892,-0.114875,-0.110722,-0.106445,-0.102057,-0.0975707,-0.0930019,-0.088366,-0.0836794,-0.078959,-0.0742225,-0.0694881,-0.0647743,-0.0600999,-0.0554839,-0.0509451,-0.0465022,-0.0421739,-0.0379782,-0.0339325,-0.0300538,-0.0263581,-0.0228603,-0.0195745,-0.0165137,-0.0136893,-0.0111118,-0.00878996,-0.00673129,-0.00494177,-0.00342587,-0.00218652,-0.00122515,-0.000541614,-0.000134287,0
0,-0.000132779,-0.000514364,-0.00112958,-0.00196361,-0.00300225,-0.00423182,-0.00563925,-0.00721204,-0.00893828,-0.0108066,-0.0128063,-0.0149272,-0.0171595,-0.0194941,-0.0219225,-0.0244364,-0.0270281,-0.0296906,-0.0324168,-0.0352005,-0.0380356,-0.0409164,-0.0438376,-0.0467941,-0.0497812,-0.0527942,-0.0558291,-0.0588815,-0.0619478,-0.0650241,-0.0681069,-0.0711927,-0.0742782,-0.0773601,-0.0804351,-0.0835002,-0.0865522,-0.089588,-0.0926045,-0.0955986,-0.0985671,-0.101507,-0.104415,-0.107287,-0.110121,-0.112913,-0.115659,-0.118356,-0.121,-0.123587,-0.126113,-0.128574,-0.130967,-0.133286,-0.135528,-0.137687,-0.13976,-0.14174,-0.143625,-0.145408,-0.147085,-0.148651,-0.1501,-0.151428,-0.152629,-0.153697,-0.154629,-0.155418,-0.156059,-0.156548,-0.15688,-0.157049,-0.157052,-0.156883,-0.15654,-0.156017,-0.155312,-0.154421,-0.153342,-0.152072,-0.15061,-0.148955,-0.147106,-0.145063,-0.142827,-0.140399,-0.137783,-0.134981,-0.131997,-0.128837,-0.125506,-0.122012,-0.118362,-0.114564,-0.11063,-0.106569,-0.102393,-0.0981153,-0.0937491,-0.0893088,-0.0848093,-0.0802666,-0.075697,-0.0711176,-0.0665455,-0.0619985,-0.0574945,-0.0530514,-0.048687,-0.0444192,-0.0402652,-0.0362422,-0.0323664,-0.0286537,-0.0251189,-0.0217761,-0.0186382,-0.0157172,-0.0130237,-0.0105672,-0.00835586,-0.00639633,-0.00469402,-0.00325284,-0.00207526,-0.00116233,-0.000513612,-0.000127268,0
0,-0.000130485,-0.000505486,-0.00111012,-0.00192988,-0.0029508,-0.00415949,-0.00554312,-0.00708942,-0.00878673,-0.0106239,-0.0125904,-0.0146761,-0.0168716,-0.019168,-0.0215566,-0.0240295,-0.0265791,-0.0291984,-0.0318805,-0.0346192,-0.0374084,-0.0402427,-0.0431165,-0.046025,-0.0489634,-0.0519271,-0.054912,-0.0579138,-0.0609288,-0.0639532,-0.0669833,-0.0700157,-0.073047,-0.0760739,-0.0790931,-0.0821015,-0.0850959,-0.0880732,-0.0910301,-0.0939636,-0.0968704,-0.0997473,-0.102591,-0.105398,-0.108166,-0.11089,-0.113567,-0.116194,-0.118767,-0.121281,-0.123734,-0.12612,-0.128437,-0.130679,-0.132842,-0.134922,-0.136914,-0.138815,-0.140618,-0.142319,-0.143914,-0.145397,-0.146763,-0.148008,-0.149127,-0.150114,-0.150965,-0.151675,-0.152239,-0.152652,-0.15291,-0.153008,-0.152942,-0.152708,-0.152302,-0.151721,-0.150963,-0.150023,-0.1489,-0.147592,-0.146098,-0.144416,-0.142548,-0.140493,-0.138253,-0.135829,-0.133225,-0.130443,-0.127489,-0.124367,-0.121084,-0.117646,-0.114062,-0.110341,-0.106491,-0.102524,-0.098452,-0.0942863,-0.0900406,-0.0857287,-0.0813652,-0.0769654,-0.072545,-0.0681203,-0.0637078,-0.0593243,-0.0549868,-0.0507123,-0.0465178,-0.0424198,-0.0384349,-0.0345789,-0.0308672,-0.0273144,-0.0239346,-0.0207407,-0.0177447,-0.0149577,-0.0123895,-0.0100488,-0.00794286,-0.0060779,-0.00445867,-0.0030886,-0.00196974,-0.0011028,-0.000487101,-0.000120631,0
0,-0.000128119,-0.000496332,-0.00109007,-0.00189511,-0.00289778,-0.00408496,-0.00544408,-0.00696312,-0.00863063,-0.0104357,-0.012368,-0.0144176,-0.0165753,-0.0188322,-0.0211799,-0.0236107,-0.026117,-0.0286919,-0.0313286,-0.0340211,-0.0367632,-0.0395496,-0.0423749,-0.0452341,-0.0481225,-0.0510357,-0.0539693,-0.0569193,-0.0598817,-0.0628529,-0.0658292,-0.068807,-0.071783,-0.0747538,-0.0777162,-0.0806669,-0.0836027,-0.0865205,-0.089417,-0.092289,-0.0951334,-0.0979469,-0.100726,-0.103468,-0.106169,-0.108825,-0.111433,-0.11399,-0.116491,-0.118933,-0.121312,-0.123624,-0.125865,-0.128031,-0.130116,-0.132118,-0.134032,-0.135853,-0.137576,-0.139197,-0.140711,-0.142114,-0.143401,-0.144566,-0.145606,-0.146515,-0.147288,-0.147922,-0.148412,-0.148753,-0.148941,-0.148971,-0.148841,-0.148546,-0.148084,-0.14745,-0.146642,-0.145659,-0.144497,-0.143156,-0.141635,-0.139933,-0.138051,-0.13599,-0.13375,-0.131335,-0.128748,-0.125991,-0.123071,-0.119992,-0.11676,-0.113382,-0.109868,-0.106224,-0.102462,-0.0985916,-0.0946238,-0.0905709,-0.0864459,-0.0822621,-0.0780337,-0.0737753,-0.0695021,-0.0652296,-0.0609735,-0.05675,-0.052575,-0.0484648,-0.0444352,-0.040502,-0.0366807,-0.0329861,-0.0294326,-0.026034,-0.0228031,-0.0197522,-0.0168924,-0.0142338,-0.0117854,-0.00955526,-0.00755003,-0.00577524,-0.00423515,-0.00293273,-0.00186967,-0.00104639,-0.000462005,-0.000114355,0
0,-0.000125684,-0.000486914,-0.00106944,-0.00185934,-0.00284324,-0.0040083,-0.00534221,-0.00683322,-0.00847011,-0.0102422,-0.0121393,-0.0141519,-0.0162707,-0.0184871,-0.0207929,-0.0231804,-0.0256423,-0.0281716,-0.0307618,-0.0334068,-0.0361007,-0.038838,-0.0416135,-0.0444223,-0.0472596,-0.050121,-0.0530022,-0.0558992,-0.058808,-0.0617249,-0.0646462,-0.0675685,-0.0704882,-0.073402,-0.0763066,-0.0791987,-0.0820751,-0.0849326,-0.087768,-0.090578,-0.0933595,-0.096109,-0.0988234,-0.101499,-0.104133,-0.106721,-0.10926,-0.111747,-0.114177,-0.116548,-0.118854,-0.121092,-0.123258,-0.125348,-0.127358,-0.129283,-0.131119,-0.132862,-0.134507,-0.13605,-0.137486,-0.138811,-0.14002,-0.141109,-0.142072,-0.142906,-0.143606,-0.144168,-0.144587,-0.14486,-0.144982,-0.14495,-0.14476,-0.144408,-0.143893,-0.143211,-0.14236,-0.141337,-0.140142,-0.138773,-0.13723,-0.135513,-0.133622,-0.131559,-0.129325,-0.126924,-0.124357,-0.121631,-0.118748,-0.115715,-0.112538,-0.109224,-0.105781,-0.102218,-0.0985451,-0.0947717,-0.0909093,-0.0869696,-0.082965,-0.0789086,-0.074814,-0.0706952,-0.0665669,-0.0624437,-0.0583409,-0.0542735,-0.0502569,-0.0463064,-0.0424369,-0.0386633,-0.0350001,-0.0314613,-0.0280604,-0.0248101,-0.0217225,-0.0188089,-0.0160795,-0.0135438,-0.0112101,-0.00908558,-0.00717644,-0.0054876,-0.00402287,-0.00278481,-0.00177478,-0.000992948,-0.000438248,-0.000108421,0
0,-0.000123182,-0.000477238,-0.00104824,-0.00182259,-0.00278722,-0.00392957,-0.0052376,-0.00669983,-0.0083053,-0.0100435,-0.0119046,-0.0138791,-0.015958,-0.0181329,-0.0203958,-0.0227389,-0.0251552,-0.0276379,-0.0301805,-0.0327769,-0.0354214,-0.0381086,-0.0408332,-0.0435904,-0.0463755,-0.0491841,-0.0520119,-0.0548548,-0.057709,-0.0605706,-0.063436,-0.0663018,-0.0691643,-0.0720202,-0.0748662,-0.0776991,-0.0805155,-0.0833121,-0.0860859,-0.0888334,-0.0915515,-0.0942368,-0.096886,-0.0994958,-0.102063,-0.104583,-0.107054,-0.109471,-0.11183,-0.114129,-0.116363,-0.118528,-0.120621,-0.122636,-0.124571,-0.126421,-0.128182,-0.129849,-0.131418,-0.132885,-0.134245,-0.135495,-0.136629,-0.137643,-0.138534,-0.139296,-0.139926,-0.140419,-0.140771,-0.14098,-0.14104,-0.14095,-0.140704,-0.140301,-0.139738,-0.139012,-0.138122,-0.137065,-0.135841,-0.13445,-0.13289,-0.131162,-0.129267,-0.127207,-0.124983,-0.122599,-0.120058,-0.117365,-0.114523,-0.111539,-0.10842,-0.105172,-0.101804,-0.0983234,-0.0947406,-0.0910655,-0.0873088,-0.0834821,-0.0795973,-0.0756672,-0.0717048,-0.0677236,-0.0637376,-0.0597608,-0.0558076,-0.0518926,-0.0480301,-0.0442346,-0.0405203,-0.0369012,-0.0333908,-0.0300023,-0.0267482,-0.0236406,-0.0206906,-0.0179087,-0.0153043,-0.0128863,-0.0106622,-0.00863859,-0.00682113,-0.00521423,-0.00382125,-0.00264442,-0.00168479,-0.000942303,-0.000415756,-0.00010281,0
0,-0.000120616,-0.00046731,-0.0010265,-0.0017849,-0.00272976,-0.00384882,-0.00513033,-0.00656306,-0.00813631,-0.00983985,-0.011664,-0.0135995,-0.0156376,-0.01777,-0.0199888,-0.0222866,-0.0246564,-0.0270913,-0.0295852,-0.032132,-0.0347261,-0.037362,-0.0400347,-0.0427393,-0.0454712,-0.048226,-0.0509993,-0.0537873,-0.0565859,-0.0593913,-0.0622001,-0.0650084,-0.067813,-0.0706104,-0.0733972,-0.0761702,-0.078926,-0.0816613,-0.084373,-0.0870578,-0.0897123,-0.0923332,-0.0949173,-0.0974611,-0.0999611,-0.102414,-0.104816,-0.107164,-0.109454,-0.111682,-0.113844,-0.115938,-0.117958,-0.119901,-0.121762,-0.123538,-0.125225,-0.126818,-0.128314,-0.129707,-0.130994,-0.132171,-0.133233,-0.134177,-0.134997,-0.135691,-0.136254,-0.136682,-0.136972,-0.137121,-0.137124,-0.136978,-0.136682,-0.136231,-0.135625,-0.13486,-0.133935,-0.132849,-0.131601,-0.130191,-0.128619,-0.126885,-0.12499,-0.122937,-0.120728,-0.118366,-0.115854,-0.113197,-0.1104,-0.107468,-0.104409,-0.10123,-0.0979371,-0.0945405,-0.091049,-0.0874726,-0.0838217,-0.0801075,-0.0763418,-0.0725365,-0.0687044,-0.0648585,-0.0610119,-0.0571783,-0.0533712,-0.0496045,-0.0458918,-0.0422467,-0.0386827,-0.0352128,-0.0318499,-0.0286063,-0.0254937,-0.0225232,-0.0197053,-0.0170497,-0.0145651,-0.0122597,-0.0101403,-0.00821315,-0.00648315,-0.00495436,-0.00362973,-0.00251114,-0.00159942,-0.000894298,-0.000394454,-9.75015e-05,0
0,-0.000117985,-0.00045714,-0.00100422,-0.00174629,-0.0026709,-0.00376611,-0.00502045,-0.00642298,-0.00796325,-0.0096313,-0.0114176,-0.0133133,-0.0153096,-0.0173986,-0.0195724,-0.0218239,-0.024146,-0.0265323,-0.0289764,-0.0314726,-0.0340152,-0.036599,-0.0392188,-0.0418698,-0.0445475,-0.0472475,-0.0499656,-0.0526977,-0.0554399,-0.0581884,-0.0609396,-0.06369,-0.066436,-0.0691742,-0.0719013,-0.0746138,-0.0773087,-0.0799824,-0.0826318,-0.0852536,-0.0878444,-0.090401,-0.09292,-0.095398,-0.0978316,-0.100217,-0.102552,-0.104831,-0.107052,-0.10921,-0.111303,-0.113325,-0.115274,-0.117145,-0.118935,-0.12064,-0.122254,-0.123776,-0.1252,-0.126522,-0.127739,-0.128845,-0.129839,-0.130714,-0.131468,-0.132097,-0.132597,-0.132964,-0.133195,-0.133287,-0.133237,-0.133041,-0.132698,-0.132205,-0.131559,-0.13076,-0.129805,-0.128694,-0.127427,-0.126002,-0.124422,-0.122686,-0.120796,-0.118754,-0.116563,-0.114226,-0.111746,-0.109129,-0.106379,-0.103503,-0.100506,-0.0973965,-0.0941814,-0.0908696,-0.08747,-0.0839923,-0.080447,-0.0768446,-0.0731965,-0.0695145,-0.0658106,-0.0620974,-0.0583873,-0.0546935,-0.0510288,-0.0474063,-0.043839,-0.0403397,-0.0369211,-0.0335955,-0.0303749,-0.0272708,-0.0242942,-0.0214555,-0.0187644,-0.0162299,-0.0138601,-0.0116624,-0.00964324,-0.0078081,-0.00616158,-0.00470726,-0.00344772,-0.00238458,-0.0015184,-0.000848772,-0.000374269,-9.2477e-05,0
0,-0.000115293,-0.000446733,-0.000981428,-0.00170678,-0.00261068,-0.00368148,-0.00490803,-0.00627968,-0.00778623,-0.00941799,-0.0111657,-0.0130206,-0.0149743,-0.0170189,-0.0191468,-0.021351,-0.0236245,-0.0259611,-0.0283546,-0.0307992,-0.0332894,-0.03582,-0.038386,-0.0409826,-0.0436053,-0.0462497,-0.0489116,-0.051587,-0.0542721,-0.056963,-0.0596561,-0.0623478,-0.0650346,-0.0677132,-0.0703801,-0.0730319,-0.0756654,-0.0782773,-0.0808643,-0.083423,-0.0859502,-0.0884426,-0.0908968,-0.0933093,-0.0956769,-0.097996,-0.100263,-0.102475,-0.104627,-0.106717,-0.108741,-0.110694,-0.112573,-0.114375,-0.116095,-0.117729,-0.119274,-0.120726,-0.122081,-0.123335,-0.124483,-0.125523,-0.12645,-0.127261,-0.127952,-0.128519,-0.12896,-0.129269,-0.129446,-0.129485,-0.129386,-0.129144,-0.128758,-0.128226,-0.127545,-0.126716,-0.125735,-0.124604,-0.123321,-0.121887,-0.120303,-0.118569,-0.116687,-0.11466,-0.112491,-0.110182,-0.107738,-0.105163,-0.102463,-0.0996437,-0.0967112,-0.0936728,-0.0905362,-0.0873097,-0.0840023,-0.0806233,-0.0771828,-0.0736912,-0.0701595,-0.0665988,-0.0630208,-0.0594375,-0.055861,-0.0523035,-0.0487774,-0.045295,-0.0418687,-0.0385106,-0.0352325,-0.0320461,-0.0289627,-0.025993,-0.0231473,-0.0204352,-0.0178658,-0.0154474,-0.0131875,-0.0110929,-0.0091695,-0.00742231,-0.00585546,-0.00447216,-0.00327466,-0.00226431,-0.00144146,-0.000805568,-0.000355129,-8.77183e-05,0
0,-0.000112542,-0.000436094,-0.000958128,-0.0016664,-0.00254912,-0.00359498,-0.00479314,-0.00613322,-0.00760534,-0.00920003,-0.0109083,-0.0127216,-0.0146318,-0.0166311,-0.0187122,-0.0208682,-0.0230923,-0.0253783,-0.0277202,-0.0301123,-0.0325492,-0.0350257,-0.037537,-0.0400783,-0.0426451,-0.0452331,-0.0478382,-0.0504563,-0.0530835,-0.0557161,-0.0583505,-0.0609831,-0.0636103,-0.0662288,-0.0688351,-0.0714259,-0.073998,-0.0765479,-0.0790723,-0.0815681,-0.0840318,-0.0864602,-0.0888499,-0.0911975,-0.0934996,-0.0957528,-0.0979536,-0.100098,-0.102184,-0.104206,-0.106162,-0.108047,-0.109859,-0.111592,-0.113244,-0.114811,-0.116288,-0.117673,-0.118961,-0.120149,-0.121233,-0.122208,-0.123073,-0.123822,-0.124453,-0.124962,-0.125346,-0.125603,-0.125728,-0.125719,-0.125574,-0.12529,-0.124865,-0.124299,-0.123588,-0.122732,-0.12173,-0.120582,-0.119288,-0.117848,-0.116263,-0.114535,-0.112666,-0.110657,-0.108512,-0.106235,-0.103829,-0.101299,-0.0986511,-0.0958905,-0.0930237,-0.0900578,-0.0870004,-0.0838597,-0.0806444,-0.0773636,-0.0740272,-0.0706451,-0.0672279,-0.0637866,-0.0603321,-0.0568759,-0.0534297,-0.050005,-0.0466136,-0.0432673,-0.0399776,-0.036756,-0.0336138,-0.0305618,-0.0276106,-0.0247702,-0.0220503,-0.0194599,-0.0170072,-0.0147001,-0.0125455,-0.0105496,-0.00871777,-0.00705462,-0.00556386,-0.00424832,-0.00310998,-0.00214992,-0.00136833,-0.00076453,-0.000336962,-8.32058e-05,0
0,-0.000109731,-0.000425228,-0.00093433,-0.00162515,-0.00248624,-0.00350664,-0.00467581,-0.00598368,-0.00742065,-0.00897753,-0.0106456,-0.0124165,-0.0142823,-0.0162355,-0.0182689,-0.0203757,-0.0225495,-0.024784,-0.0270734,-0.0294122,-0.0317949,-0.0342166,-0.0366724,-0.0391576,-0.0416678,-0.0441987,-0.0467462,-0.0493062,-0.0518751,-0.0544489,-0.057024,-0.0595969,-0.0621642,-0.0647222,-0.0672677,-0.0697974,-0.0723078,-0.0747957,-0.0772577,-0.0796906,-0.0820911,-0.0844558,-0.0867814,-0.0890646,-0.0913019,-0.0934899,-0.0956253,-0.0977044,-0.0997239,-0.10168,-0.10357,-0.105389,-0.107133,-0.108801,-0.110387,-0.111888,-0.1133,-0.11462,-0.115844,-0.116968,-0.11799,-0.118905,-0.119709,-0.1204,-0.120975,-0.121429,-0.121761,-0.121967,-0.122045,-0.121991,-0.121805,-0.121483,-0.121024,-0.120426,-0.119689,-0.118811,-0.117791,-0.116631,-0.115329,-0.113887,-0.112306,-0.110587,-0.108733,-0.106745,-0.104628,-0.102385,-0.10002,-0.0975371,-0.0949428,-0.0922424,-0.0894425,-0.08655,-0.0835723,-0.0805174,-0.077394,-0.0742108,-0.0709773,-0.0677034,-0.064399,-0.0610747,-0.0577411,-0.0544092,-0.0510899,-0.0477945,-0.044534,-0.0413196,-0.0381623,-0.0350728,-0.0320617,-0.0291393,-0.0263155,-0.0235996,-0.0210007,-0.018527,-0.0161864,-0.0139861,-0.0119323,-0.0100309,-0.0082867,-0.00670391,-0.00528583,-0.00403501,-0.00295311,-0.00204101,-0.00129874,-0.000725502,-0.000319696,-7.89212e-05,0
0,-0.000106863,-0.000414138,-0.00091004,-0.00158305,-0.00242208,-0.00341649,-0.00455608,-0.0058311,-0.00723223,-0.00875056,-0.0103776,-0.0121053,-0.0139259,-0.0158322,-0.017817,-0.0198739,-0.0219964,-0.0241786,-0.0264147,-0.0286993,-0.0310271,-0.0333932,-0.0357927,-0.038221,-0.0406739,-0.043147,-0.0456363,-0.0481377,-0.0506476,-0.053162,-0.0556775,-0.0581904,-0.0606973,-0.0631947,-0.0656792,-0.0681475,-0.0705962,-0.0730221,-0.0754218,-0.0777921,-0.0801297,-0.0824311,-0.0846932,-0.0869125,-0.0890857,-0.0912095,-0.0932803,-0.0952948,-0.0972495,-0.0991409,-0.100966,-0.10272,-0.1044,-0.106003,-0.107525,-0.108963,-0.110312,-0.11157,-0.112732,-0.113796,-0.114758,-0.115615,-0.116363,-0.116999,-0.11752,-0.117923,-0.118206,-0.118366,-0.1184,-0.118305,-0.118081,-0.117725,-0.117235,-0.116611,-0.115851,-0.114954,-0.113921,-0.112752,-0.111446,-0.110006,-0.108431,-0.106725,-0.104889,-0.102925,-0.100839,-0.0986318,-0.0963093,-0.0938759,-0.0913369,-0.0886981,-0.085966,-0.0831474,-0.0802497,-0.0772806,-0.0742485,-0.071162,-0.0680303,-0.0648628,-0.0616692,-0.0584597,-0.0552443,-0.0520336,-0.0488381,-0.0456684,-0.042535,-0.0394485,-0.0364192,-0.0334574,-0.030573,-0.0277755,-0.0250744,-0.0224783,-0.0199957,-0.0176343,-0.0154013,-0.0133033,-0.0113462,-0.00953525,-0.00787495,-0.00636903,-0.00502047,-0.00383148,-0.0028035,-0.00193719,-0.00123243,-0.00068833,-0.000303261,-7.48459e-05,0
0,-0.000103937,-0.000402825,-0.000885266,-0.00154011,-0.00235663,-0.00332455,-0.00443399,-0.00567552,-0.00704012,-0.00851918,-0.0101045,-0.0117882,-0.0135628,-0.0154213,-0.0173568,-0.0193629,-0.0214334,-0.0235624,-0.0257444,-0.027974,-0.0302461,-0.0325557,-0.0348982,-0.0372691,-0.039664,-0.0420786,-0.0445091,-0.0469514,-0.0494018,-0.0518565,-0.0543118,-0.0567644,-0.0592106,-0.0616471,-0.0640705,-0.0664774,-0.0688645,-0.0712285,-0.0735661,-0.075874,-0.0781489,-0.0803876,-0.0825867,-0.0847428,-0.0868528,-0.0889131,-0.0909205,-0.0928715,-0.0947627,-0.0965908,-0.0983521,-0.100043,-0.101661,-0.103202,-0.104662,-0.106038,-0.107326,-0.108524,-0.109628,-0.110634,-0.111539,-0.112341,-0.113035,-0.11362,-0.114091,-0.114447,-0.114684,-0.114801,-0.114794,-0.114663,-0.114404,-0.114018,-0.113501,-0.112854,-0.112075,-0.111163,-0.11012,-0.108945,-0.107639,-0.106204,-0.104639,-0.102948,-0.101133,-0.0991969,-0.0971428,-0.0949746,-0.0926967,-0.0903139,-0.0878316,-0.0852555,-0.0825919,-0.0798476,-0.0770299,-0.0741462,-0.0712048,-0.068214,-0.0651826,-0.0621199,-0.0590351,-0.0559378,-0.052838,-0.0497456,-0.0466705,-0.0436229,-0.0406128,-0.0376502,-0.0347448,-0.0319064,-0.0291442,-0.0264673,-0.0238843,-0.0214035,-0.0190327,-0.0167791,-0.0146494,-0.0126497,-0.0107853,-0.00906112,-0.00748118,-0.00604887,-0.00476684,-0.00363702,-0.0026606,-0.00183806,-0.00116913,-0.000652862,-0.000287587,-7.09621e-05,0
0,-0.000100954,-0.000391293,-0.000860008,-0.00149633,-0.00228992,-0.00323083,-0.00430955,-0.00551697,-0.00684438,-0.00828345,-0.00982626,-0.0114652,-0.0131931,-0.015003,-0.0168883,-0.0188428,-0.0208605,-0.0229356,-0.0250627,-0.0272366,-0.0294522,-0.0317047,-0.0339895,-0.0363022,-0.0386384,-0.0409941,-0.0433652,-0.0457479,-0.0481383,-0.0505328,-0.0529277,-0.0553196,-0.057705,-0.0600804,-0.0624425,-0.064788,-0.0671135,-0.0694157,-0.0716914,-0.0739372,-0.07615,-0.0783264,-0.0804631,-0.0825569,-0.0846044,-0.0866023,-0.0885473,-0.090436,-0.092265,-0.0940311,-0.0957307,-0.0973606,-0.0989173,-0.100397,-0.101798,-0.103115,-0.104345,-0.105486,-0.106533,-0.107484,-0.108336,-0.109085,-0.109729,-0.110264,-0.110689,-0.111,-0.111196,-0.111273,-0.11123,-0.111065,-0.110776,-0.110362,-0.109822,-0.109155,-0.108361,-0.107439,-0.106389,-0.105212,-0.103909,-0.102481,-0.100929,-0.0992566,-0.0974653,-0.0955583,-0.093539,-0.0914115,-0.0891799,-0.0868492,-0.0844246,-0.081912,-0.0793174,-0.0766476,-0.0739097,-0.071111,-0.0682594,-0.0653631,-0.0624306,-0.0594708,-0.0564926,-0.0535052,-0.0505182,-0.047541,-0.044583,-0.0416541,-0.0387635,-0.0359209,-0.0331355,-0.0304162,-0.027772,-0.0252113,-0.0227422,-0.0203724,-0.0181092,-0.0159592,-0.0139287,-0.0120233,-0.0102479,-0.00860695,-0.00710407,-0.00574232,-0.00452404,-0.00345089,-0.00252385,-0.00174321,-0.00110859,-0.000618948,-0.000272604,-6.72512e-05,0
0,-9.79139e-05,-0.000379538,-0.000834266,-0.00145172,-0.00222194,-0.00313534,-0.00418278,-0.00535547,-0.00664502,-0.00804341,-0.00954299,-0.0111364,-0.0128168,-0.0145773,-0.0164117,-0.0183139,-0.0202779,-0.0222984,-0.0243699,-0.0264873,-0.0286457,-0.0308404,-0.0330669,-0.0353207,-0.0375977,-0.0398939,-0.0422051,-0.0445276,-0.0468576,-0.0491915,-0.0515257,-0.0538567,-0.056181,-0.0584952,-0.060796,-0.0630801,-0.065344,-0.0675847,-0.0697987,-0.0719828,-0.0741339,-0.0762485,-0.0783235,-0.0803556,-0.0823415,-0.084278,-0.0861616,-0.0879892,-0.0897575,-0.091463,-0.0931026,-0.0946728,-0.0961704,-0.0975921,-0.0989346,-0.100195,-0.101369,-0.102455,-0.103448,-0.104347,-0.105148,-0.105848,-0.106444,-0.106934,-0.107316,-0.107586,-0.107742,-0.107784,-0.107707,-0.107512,-0.107197,-0.106759,-0.106199,-0.105516,-0.10471,-0.10378,-0.102727,-0.101551,-0.100253,-0.0988359,-0.0973002,-0.0956484,-0.0938833,-0.0920077,-0.0900254,-0.0879401,-0.0857564,-0.0834789,-0.0811131,-0.0786645,-0.0761393,-0.073544,-0.0708856,-0.0681712,-0.0654085,-0.0626055,-0.0597703,-0.0569115,-0.0540377,-0.0511578,-0.0482807,-0.0454157,-0.0425717,-0.0397579,-0.0369833,-0.0342569,-0.0315874,-0.0289833,-0.026453,-0.0240043,-0.021645,-0.0193821,-0.0172224,-0.0151721,-0.013237,-0.0114222,-0.00973231,-0.00817122,-0.00674231,-0.00544828,-0.00429117,-0.00327239,-0.00239272,-0.00165227,-0.00105055,-0.000586439,-0.000258245,-6.36955e-05,0
0,-9.48153e-05,-0.000367561,-0.000808038,-0.00140627,-0.00215268,-0.00303808,-0.00405367,-0.00519101,-0.00644205,-0.00779907,-0.00925472,-0.0108019,-0.012434,-0.0141444,-0.0159271,-0.0177762,-0.0196859,-0.0216509,-0.023666,-0.0257263,-0.0278268,-0.029963,-0.0321305,-0.034325,-0.0365422,-0.0387783,-0.0410291,-0.043291,-0.0455603,-0.0478333,-0.0501064,-0.0523762,-0.0546393,-0.0568922,-0.0591316,-0.0613542,-0.0635568,-0.065736,-0.0678887,-0.0700115,-0.0721012,-0.0741547,-0.0761686,-0.0781398,-0.080065,-0.0819409,-0.0837644,-0.0855321,-0.0872409,-0.0888874,-0.0904684,-0.0919807,-0.093421,-0.0947862,-0.0960731,-0.0972785,-0.0983993,-0.0994325,-0.100375,-0.101224,-0.101977,-0.10263,-0.103182,-0.10363,-0.103971,-0.104203,-0.104324,-0.104332,-0.104226,-0.104004,-0.103665,-0.103208,-0.102631,-0.101936,-0.10112,-0.100186,-0.0991319,-0.0979602,-0.0966716,-0.0952676,-0.0937502,-0.0921217,-0.0903849,-0.0885428,-0.0865991,-0.0845577,-0.0824231,-0.0802,-0.0778936,-0.0755096,-0.0730539,-0.070533,-0.0679536,-0.0653228,-0.062648,-0.0599369,-0.0571974,-0.0544376,-0.0516661,-0.0488911,-0.0461213,-0.0433655,-0.0406323,-0.0379303,-0.0352681,-0.0326542,-0.0300969,-0.0276041,-0.0251838,-0.0228432,-0.0205897,-0.0184297,-0.0163697,-0.0144154,-0.0125721,-0.0108445,-0.00923672,-0.00775244,-0.00639463,-0.00516567,-0.00406735,-0.00310083,-0.00226668,-0.00156486,-0.000994753,-0.000555187,-0.000244441,-6.02776e-05,0
0,-9.16581e-05,-0.000355358,-0.000781317,-0.00135997,-0.00208215,-0.00293903,-0.00392221,-0.0050236,-0.00623547,-0.00755044,-0.00896144,-0.0104617,-0.0120447,-0.0137044,-0.0154346,-0.0172298,-0.0190845,-0.0209933,-0.0229514,-0.0249538,-0.0269958,-0.0290729,-0.0311808,-0.0333153,-0.0354722,-0.0376476,-0.0398376,-0.0420385,-0.0442466,-0.0464583,-0.0486701,-0.0508785,-0.0530802,-0.0552716,-0.0574497,-0.0596109,-0.0617522,-0.0638702,-0.0659617,-0.0680235,-0.0700525,-0.0720453,-0.0739988,-0.0759098,-0.0777752,-0.0795916,-0.081356,-0.083065,-0.0847156,-0.0863045,-0.0878286,-0.0892846,-0.0906695,-0.0919802,-0.0932134,-0.0943663,-0.0954358,-0.0964189,-0.0973129,-0.0981149,-0.0988221,-0.0994321,-0.0999423,-0.10035,-0.100654,-0.100851,-0.10094,-0.100919,-0.100786,-0.100541,-0.100181,-0.0997067,-0.099117,-0.0984116,-0.0975906,-0.0966543,-0.0956033,-0.0944385,-0.0931613,-0.0917733,-0.0902767,-0.0886737,-0.0869673,-0.0851606,-0.0832572,-0.0812611,-0.0791767,-0.0770087,-0.0747624,-0.0724433,-0.0700573,-0.0676105,-0.0651097,-0.0625617,-0.0599737,-0.057353,-0.0547075,-0.0520449,-0.0493733,-0.0467008,-0.0440357,-0.0413862,-0.0387606,-0.0361672,-0.033614,-0.0311091,-0.0286602,-0.0262751,-0.0239609,-0.0217248,-0.0195732,-0.0175126,-0.0155487,-0.0136868,-0.0119318,-0.0102881,-0.00875948,-0.00734913,-0.00605975,-0.00489345,-0.00385172,-0.00293552,-0.0021452,-0.00148059,-0.000940957,-0.000525048,-0.000231125,-5.69797e-05,0
0,-8.84412e-05,-0.000342924,-0.000754096,-0.00131281,-0.00201031,-0.00283818,-0.00378838,-0.00485321,-0.00602527,-0.00729751,-0.00866317,-0.0101158,-0.0116491,-0.0132571,-0.0149342,-0.0166748,-0.0184737,-0.0203257,-0.0222261,-0.0241699,-0.0261528,-0.0281702,-0.0302179,-0.0322918,-0.0343878,-0.0365021,-0.0386309,-0.0407703,-0.0429169,-0.045067,-0.0472171,-0.0493639,-0.0515039,-0.0536339,-0.0557505,-0.0578504,-0.0599304,-0.0619874,-0.0640181,-0.0660193,-0.0679878,-0.0699206,-0.0718143,-0.073666,-0.0754723,-0.0772302,-0.0789365,-0.0805881,-0.0821818,-0.0837145,-0.0851831,-0.0865846,-0.0879158,-0.0891737,-0.0903554,-0.0914579,-0.0924783,-0.0934137,-0.0942615,-0.0950189,-0.0956834,-0.0962525,-0.0967238,-0.0970952,-0.0973645,-0.0975299,-0.0975896,-0.0975419,-0.0973856,-0.0971196,-0.0967428,-0.0962546,-0.0956546,-0.0949427,-0.094119,-0.0931839,-0.0921382,-0.0909831,-0.0897198,-0.0883503,-0.0868767,-0.0853013,-0.0836272,-0.0818575,-0.0799959,-0.0780463,-0.0760132,-0.0739012,-0.0717155,-0.0694615,-0.067145,-0.0647722,-0.0623493,-0.0598832,-0.0573808,-0.0548493,-0.052296,-0.0497287,-0.0471549,-0.0445825,-0.0420193,-0.0394734,-0.0369524,-0.0344644,-0.0320169,-0.0296176,-0.0272738,-0.0249927,-0.0227812,-0.0206458,-0.0185928,-0.0166279,-0.0147567,-0.0129839,-0.0113141,-0.00975134,-0.00829894,-0.00695986,-0.00573646,-0.00463057,-0.00364343,-0.00277577,-0.00202778,-0.00139911,-0.000888916,-0.00049588,-0.000218233,-5.3785e-05,0
0,-8.51622e-05,-0.000330255,-0.000726362,-0.00126478,-0.00193715,-0.0027355,-0.00365216,-0.00467981,-0.00581142,-0.00704026,-0.00835988,-0.00976409,-0.0112469,-0.0128027,-0.0144259,-0.0161113,-0.0178537,-0.0196482,-0.0214901,-0.0233748,-0.0252979,-0.027255,-0.0292419,-0.0312547,-0.0332894,-0.035342,-0.037409,-0.0394866,-0.0415712,-0.0436594,-0.0457476,-0.0478326,-0.0499108,-0.0519791,-0.0540342,-0.0560728,-0.0580917,-0.0600878,-0.0620579,-0.0639988,-0.0659074,-0.0677805,-0.0696151,-0.071408,-0.0731562,-0.0748564,-0.0765057,-0.0781009,-0.079639,-0.0811169,-0.0825316,-0.0838801,-0.0851593,-0.0863664,-0.0874984,-0.0885525,-0.089526,-0.090416,-0.09122,-0.0919353,-0.0925596,-0.0930904,-0.0935257,-0.0938632,-0.094101,-0.0942374,-0.0942707,-0.0941996,-0.0940227,-0.0937392,-0.0933481,-0.0928491,-0.0922418,-0.0915262,-0.0907025,-0.0897715,-0.0887339,-0.0875909,-0.086344,-0.0849952,-0.0835467,-0.0820009,-0.0803608,-0.0786297,-0.0768113,-0.0749094,-0.0729284,-0.0708731,-0.0687484,-0.0665597,-0.0643127,-0.0620133,-0.0596678,-0.0572827,-0.0548648,-0.0524209,-0.0499583,-0.0474843,-0.0450062,-0.0425315,-0.0400678,-0.0376226,-0.0352035,-0.0328178,-0.0304728,-0.0281759,-0.0259338,-0.0237535,-0.0216412,-0.0196033,-0.0176454,-0.0157731,-0.0139913,-0.0123045,-0.010717,-0.0092323,-0.0078535,-0.00658323,-0.00542356,-0.00437603,-0.00344166,-0.00262096,-0.00191392,-0.00132005,-0.000838392,-0.000467544,-0.000205699,-5.06759e-05,0
0,-8.18193e-05,-0.000317341,-0.000698103,-0.00121584,-0.00186265,-0.00263096,-0.00351351,-0.00450337,-0.00559389,-0.00677866,-0.00805156,-0.00940671,-0.0108384,-0.0123412,-0.0139099,-0.0155393,-0.0172245,-0.0189609,-0.0207437,-0.0225686,-0.0244312,-0.0263274,-0.028253,-0.0302041,-0.0321769,-0.0341675,-0.0361722,-0.0381875,-0.0402098,-0.0422357,-0.0442617,-0.0462845,-0.0483008,-0.0503073,-0.0523008,-0.054278,-0.0562359,-0.0581712,-0.0600809,-0.0619618,-0.0638108,-0.0656248,-0.0674008,-0.0691357,-0.0708264,-0.0724699,-0.0740631,-0.0756031,-0.0770867,-0.0785111,-0.0798733,-0.0811703,-0.0823992,-0.0835572,-0.0846414,-0.0856491,-0.0865777,-0.0874245,-0.0881869,-0.0888625,-0.0894491,-0.0899442,-0.090346,-0.0906523,-0.0908613,-0.0909715,-0.0909814,-0.0908896,-0.090695,-0.0903969,-0.0899945,-0.0894874,-0.0888756,-0.088159,-0.0873382,-0.0864138,-0.0853867,-0.0842583,-0.0830301,-0.0817042,-0.0802827,-0.0787684,-0.077164,-0.075473,-0.0736989,-0.0718458,-0.0699178,-0.0679197,-0.0658564,-0.0637331,-0.0615554,-0.0593291,-0.0570603,-0.0547553,-0.0524207,-0.0500632,-0.0476896,-0.045307,-0.0429226,-0.0405434,-0.0381767,-0.0358297,-0.0335095,-0.0312233,-0.0289779,-0.0267802,-0.0246368,-0.022554,-0.0205379,-0.0185942,-0.0167283,-0.0149454,-0.0132501,-0.0116465,-0.0101385,-0.00872925,-0.00742162,-0.0062179,-0.00511988,-0.00412886,-0.00324561,-0.00247043,-0.00180313,-0.00124307,-0.000789155,-0.000439904,-0.00019346,-4.76359e-05,0
0,-7.84099e-05,-0.000304176,-0.000669301,-0.00116598,-0.00178676,-0.00252451,-0.00337239,-0.00432385,-0.00537262,-0.00651267,-0.00773818,-0.00904357,-0.0104234,-0.0118726,-0.013386,-0.0149588,-0.0165862,-0.0182637,-0.0199869,-0.0217514,-0.023553,-0.0253876,-0.0272513,-0.0291402,-0.0310505,-0.0329785,-0.0349205,-0.0368731,-0.0388327,-0.0407959,-0.0427594,-0.0447198,-0.0466738,-0.0486184,-0.0505501,-0.052466,-0.0543628,-0.0562375,-0.0580869,-0.059908,-0.0616977,-0.0634531,-0.065171,-0.0668484,-0.0684823,-0.0700698,-0.0716079,-0.0730936,-0.074524,-0.0758961,-0.077207,-0.078454,-0.0796341,-0.0807447,-0.0817829,-0.0827461,-0.0836318,-0.0844374,-0.0851605,-0.0857987,-0.0863498,-0.0868117,-0.0871825,-0.0874601,-0.0876431,-0.0877298,-0.0877188,-0.0876091,-0.0873996,-0.0870896,-0.0866786,-0.0861663,-0.0855526,-0.0848377,-0.0840223,-0.0831069,-0.0820928,-0.0809813,-0.079774,-0.078473,-0.0770805,-0.0755993,-0.0740322,-0.0723827,-0.0706542,-0.0688507,-0.0669765,-0.0650361,-0.0630345,-0.0609766,-0.0588681,-0.0567145,-0.0545218,-0.052296,-0.0500436,-0.0477711,-0.045485,-0.0431921,-0.0408993,-0.0386134,-0.0363414,-0.0340901,-0.0318664,-0.0296769,-0.0275283,-0.025427,-0.0233792,-0.021391,-0.0194679,-0.0176155,-0.0158388,-0.0141425,-0.0125309,-0.0110078,-0.00957666,-0.00824051,-0.00700181,-0.00586258,-0.00482434,-0.00388814,-0.00305453,-0.00232359,-0.00169496,-0.00116783,-0.000740981,-0.00041283,-0.000181456,-4.46489e-05,0
0,-7.49307e-05,-0.000290749,-0.000639938,-0.00111517,-0.00170946,-0.00241612,-0.00322874,-0.0041412,-0.0051476,-0.00624226,-0.00741971,-0.00867467,-0.010002,-0.0113969,-0.0128544,-0.0143698,-0.0159388,-0.0175569,-0.0192197,-0.0209231,-0.0226631,-0.0244356,-0.0262369,-0.028063,-0.0299103,-0.0317752,-0.033654,-0.0355434,-0.0374398,-0.03934,-0.0412405,-0.0431382,-0.0450298,-0.0469121,-0.048782,-0.0506363,-0.052472,-0.054286,-0.0560753,-0.0578368,-0.0595675,-0.0612645,-0.0629247,-0.0645452,-0.066123,-0.0676553,-0.069139,-0.0705713,-0.0719494,-0.0732703,-0.0745313,-0.0757296,-0.0768624,-0.0779271,-0.078921,-0.0798416,-0.0806862,-0.0814526,-0.0821384,-0.0827414,-0.0832593,-0.0836903,-0.0840324,-0.0842839,-0.0844433,-0.084509,-0.0844799,-0.0843548,-0.084133,-0.0838138,-0.0833968,-0.0828818,-0.0822688,-0.0815582,-0.0807505,-0.0798467,-0.0788478,-0.0777553,-0.076571,-0.0752968,-0.0739352,-0.0724888,-0.0709605,-0.0693537,-0.0676719,-0.065919,-0.0640993,-0.0622172,-0.0602775,-0.0582852,-0.0562457,-0.0541644,-0.0520471,-0.0498998,-0.0477285,-0.0455397,-0.0433396,-0.0411348,-0.0389318,-0.0367372,-0.0345577,-0.0323998,-0.03027,-0.0281747,-0.0261202,-0.0241126,-0.0221577,-0.0202612,-0.0184285,-0.0166646,-0.0149743,-0.0133619,-0.0118314,-0.0103863,-0.00902976,-0.00776448,-0.00659266,-0.00551603,-0.00453587,-0.00365298,-0.00286768,-0.00217987,-0.00158897,-0.00109401,-0.000693655,-0.000386194,-0.000169627,-4.16992e-05,0
0,-7.13791e-05,-0.000277049,-0.000609993,-0.00106338,-0.0016307,-0.00230574,-0.00308253,-0.00395537,-0.00491876,-0.00596738,-0.00709612,-0.0083,-0.00957421,-0.0109141,-0.012315,-0.0137725,-0.0152824,-0.0168403,-0.0184422,-0.020084,-0.0217617,-0.0234716,-0.0252097,-0.0269725,-0.0287563,-0.0305575,-0.0323726,-0.0341983,-0.0360311,-0.0378678,-0.039705,-0.0415396,-0.0433683,-0.0451882,-0.0469959,-0.0487886,-0.050563,-0.0523163,-0.0540455,-0.0557474,-0.0574193,-0.0590581,-0.060661,-0.062225,-0.0637472,-0.0652248,-0.0666549,-0.0680347,-0.0693614,-0.0706322,-0.0718444,-0.0729953,-0.0740821,-0.0751024,-0.0760535,-0.076933,-0.0777384,-0.0784675,-0.079118,-0.0796877,-0.0801746,-0.0805769,-0.0808926,-0.0811203,-0.0812584,-0.0813056,-0.0812608,-0.0811229,-0.0808913,-0.0805654,-0.0801449,-0.0796297,-0.0790199,-0.0783159,-0.0775184,-0.0766283,-0.0756469,-0.0745756,-0.0734162,-0.0721708,-0.0708417,-0.0694316,-0.0679436,-0.0663807,-0.0647467,-0.0630454,-0.0612809,-0.0594575,-0.0575801,-0.0556534,-0.0536828,-0.0516734,-0.0496311,-0.0475614,-0.0454704,-0.043364,-0.0412486,-0.0391303,-0.0370154,-0.0349102,-0.0328212,-0.0307545,-0.0287163,-0.0267129,-0.02475,-0.0228335,-0.0209689,-0.0191617,-0.0174167,-0.0157387,-0.0141323,-0.0126013,-0.0111495,-0.00978018,-0.00849609,-0.00729967,-0.00619285,-0.00517712,-0.0042535,-0.00342256,-0.0026844,-0.00203871,-0.00148473,-0.00102132,-0.000646976,-0.000359877,-0.000157917,-3.87713e-05,0
0,-6.77511e-05,-0.000263065,-0.000579444,-0.00101057,-0.00155045,-0.00219332,-0.00293371,-0.00376632,-0.00468607,-0.00568802,-0.0067674,-0.00791956,-0.00913996,-0.0104242,-0.0117679,-0.0131669,-0.014617,-0.0161143,-0.0176546,-0.0192341,-0.020849,-0.0224955,-0.02417,-0.0258689,-0.0275885,-0.0293255,-0.0310764,-0.0328378,-0.0346065,-0.0363791,-0.0381526,-0.0399236,-0.0416892,-0.0434461,-0.0451915,-0.0469222,-0.0486352,-0.0503276,-0.0519965,-0.053639,-0.0552521,-0.0568329,-0.0583786,-0.0598864,-0.0613535,-0.0627769,-0.064154,-0.065482,-0.0667581,-0.0679797,-0.0691441,-0.0702486,-0.0712907,-0.0722679,-0.0731777,-0.0740177,-0.0747855,-0.075479,-0.076096,-0.0766343,-0.0770922,-0.0774678,-0.0777594,-0.0779655,-0.0780846,-0.0781156,-0.0780573,-0.0779091,-0.0776701,-0.0773399,-0.0769182,-0.0764052,-0.0758009,-0.0751059,-0.0743208,-0.0734468,-0.0724849,-0.0714368,-0.0703043,-0.0690894,-0.0677945,-0.0664224,-0.0649759,-0.0634584,-0.0618732,-0.0602243,-0.0585156,-0.0567516,-0.0549367,-0.0530759,-0.051174,-0.0492364,-0.0472684,-0.0452757,-0.043264,-0.0412392,-0.0392071,-0.0371739,-0.0351455,-0.033128,-0.0311276,-0.0291501,-0.0272015,-0.0252877,-0.0234142,-0.0215865,-0.0198099,-0.0180894,-0.0164297,-0.0148354,-0.0133105,-0.0118587,-0.0104835,-0.00918774,-0.00797411,-0.00684469,-0.00580117,-0.00484478,-0.00397632,-0.00319611,-0.00250405,-0.00189962,-0.00138186,-0.000949462,-0.000600754,-0.000333766,-0.000146272,-3.58508e-05,0
0,-6.40423e-05,-0.000248783,-0.000548269,-0.000956722,-0.00146866,-0.00207883,-0.00278223,-0.00357402,-0.00444951,-0.00540417,-0.00643357,-0.00753337,-0.00869934,-0.00992733,-0.0112132,-0.0125531,-0.0139429,-0.0153787,-0.0168569,-0.0183735,-0.019925,-0.0215076,-0.0231178,-0.0247521,-0.0264071,-0.0280792,-0.0297652,-0.0314618,-0.0331658,-0.0348739,-0.036583,-0.03829,-0.0399918,-0.0416855,-0.043368,-0.0450364,-0.0466877,-0.048319,-0.0499275,-0.0515103,-0.0530646,-0.0545874,-0.0560762,-0.057528,-0.0589401,-0.0603098,-0.0616343,-0.0629111,-0.0641373,-0.0653104,-0.0664279,-0.0674871,-0.0684856,-0.0694209,-0.0702906,-0.0710924,-0.0718242,-0.0724837,-0.0730688,-0.0735776,-0.0740084,-0.0743592,-0.0746286,-0.0748151,-0.0749174,-0.0749344,-0.074865,-0.0747085,-0.0744644,-0.0741322,-0.0737118,-0.0732032,-0.0726067,-0.0719228,-0.0711524,-0.0702964,-0.0693562,-0.0683333,-0.0672294,-0.0660469,-0.0647879,-0.0634552,-0.0620518,-0.0605807,-0.0590455,-0.0574499,-0.0557979,-0.0540937,-0.0523418,-0.0505469,-0.0487138,-0.0468477,-0.0449538,-0.0430376,-0.0411045,-0.0391602,-0.0372104,-0.035261,-0.0333177,-0.0313864,-0.0294729,-0.0275828,-0.0257219,-0.0238956,-0.0221094,-0.0203684,-0.0186776,-0.0170417,-0.0154652,-0.0139523,-0.0125067,-0.011132,-0.00983136,-0.00860738,-0.0074624,-0.0063983,-0.00541652,-0.00451808,-0.00370352,-0.00297296,-0.00232608,-0.00176215,-0.00128002,-0.000878193,-0.000554817,-0.000307758,-0.000134644,-3.29241e-05,0
0,-6.02489e-05,-0.00023419,-0.000516443,-0.000901793,-0.0013853,-0.00196223,-0.00262808,-0.00337845,-0.00420909,-0.00511586,-0.00609467,-0.00714152,-0.00825247,-0.00942362,-0.0106511,-0.0119312,-0.0132601,-0.014634,-0.0160494,-0.0175025,-0.0189899,-0.020508,-0.0220533,-0.0236224,-0.0252119,-0.0268186,-0.0284391,-0.0300702,-0.0317088,-0.0333517,-0.0349958,-0.0366382,-0.0382758,-0.0399056,-0.0415248,-0.0431304,-0.0447196,-0.0462894,-0.0478372,-0.0493601,-0.0508554,-0.0523202,-0.0537519,-0.0551478,-0.0565051,-0.0578213,-0.0590936,-0.0603195,-0.0614964,-0.0626217,-0.063693,-0.0647077,-0.0656634,-0.0665579,-0.0673887,-0.0681537,-0.0688507,-0.0694776,-0.0700325,-0.0705134,-0.0709187,-0.0712466,-0.0714957,-0.0716646,-0.0717521,-0.0717571,-0.0716787,-0.0715162,-0.0712691,-0.0709371,-0.07052,-0.0700181,-0.0694315,-0.068761,-0.0680073,-0.0671715,-0.0662549,-0.065259,-0.0641858,-0.0630373,-0.0618158,-0.0605241,-0.059165,-0.0577417,-0.0562575,-0.0547162,-0.0531217,-0.051478,-0.0497895,-0.0480608,-0.0462967,-0.0445021,-0.042682,-0.0408417,-0.0389866,-0.0371221,-0.0352538,-0.0333871,-0.0315277,-0.0296812,-0.027853,-0.0260488,-0.0242738,-0.0225334,-0.0208325,-0.0191763,-0.0175693,-0.016016,-0.0145207,-0.0130872,-0.0117191,-0.0104197,-0.00919169,-0.00803768,-0.0069597,-0.00595938,-0.00503795,-0.00419617,-0.00343439,-0.00275251,-0.00215,-0.00162591,-0.00117891,-0.00080729,-0.000509014,-0.000281762,-0.000122987,-2.99789e-05,0
0,-5.63662e-05,-0.000219274,-0.000483947,-0.00084576,-0.00130034,-0.00184351,-0.00247124,-0.00317962,-0.00396484,-0.00482313,-0.00575078,-0.00674412,-0.00779948,-0.00891323,-0.0100818,-0.0113015,-0.0125688,-0.0138802,-0.0152322,-0.0166213,-0.0180439,-0.0194968,-0.0209765,-0.0224797,-0.0240032,-0.0255436,-0.0270979,-0.0286628,-0.0302353,-0.0318123,-0.0333908,-0.0349679,-0.0365405,-0.0381058,-0.0396611,-0.0412033,-0.0427298,-0.0442377,-0.0457243,-0.047187,-0.0486229,-0.0500294,-0.051404,-0.0527438,-0.0540464,-0.0553091,-0.0565294,-0.0577048,-0.0588326,-0.0599106,-0.0609362,-0.0619071,-0.062821,-0.0636755,-0.0644684,-0.0651976,-0.065861,-0.0664567,-0.0669827,-0.0674372,-0.0678186,-0.0681252,-0.0683558,-0.0685089,-0.0685834,-0.0685783,-0.0684928,-0.0683263,-0.0680783,-0.0677486,-0.0673371,-0.0668438,-0.0662694,-0.0656142,-0.0648793,-0.0640656,-0.0631746,-0.0622077,-0.0611669,-0.0600542,-0.0588719,-0.0576227,-0.0563094,-0.0549351,-0.0535032,-0.0520172,-0.050481,-0.0488985,-0.047274,-0.045612,-0.0439171,-0.042194,-0.0404476,-0.0386831,-0.0369056,-0.0351203,-0.0333326,-0.0315478,-0.0297713,-0.0280084,-0.0262644,-0.0245445,-0.022854,-0.0211978,-0.0195807,-0.0180075,-0.0164826,-0.0150102,-0.0135942,-0.0122384,-0.010946,-0.00971999,-0.00856307,-0.00747745,-0.00646496,-0.00552703,-0.00466465,-0.00387838,-0.00316837,-0.00253429,-0.00197541,-0.00149059,-0.00107828,-0.000736569,-0.000463217,-0.000255699,-0.000111264,-2.70041e-05,0
0,-5.23901e-05,-0.000204024,-0.000450764,-0.000788608,-0.00121378,-0.00172265,-0.00231173,-0.00297759,-0.00371684,-0.00452613,-0.00540209,-0.00634137,-0.00734061,-0.00839643,-0.00950545,-0.0106643,-0.0118695,-0.0131178,-0.0144058,-0.0157301,-0.0170874,-0.0184744,-0.0198878,-0.0213244,-0.022781,-0.0242545,-0.0257417,-0.0272396,-0.0287452,-0.0302555,-0.0317675,-0.0332784,-0.0347853,-0.0362854,-0.0377759,-0.039254,-0.0407171,-0.0421625,-0.0435874,-0.0449892,-0.0463653,-0.0477132,-0.0490302,-0.0503138,-0.0515614,-0.0527706,-0.0539389,-0.0550638,-0.0561429,-0.0571738,-0.0581542,-0.0590818,-0.0599543,-0.0607696,-0.0615254,-0.0622198,-0.0628507,-0.0634162,-0.0639145,-0.064344,-0.0647029,-0.0649898,-0.0652033,-0.0653423,-0.0654056,-0.0653923,-0.0653017,-0.0651331,-0.0648861,-0.0645606,-0.0641565,-0.0636741,-0.0631137,-0.062476,-0.0617619,-0.0609723,-0.0601088,-0.0591728,-0.0581662,-0.057091,-0.0559496,-0.0547445,-0.0534784,-0.0521546,-0.0507761,-0.0493466,-0.0478696,-0.0463492,-0.0447895,-0.0431947,-0.0415693,-0.039918,-0.0382455,-0.0365566,-0.0348565,-0.0331501,-0.0314425,-0.0297389,-0.0280444,-0.0263642,-0.0247033,-0.0230667,-0.0214594,-0.019886,-0.0183513,-0.0168596,-0.0154152,-0.0140221,-0.0126839,-0.0114041,-0.0101858,-0.00903178,-0.00794441,-0.00692572,-0.00597735,-0.00510051,-0.00429601,-0.00356419,-0.002905,-0.00231792,-0.00180202,-0.00135594,-0.00097794,-0.000665891,-0.000417332,-0.00022951,-9.94436e-05,-2.39909e-05,0
0,-4.83164e-05,-0.000188429,-0.000416881,-0.000730328,-0.00112561,-0.0015997,-0.00214963,-0.00277246,-0.00346525,-0.00422503,-0.00504882,-0.00593357,-0.00687621,-0.00787361,-0.0089226,-0.01002,-0.0111626,-0.0123472,-0.0135706,-0.0148295,-0.0161207,-0.0174411,-0.0187874,-0.0201566,-0.0215455,-0.0229512,-0.0243705,-0.0258005,-0.0272382,-0.0286808,-0.0301254,-0.0315692,-0.0330095,-0.0344434,-0.0358683,-0.0372815,-0.0386804,-0.0400623,-0.0414247,-0.0427651,-0.0440808,-0.0453694,-0.0466283,-0.0478552,-0.0490476,-0.050203,-0.0513191,-0.0523934,-0.0534238,-0.0544078,-0.0553432,-0.0562278,-0.0570594,-0.0578359,-0.0585553,-0.0592156,-0.0598148,-0.0603511,-0.0608229,-0.0612284,-0.0615661,-0.0618346,-0.0620326,-0.062159,-0.0622127,-0.0621928,-0.0620987,-0.0619299,-0.0616858,-0.0613665,-0.0609718,-0.0605021,-0.0599578,-0.0593395,-0.058648,-0.0578846,-0.0570505,-0.0561473,-0.0551767,-0.0541409,-0.053042,-0.0518826,-0.0506654,-0.0493934,-0.0480698,-0.0466979,-0.0452814,-0.043824,-0.0423299,-0.040803,-0.0392478,-0.0376687,-0.0360703,-0.0344573,-0.0328346,-0.0312069,-0.0295792,-0.0279563,-0.0263434,-0.0247451,-0.0231665,-0.0216123,-0.0200871,-0.0185955,-0.0171419,-0.0157305,-0.0143654,-0.0130501,-0.0117883,-0.0105832,-0.00943755,-0.00835405,-0.00733485,-0.00638178,-0.00549628,-0.00467936,-0.00393164,-0.00325328,-0.00264404,-0.0021032,-0.00162966,-0.00122184,-0.000877793,-0.000595177,-0.000371296,-0.000203155,-8.7505e-05,-2.09322e-05,0
0,-4.41412e-05,-0.000172483,-0.000382296,-0.000670933,-0.00103589,-0.00147474,-0.00198505,-0.0025644,-0.00321029,-0.00392015,-0.00469135,-0.00552115,-0.00640674,-0.00734526,-0.00833376,-0.00936925,-0.0104487,-0.011569,-0.0127271,-0.0139199,-0.0151444,-0.0163973,-0.0176758,-0.0189767,-0.0202971,-0.0216339,-0.0229843,-0.0243453,-0.0257142,-0.0270881,-0.0284642,-0.0298398,-0.0312123,-0.032579,-0.0339372,-0.0352844,-0.0366181,-0.0379357,-0.0392347,-0.0405126,-0.0417671,-0.0429957,-0.0441959,-0.0453655,-0.046502,-0.0476032,-0.0486667,-0.0496902,-0.0506716,-0.0516086,-0.052499,-0.0533407,-0.0541317,-0.0548698,-0.0555532,-0.05618,-0.0567482,-0.0572561,-0.0577022,-0.0580848,-0.0584024,-0.0586537,-0.0588375,-0.0589526,-0.0589982,-0.0589733,-0.0588774,-0.0587099,-0.0584705,-0.0581592,-0.0577758,-0.0573207,-0.0567943,-0.0561974,-0.0555306,-0.0547952,-0.0539925,-0.0531239,-0.0521913,-0.0511966,-0.0501421,-0.0490301,-0.0478634,-0.0466449,-0.0453775,-0.0440647,-0.0427099,-0.0413168,-0.0398892,-0.0384312,-0.036947,-0.0354408,-0.0339171,-0.0323803,-0.0308352,-0.0292863,-0.0277384,-0.0261962,-0.0246645,-0.0231479,-0.021651,-0.0201784,-0.0187347,-0.017324,-0.0159506,-0.0146185,-0.0133314,-0.0120929,-0.0109063,-0.00977452,-0.00870036,-0.00768615,-0.00673389,-0.00584524,-0.00502144,-0.00426334,-0.00357138,-0.00294555,-0.00238542,-0.00189011,-0.00145831,-0.00108827,-0.000777825,-0.000524414,-0.0003251,-0.000176621,-7.54397e-05,-1.78241e-05,0
0,-3.9863e-05,-0.000156186,-0.000347022,-0.000610463,-0.000944686,-0.00134788,-0.0018182,-0.0023537,-0.00295233,-0.00361192,-0.00433017,-0.00510466,-0.00593285,-0.0068121,-0.00773967,-0.00871276,-0.00972848,-0.0107839,-0.0118762,-0.0130022,-0.0141591,-0.0153438,-0.0165535,-0.0177852,-0.0190359,-0.0203029,-0.0215832,-0.0228742,-0.024173,-0.0254769,-0.0267833,-0.0280896,-0.029393,-0.0306912,-0.0319815,-0.0332616,-0.0345288,-0.0357808,-0.0370153,-0.0382298,-0.039422,-0.0405896,-0.0417302,-0.0428416,-0.0439215,-0.0449678,-0.0459781,-0.0469504,-0.0478824,-0.0487721,-0.0496173,-0.0504161,-0.0511664,-0.0518663,-0.052514,-0.0531075,-0.0536452,-0.0541254,-0.0545465,-0.0549069,-0.0552053,-0.0554405,-0.0556112,-0.0557164,-0.0557551,-0.0557267,-0.0556305,-0.055466,-0.0552329,-0.0549312,-0.0545609,-0.0541223,-0.0536158,-0.0530421,-0.0524019,-0.0516965,-0.0509271,-0.0500952,-0.0492024,-0.0482508,-0.0472425,-0.0461798,-0.0450654,-0.043902,-0.0426926,-0.0414404,-0.0401488,-0.0388213,-0.0374616,-0.0360736,-0.0346614,-0.033229,-0.0317807,-0.0303208,-0.0288538,-0.0273842,-0.0259164,-0.024455,-0.0230045,-0.0215693,-0.0201539,-0.0187627,-0.0173998,-0.0160695,-0.0147756,-0.0135219,-0.0123121,-0.0111494,-0.010037,-0.0089776,-0.00797381,-0.00702779,-0.00614137,-0.00531604,-0.00455287,-0.00385256,-0.00321538,-0.00264117,-0.00212932,-0.0016788,-0.00128813,-0.000955363,-0.000678141,-0.000453676,-0.000278786,-0.000149929,-6.32531e-05,-1.46664e-05,0
0,-3.54798e-05,-0.000139546,-0.000311093,-0.000548992,-0.000852138,-0.00121936,-0.00164937,-0.00214074,-0.00269185,-0.00330091,-0.00396597,-0.00468488,-0.00545537,-0.00627501,-0.00714127,-0.0080515,-0.009003,-0.00999299,-0.0110187,-0.0120772,-0.0131657,-0.0142813,-0.0154212,-0.0165826,-0.0177626,-0.0189585,-0.0201676,-0.0213872,-0.0226146,-0.0238472,-0.0250825,-0.0263179,-0.0275509,-0.0287791,-0.0300001,-0.0312115,-0.0324109,-0.033596,-0.0347646,-0.0359144,-0.037043,-0.0381484,-0.0392283,-0.0402805,-0.0413028,-0.0422933,-0.0432496,-0.0441699,-0.0450519,-0.0458938,-0.0466934,-0.047449,-0.0481585,-0.0488201,-0.049432,-0.0499926,-0.0505,-0.0509528,-0.0513494,-0.0516883,-0.0519683,-0.0521882,-0.0523467,-0.052443,-0.0524762,-0.0524455,-0.0523504,-0.0521904,-0.0519652,-0.0516749,-0.0513194,-0.050899,-0.0504142,-0.0498656,-0.0492541,-0.0485806,-0.0478465,-0.0470532,-0.0462024,-0.0452958,-0.0443357,-0.0433243,-0.0422641,-0.0411577,-0.0400081,-0.0388182,-0.0375915,-0.0363312,-0.0350409,-0.0337243,-0.0323854,-0.031028,-0.0296562,-0.0282743,-0.0268863,-0.0254966,-0.0241095,-0.0227293,-0.0213603,-0.0200068,-0.018673,-0.017363,-0.0160809,-0.0148305,-0.0136157,-0.01244,-0.0113067,-0.0102191,-0.0091801,-0.00819224,-0.00725791,-0.00637911,-0.00555755,-0.00479452,-0.00409098,-0.00344747,-0.00286411,-0.0023406,-0.00187619,-0.0014697,-0.00111948,-0.000823429,-0.00057898,-0.000383137,-0.000232468,-0.000123143,-5.09703e-05,-1.14647e-05,0
0,-3.09946e-05,-0.000122584,-0.000274569,-0.00048665,-0.000758463,-0.00108949,-0.00147901,-0.00192609,-0.00242955,-0.00298796,-0.00359967,-0.00426283,-0.0049754,-0.00573515,-0.00653975,-0.00738671,-0.00827347,-0.0091974,-0.0101558,-0.011146,-0.0121652,-0.0132107,-0.0142797,-0.0153696,-0.0164777,-0.0176012,-0.0187376,-0.0198844,-0.0210388,-0.0221986,-0.0233611,-0.0245241,-0.025685,-0.0268416,-0.0279916,-0.0291327,-0.0302627,-0.0313794,-0.0324805,-0.0335639,-0.0346276,-0.0356693,-0.0366871,-0.0376788,-0.0386424,-0.0395759,-0.0404772,-0.0413445,-0.0421757,-0.042969,-0.0437224,-0.0444341,-0.0451024,-0.0457254,-0.0463014,-0.0468289,-0.0473062,-0.0477317,-0.0481041,-0.048422,-0.0486842,-0.0488894,-0.0490367,-0.049125,-0.0491537,-0.0491219,-0.0490291,-0.048875,-0.0486593,-0.0483819,-0.0480428,-0.0476425,-0.0471812,-0.0466597,-0.0460787,-0.0454392,-0.0447425,-0.0439899,-0.0431831,-0.0423238,-0.041414,-0.0404559,-0.039452,-0.0384047,-0.0373169,-0.0361914,-0.0350315,-0.0338402,-0.0326211,-0.0313777,-0.0301137,-0.0288328,-0.027539,-0.0262362,-0.0249284,-0.0236197,-0.0223142,-0.021016,-0.0197292,-0.0184579,-0.017206,-0.0159775,-0.0147763,-0.0136059,-0.01247,-0.011372,-0.010315,-0.00930204,-0.0083358,-0.00741877,-0.00655312,-0.00574073,-0.00498311,-0.00428147,-0.0036366,-0.00304891,-0.0025184,-0.00204466,-0.0016268,-0.00126351,-0.000952986,-0.000692978,-0.000480751,-0.000313098,-0.000186347,-9.63758e-05,-3.86417e-05,-8.22993e-06,0
0,-2.64136e-05,-0.000105338,-0.000237555,-0.000423638,-0.000663983,-0.000958732,-0.00130774,-0.00171053,-0.00216635,-0.00267411,-0.00323246,-0.00383981,-0.00449433,-0.005194,-0.00593663,-0.00671991,-0.00754142,-0.00839865,-0.00928906,-0.01021,-0.011159,-0.0121332,-0.0131302,-0.0141473,-0.0151819,-0.0162316,-0.0172938,-0.018366,-0.0194458,-0.0205309,-0.021619,-0.0227076,-0.0237946,-0.0248777,-0.0259549,-0.0270238,-0.0280825,-0.0291287,-0.0301606,-0.031176,-0.0321729,-0.0331494,-0.0341034,-0.035033,-0.0359363,-0.0368115,-0.0376565,-0.0384696,-0.0392488,-0.0399925,-0.0406988,-0.041366,-0.0419923,-0.0425762,-0.0431159,-0.04361,-0.0440569,-0.0444552,-0.0448036,-0.0451007,-0.0453454,-0.0455365,-0.0456731,-0.0457543,-0.0457793,-0.0457475,-0.0456583,-0.0455113,-0.0453064,-0.0450435,-0.0447226,-0.044344,-0.0439081,-0.0434156,-0.0428671,-0.0422637,-0.0416065,-0.0408968,-0.0401362,-0.0393264,-0.0384692,-0.0375668,-0.0366215,-0.0356356,-0.0346119,-0.0335531,-0.0324621,-0.0313421,-0.0301963,-0.0290281,-0.0278409,-0.0266385,-0.0254243,-0.0242023,-0.0229763,-0.02175,-0.0205274,-0.0193124,-0.0181089,-0.0169206,-0.0157515,-0.0146051,-0.0134852,-0.0123951,-0.0113383,-0.010318,-0.00933717,-0.00839855,-0.00750474,-0.00665803,-0.00586046,-0.00511375,-0.0044193,-0.00377816,-0.00319103,-0.0026582,-0.00217956,-0.00175458,-0.00138229,-0.00106124,-0.000789533,-0.000564768,-0.000384058,-0.000244012,-0.00014073,-6.98091e-05,-2.63485e-05,-4.98149e-06,0
0,-2.17497e-05,-8.7877e-05,-0.000200217,-0.000360256,-0.000569166,-0.000827744,-0.00113639,-0.00149509,-0.00190347,-0.00236076,-0.0028659,-0.0034175,-0.00401394,-0.00465338,-0.00533378,-0.00605299,-0.00680872,-0.00759858,-0.00842016,-0.00927097,-0.0101485,-0.0110503,-0.0119739,-0.0129167,-0.0138763,-0.0148504,-0.0158366,-0.0168324,-0.0178357,-0.0188442,-0.0198556,-0.0208678,-0.0218788,-0.0228863,-0.0238884,-0.0248831,-0.0258683,-0.0268421,-0.0278026,-0.0287478,-0.029676,-0.0305852,-0.0314736,-0.0323394,-0.0331807,-0.0339958,-0.0347829,-0.0355403,-0.0362663,-0.0369591,-0.0376171,-0.0382386,-0.0388221,-0.039366,-0.0398688,-0.040329,-0.0407451,-0.041116,-0.0414402,-0.0417165,-0.0419439,-0.0421213,-0.0422477,-0.0423224,-0.0423445,-0.0423136,-0.042229,-0.0420904,-0.0418977,-0.0416507,-0.0413495,-0.0409944,-0.0405858,-0.0401241,-0.0396103,-0.0390451,-0.0384296,-0.0377651,-0.0370531,-0.0362952,-0.0354932,-0.034649,-0.0337648,-0.0328429,-0.0318858,-0.0308961,-0.0298767,-0.0288304,-0.0277604,-0.0266698,-0.0255618,-0.02444,-0.0233078,-0.0221686,-0.0210263,-0.0198843,-0.0187463,-0.0176161,-0.0164972,-0.0153934,-0.0143081,-0.0132448,-0.012207,-0.011198,-0.0102208,-0.00927852,-0.00837395,-0.00750969,-0.00668815,-0.00591147,-0.00518153,-0.00449992,-0.00386791,-0.00328646,-0.00275615,-0.00227717,-0.00184935,-0.00147205,-0.00114421,-0.000864321,-0.000630368,-0.00043985,-0.00028975,-0.00017652,-9.60598e-05,-4.37075e-05,-1.4213e-05,-1.74998e-06,0
0,-1.70256e-05,-7.03051e-05,-0.000162801,-0.000296941,-0.000474671,-0.000697425,-0.000966115,-0.00128116,-0.00164252,-0.00204973,-0.00250194,-0.00299799,-0.00353643,-0.00411557,-0.00473353,-0.00538827,-0.00607765,-0.0067994,-0.00755124,-0.00833081,-0.00913575,-0.00996368,-0.0108123,-0.0116791,-0.012562,-0.0134586,-0.0143667,-0.0152841,-0.0162086,-0.0171382,-0.0180707,-0.0190042,-0.0199367,-0.0208662,-0.0217909,-0.0227088,-0.0236182,-0.0245171,-0.0254039,-0.0262767,-0.0271338,-0.0279735,-0.0287941,-0.0295939,-0.0303711,-0.0311243,-0.0318516,-0.0325516,-0.0332225,-0.0338629,-0.0344711,-0.0350458,-0.0355852,-0.0360881,-0.036553,-0.0369785,-0.0373633,-0.0377061,-0.0380058,-0.0382613,-0.0384714,-0.0386351,-0.0387517,-0.0388203,-0.0388402,-0.0388109,-0.0387319,-0.0386029,-0.0384236,-0.0381939,-0.0379141,-0.0375842,-0.0372046,-0.0367759,-0.0362987,-0.0357739,-0.0352026,-0.0345858,-0.0339249,-0.0332215,-0.0324773,-0.031694,-0.0308738,-0.0300187,-0.0291311,-0.0282135,-0.0272685,-0.0262989,-0.0253074,-0.0242972,-0.0232712,-0.0222327,-0.0211849,-0.0201312,-0.019075,-0.0180195,-0.0169684,-0.015925,-0.0148927,-0.013875,-0.0128751,-0.0118963,-0.0109419,-0.0100149,-0.00911817,-0.0082546,-0.00742678,-0.00663716,-0.00588797,-0.00518119,-0.00451858,-0.0039016,-0.00333141,-0.00280885,-0.00233443,-0.00190828,-0.00153012,-0.00119928,-0.000914638,-0.000674611,-0.000477131,-0.000319618,-0.00019896,-0.000111489,-5.29446e-05,-1.84393e-05,-2.41046e-06,1.41952e-06,0
0,-1.22793e-05,-5.27858e-05,-0.000125672,-0.000234316,-0.000381416,-0.000568996,-0.000798441,-0.00107055,-0.00138557,-0.00174329,-0.00214307,-0.00258391,-0.00306453,-0.00358336,-0.00413867,-0.00472854,-0.00535094,-0.00600377,-0.00668484,-0.00739194,-0.00812285,-0.00887534,-0.0096472,-0.0104362,-0.0112403,-0.0120572,-0.012885,-0.0137215,-0.0145648,-0.015413,-0.016264,-0.0171162,-0.0179675,-0.0188163,-0.0196608,-0.0204993,-0.0213301,-0.0221514,-0.0229618,-0.0237595,-0.024543,-0.0253107,-0.0260609,-0.0267923,-0.0275032,-0.028192,-0.0288575,-0.0294979,-0.0301119,-0.030698,-0.0312547,-0.0317808,-0.0322748,-0.0327353,-0.0331611,-0.0335509,-0.0339034,-0.0342175,-0.0344922,-0.0347263,-0.0349188,-0.0350689,-0.0351758,-0.0352386,-0.0352568,-0.0352298,-0.0351572,-0.0350387,-0.034874,-0.0346632,-0.0344061,-0.0341032,-0.0337545,-0.0333608,-0.0329225,-0.0324405,-0.0319157,-0.0313492,-0.0307423,-0.0300963,-0.0294128,-0.0286935,-0.0279403,-0.0271552,-0.0263403,-0.0254981,-0.0246307,-0.023741,-0.0228314,-0.0219047,-0.0209639,-0.0200119,-0.0190518,-0.0180865,-0.0171192,-0.0161532,-0.0151915,-0.0142375,-0.0132942,-0.0123647,-0.0114523,-0.0105599,-0.00969052,-0.00884694,-0.00803192,-0.00724805,-0.00649777,-0.00578334,-0.00510682,-0.00447004,-0.00387463,-0.00332192,-0.00281298,-0.00234855,-0.00192908,-0.00155462,-0.00122487,-0.000939108,-0.000696187,-0.000494494,-0.000331927,-0.000205873,-0.000113167,-5.00649e-05,-1.21975e-05,5.49017e-06,8.81561e-06,4.46063e-06,0
0,-7.57168e-06,-3.55661e-05,-8.93639e-05,-0.000173264,-0.000290658,-0.000444098,-0.000635375,-0.000865595,-0.00113526,-0.00144435,-0.00179239,-0.00217853,-0.00260159,-0.00306015,-0.00355259,-0.00407713,-0.00463186,-0.0052148,-0.00582393,-0.00645716,-0.00711243,-0.00778767,-0.00848081,-0.00918984,-0.00991275,-0.0106476,-0.0113925,-0.0121455,-0.0129048,-0.0136687,-0.0144354,-0.0152031,-0.0159704,-0.0167354,-0.0174967,-0.0182527,-0.0190018,-0.0197426,-0.0204736,-0.0211932,-0.0219001,-0.0225929,-0.02327,-0.0239302,-0.024572,-0.0251941,-0.025795,-0.0263735,-0.0269283,-0.0274579,-0.0279612,-0.0284368,-0.0288834,-0.0293,-0.0296852,-0.0300379,-0.030357,-0.0306415,-0.0308903,-0.0311024,-0.031277,-0.0314131,-0.0315102,-0.0315674,-0.0315842,-0.0315601,-0.0314946,-0.0313876,-0.0312387,-0.0310479,-0.0308152,-0.0305409,-0.0302252,-0.0298685,-0.0294715,-0.0290347,-0.0285591,-0.0280457,-0.0274956,-0.02691,-0.0262905,-0.0256385,-0.0249558,-0.0242442,-0.0235057,-0.0227424,-0.0219564,-0.0211503,-0.0203263,-0.019487,-0.0186351,-0.0177733,-0.0169043,-0.016031,-0.0151562,-0.0142829,-0.0134139,-0.0125523,-0.0117008,-0.0108625,-0.0100401,-0.00923639,-0.00845411,-0.00769587,-0.00696418,-0.00626141,-0.00558979,-0.0049514,-0.00434813,-0.00378167,-0.0032535,-0.00276483,-0.00231663,-0.00190959,-0.00154406,-0.00122009,-0.000937331,-0.000695063,-0.000492135,-0.000326944,-0.000197399,-0.000100891,-3.42524e-05,6.27845e-06,2.51168e-05,2.74057e-05,1.91289e-05,7.28025e-06,0
0,-3.00037e-06,-1.9019e-05,-5.46429e-05,-0.000115009,-0.000204105,-0.000324913,-0.000479541,-0.000669328,-0.000894959,-0.00115655,-0.00145375,-0.00178582,-0.00215168,-0.00255004,-0.00297938,-0.00343804,-0.00392426,-0.00443621,-0.004972,-0.00552973,-0.00610749,-0.00670338,-0.00731553,-0.00794208,-0.00858123,-0.0092312,-0.00989027,-0.0105568,-0.011229,-0.0119054,-0.0125845,-0.0132646,-0.0139444,-0.0146223,-0.015297,-0.0159671,-0.0166312,-0.017288,-0.0179362,-0.0185744,-0.0192015,-0.0198161,-0.0204169,-0.0210029,-0.0215726,-0.0221249,-0.0226586,-0.0231725,-0.0236653,-0.024136,-0.0245834,-0.0250063,-0.0254036,-0.0257742,-0.026117,-0.0264311,-0.0267153,-0.0269689,-0.0271907,-0.02738,-0.0275359,-0.0276577,-0.0277446,-0.0277962,-0.0278118,-0.0277909,-0.0277332,-0.0276385,-0.0275064,-0.027337,-0.0271303,-0.0268864,-0.0266055,-0.0262881,-0.0259347,-0.0255458,-0.0251223,-0.0246649,-0.0241748,-0.0236531,-0.023101,-0.02252,-0.0219116,-0.0212774,-0.0206192,-0.019939,-0.0192386,-0.0185203,-0.0177862,-0.0170386,-0.0162798,-0.0155124,-0.0147388,-0.0139616,-0.0131834,-0.0124067,-0.0116343,-0.0108687,-0.0101126,-0.00936863,-0.00863931,-0.00792718,-0.00723466,-0.00656414,-0.00591786,-0.00529798,-0.00470653,-0.00414538,-0.00361624,-0.00312064,-0.00265992,-0.00223518,-0.0018473,-0.00149688,-0.00118426,-0.000909431,-0.000672068,-0.000471461,-0.000306498,-0.000175624,-7.68052e-05,-7.49051e-06,3.54321e-05,5.56772e-05,5.76289e-05,4.64192e-05,2.80729e-05,9.74524e-06,0
0,1.27687e-06,-3.70179e-06,-2.26047e-05,-6.12455e-05,-0.000124054,-0.000214311,-0.000334331,-0.000485594,-0.000668887,-0.00088441,-0.00113189,-0.00141065,-0.00171973,-0.00205792,-0.00242384,-0.00281595,-0.00323265,-0.00367227,-0.00413309,-0.0046134,-0.00511148,-0.00562562,-0.00615414,-0.00669541,-0.00724781,-0.00780977,-0.00837978,-0.00895634,-0.00953803,-0.0101234,-0.0107112,-0.0113,-0.0118886,-0.0124756,-0.01306,-0.0136404,-0.0142157,-0.0147848,-0.0153465,-0.0158997,-0.0164432,-0.0169761,-0.0174971,-0.0180053,-0.0184996,-0.0189789,-0.0194421,-0.0198882,-0.0203163,-0.0207252,-0.0211139,-0.0214815,-0.021827,-0.0221494,-0.0224478,-0.0227213,-0.0229689,-0.02319,-0.0233835,-0.0235488,-0.0236851,-0.0237918,-0.0238683,-0.0239139,-0.0239283,-0.023911,-0.0238616,-0.0237799,-0.0236657,-0.023519,-0.0233397,-0.023128,-0.0228841,-0.0226082,-0.0223009,-0.0219627,-0.0215942,-0.0211962,-0.0207696,-0.0203153,-0.0198346,-0.0193286,-0.0187987,-0.0182462,-0.0176729,-0.0170803,-0.0164703,-0.0158446,-0.0152051,-0.014554,-0.0138934,-0.0132252,-0.0125519,-0.0118755,-0.0111985,-0.010523,-0.00985157,-0.00918638,-0.0085298,-0.00788411,-0.0072516,-0.00663448,-0.00603491,-0.00545498,-0.00489671,-0.00436199,-0.00385262,-0.00337025,-0.00291643,-0.00249249,-0.00209964,-0.00173886,-0.00141093,-0.0011164,-0.000855546,-0.000628381,-0.000434593,-0.000273522,-0.000144133,-4.49667e-05,2.58975e-05,7.0891e-05,9.30015e-05,9.58222e-05,8.36123e-05,6.13802e-05,3.50343e-05,1.16666e-05,0
0,5.00469e-06,9.5558e-06,5.19998e-06,-1.42835e-05,-5.35567e-05,-0.000116035,-0.000204099,-0.000319262,-0.000462326,-0.00063351,-0.000832573,-0.00105891,-0.00131163,-0.00158963,-0.00189166,-0.00221636,-0.00256229,-0.00292795,-0.00331185,-0.00371248,-0.00412833,-0.00455792,-0.00499981,-0.00545257,-0.00591483,-0.00638524,-0.0068625,-0.00734535,-0.00783258,-0.00832299,-0.00881545,-0.00930884,-0.00980209,-0.0102941,-0.0107839,-0.0112705,-0.0117529,-0.0122301,-0.0127012,-0.0131652,-0.0136213,-0.0140684,-0.0145057,-0.0149324,-0.0153474,-0.01575,-0.0161391,-0.0165141,-0.0168739,-0.0172178,-0.0175449,-0.0178543,-0.0181452,-0.0184168,-0.0186683,-0.018899,-0.019108,-0.0192946,-0.0194583,-0.0195982,-0.0197138,-0.0198045,-0.0198697,-0.0199091,-0.0199221,-0.0199084,-0.0198677,-0.0197997,-0.0197044,-0.0195816,-0.0194313,-0.0192536,-0.0190487,-0.0188168,-0.0185584,-0.0182738,-0.0179636,-0.0176284,-0.017269,-0.0168862,-0.0164811,-0.0160545,-0.0156077,-0.0151419,-0.0146584,-0.0141587,-0.0136441,-0.0131164,-0.0125772,-0.0120281,-0.011471,-0.0109077,-0.0103401,-0.00977009,-0.00919966,-0.00863079,-0.00806545,-0.00750565,-0.00695337,-0.00641058,-0.00587923,-0.00536121,-0.00485838,-0.00437253,-0.00390538,-0.00345857,-0.00303365,-0.00263203,-0.00225505,-0.00190388,-0.00157953,-0.00128289,-0.00101463,-0.000775222,-0.000564939,-0.000383784,-0.000231494,-0.000107492,-1.08621e-05,5.97071e-05,0.000105958,0.000130125,0.000134985,0.000123914,0.000100946,7.08392e-05,3.92029e-05,1.27749e-05,0
0,7.76916e-06,1.95343e-05,2.66182e-05,2.27748e-05,3.37582e-06,-3.49193e-05,-9.43904e-05,-0.000176453,-0.000281832,-0.000410705,-0.000562833,-0.000737656,-0.000934378,-0.00115203,-0.00138951,-0.00164565,-0.00191921,-0.00220894,-0.00251357,-0.00283183,-0.00316248,-0.00350429,-0.00385607,-0.00421665,-0.0045849,-0.00495975,-0.00534012,-0.00572501,-0.00611343,-0.00650443,-0.0068971,-0.00729054,-0.0076839,-0.00807634,-0.00846704,-0.00885521,-0.00924006,-0.00962084,-0.00999679,-0.0103672,-0.0107312,-0.0110883,-0.0114376,-0.0117784,-0.0121101,-0.0124318,-0.012743,-0.0130429,-0.0133308,-0.0136061,-0.013868,-0.0141159,-0.0143491,-0.0145669,-0.0147688,-0.014954,-0.015122,-0.0152722,-0.015404,-0.0155168,-0.0156102,-0.0156837,-0.0157369,-0.0157693,-0.0157806,-0.0157705,-0.0157388,-0.0156852,-0.0156096,-0.0155119,-0.0153922,-0.0152504,-0.0150868,-0.0149014,-0.0146947,-0.0144668,-0.0142184,-0.0139498,-0.0136618,-0.0133549,-0.0130299,-0.0126877,-0.0123292,-0.0119553,-0.0115672,-0.011166,-0.0107529,-0.0103293,-0.0098963,-0.00945547,-0.00900822,-0.00855605,-0.00810048,-0.00764308,-0.00718545,-0.0067292,-0.00627594,-0.0058273,-0.00538491,-0.00495036,-0.00452524,-0.00411111,-0.00370948,-0.00332181,-0.00294951,-0.00259392,-0.00225631,-0.00193786,-0.00163965,-0.00136264,-0.00110771,-0.000875552,-0.000666761,-0.000481742,-0.000320727,-0.000183742,-7.0584e-05,1.92088e-05,8.63954e-05,0.000132075,0.000157737,0.000165322,0.000157286,0.000136661,0.000107126,7.30501e-05,3.95538e-05,1.26932e-05,0
0,8.9121e-06,2.45078e-05,3.87519e-05,4.585e-05,4.15449e-05,2.28437e-05,-1.22229e-05,-6.48206e-05,-0.000135501,-0.000224354,-0.000331129,-0.000455328,-0.000596273,-0.00075316,-0.000925102,-0.00111116,-0.00131035,-0.0015217,-0.00174422,-0.00197693,-0.00221889,-0.00246915,-0.00272682,-0.00299102,-0.0032609,-0.00353565,-0.00381449,-0.00409666,-0.00438143,-0.00466812,-0.00495603,-0.00524453,-0.00553298,-0.00582077,-0.00610731,-0.00639202,-0.00667432,-0.00695368,-0.00722953,-0.00750134,-0.00776857,-0.0080307,-0.00828721,-0.00853757,-0.00878126,-0.00901776,-0.00924657,-0.00946716,-0.00967903,-0.00988167,-0.0100746,-0.0102572,-0.0104292,-0.0105899,-0.0107389,-0.0108758,-0.011,-0.0111112,-0.0112089,-0.0112927,-0.0113623,-0.0114172,-0.0114571,-0.0114818,-0.0114909,-0.0114842,-0.0114616,-0.0114228,-0.0113679,-0.0112966,-0.0112089,-0.011105,-0.0109849,-0.0108487,-0.0106967,-0.0105291,-0.0103462,-0.0101483,-0.00993603,-0.00970976,-0.00947008,-0.0092176,-0.00895302,-0.00867707,-0.00839054,-0.0080943,-0.00778924,-0.00747632,-0.00715654,-0.00683094,-0.00650061,-0.00616667,-0.00583025,-0.00549254,-0.00515473,-0.00481801,-0.00448362,-0.00415276,-0.00382665,-0.0035065,-0.00319349,-0.0028888,-0.00259356,-0.00230887,-0.0020358,-0.00177536,-0.0015285,-0.00129611,-0.00107902,-0.000877973,-0.000693621,-0.000526522,-0.000377128,-0.000245768,-0.000132639,-3.7785e-05,3.89244e-05,9.78163e-05,0.000139449,0.000164653,0.000174577,0.000170754,0.000155167,0.000130333,9.9378e-05,6.60901e-05,3.49167e-05,1.09332e-05,0
0,7.49758e-06,2.22534e-05,3.7913e-05,4.97224e-05,5.42898e-05,4.93616e-05,3.3551e-05,6.10411e-06,-3.32846e-05,-8.46011e-05,-0.000147609,-0.000221917,-0.000307026,-0.000402369,-0.000507331,-0.000621273,-0.000743545,-0.000873495,-0.00101048,-0.00115386,-0.00130303,-0.00145739,-0.00161636,-0.00177938,-0.00194594,-0.0021155,-0.0022876,-0.00246174,-0.0026375,-0.00281442,-0.00299211,-0.00317016,-0.00334818,-0.00352579,-0.00370265,-0.00387838,-0.00405265,-0.00422512,-0.00439545,-0.00456332,-0.0047284,-0.00489036,-0.00504889,-0.00520366,-0.00535436,-0.00550067,-0.00564227,-0.00577885,-0.00591009,-0.00603568,-0.00615529,-0.00626863,-0.00637538,-0.00647524,-0.00656791,-0.00665309,-0.0067305,-0.00679986,-0.0068609,-0.00691336,-0.006957,-0.00699159,-0.00701691,-0.00703278,-0.00703901,-0.00703545,-0.00702198,-0.00699848,-0.00696489,-0.00692116,-0.00686726,-0.00680322,-0.00672909,-0.00664494,-0.00655089,-0.0064471,-0.00633377,-0.00621112,-0.00607943,-0.005939,-0.00579019,-0.00563337,-0.00546898,-0.00529747,-0.00511935,-0.00493515,-0.00474543,-0.0045508,-0.00435189,-0.00414935,-0.00394386,-0.00373613,-0.00352687,-0.00331684,-0.00310678,-0.00289746,-0.00268963,-0.00248408,-0.00228157,-0.00208285,-0.0018887,-0.00169983,-0.00151699,-0.00134085,-0.00117211,-0.0010114,-0.000859339,-0.000716488,-0.000583378,-0.000460489,-0.000348246,-0.000247015,-0.000157097,-7.87191e-05,-1.20256e-05,4.29337e-05,8.62158e-05,0.000118003,0.000138627,0.000148596,0.000148639,0.000139746,0.000123248,0.000100894,7.49463e-05,4.8271e-05,2.43434e-05,7.03933e-06,0
0,2.77301e-06,1.05983e-05,1.9835e-05,2.78773e-05,3.31e-05,3.45618e-05,3.17601e-05,2.44659e-05,1.26281e-05,-3.69088e-06,-2.43543e-05,-4.91766e-05,-7.79419e-05,-0.000110415,-0.000146352,-0.000185502,-0.000227618,-0.000272453,-0.00031977,-0.000369334,-0.000420923,-0.00047432,-0.00052932,-0.000585724,-0.000643346,-0.000702005,-0.000761531,-0.00082176,-0.000882537,-0.000943713,-0.00100515,-0.0010667,-0.00112824,-0.00118964,-0.00125078,-0.00131153,-0.00137179,-0.00143143,-0.00149034,-0.00154841,-0.00160553,-0.00166159,-0.00171649,-0.0017701,-0.00182232,-0.00187305,-0.00192217,-0.00196958,-0.00201516,-0.0020588,-0.00210041,-0.00213986,-0.00217705,-0.00221188,-0.00224423,-0.002274,-0.0023011,-0.00232542,-0.00234687,-0.00236535,-0.00238078,-0.00239308,-0.00240216,-0.00240795,-0.0024104,-0.00240944,-0.00240502,-0.00239711,-0.00238568,-0.00237071,-0.00235218,-0.0023301,-0.00230449,-0.00227537,-0.00224278,-0.00220678,-0.00216742,-0.00212478,-0.00207897,-0.00203009,-0.00197825,-0.0019236,-0.00186628,-0.00180645,-0.00174429,-0.00167999,-0.00161375,-0.00154578,-0.0014763,-0.00140555,-0.00133376,-0.00126119,-0.00118808,-0.00111472,-0.00104136,-0.000968267,-0.000895725,-0.000824003,-0.000753377,-0.000684116,-0.000616491,-0.000550766,-0.000487199,-0.00042604,-0.00036753,-0.000311903,-0.000259376,-0.000210158,-0.000164438,-0.000122394,-8.41823e-05,-4.99397e-05,-1.97821e-05,6.20012e-06,2.79432e-05,4.54175e-05,5.86265e-05,6.76194e-05,7.24949e-05,7.34165e-05,7.06255e-05,6.44687e-05,5.54267e-05,4.41707e-05,3.16283e-05,1.90864e-05,8.29083e-06,1.39246e-06,0
0,-2.7729e-06,-1.05972e-05,-1.98333e-05,-2.78741e-05,-3.30956e-05,-3.45567e-05,-3.17539e-05,-2.44595e-05,-1.26216e-05,3.69745e-06,2.43601e-05,4.91817e-05,7.79458e-05,0.000110418,0.000146352,0.0001855,0.000227614,0.000272447,0.00031976,0.000369322,0.000420907,0.000474301,0.000529297,0.000585697,0.000643315,0.00070197,0.000761491,0.000821717,0.000882489,0.000943661,0.00100509,0.00106664,0.00112817,0.00118957,0.0012507,0.00131145,0.0013717,0.00143134,0.00149024,0.00154831,0.00160543,0.00166148,0.00171637,0.00176998,0.0018222,0.00187292,0.00192204,0.00196944,0.00201502,0.00205866,0.00210026,0.00213971,0.0021769,0.00221172,0.00224407,0.00227384,0.00230094,0.00232526,0.0023467,0.00236519,0.00238061,0.00239291,0.00240199,0.00240778,0.00241023,0.00240927,0.00240485,0.00239695,0.00238552,0.00237054,0.00235202,0.00232995,0.00230434,0.00227522,0.00224264,0.00220663,0.00216728,0.00212465,0.00207884,0.00202996,0.00197813,0.00192349,0.00186617,0.00180635,0.0017442,0.00167991,0.00161367,0.00154571,0.00147624,0.00140549,0.00133371,0.00126114,0.00118805,0.00111469,0.00104133,0.000968246,0.000895709,0.000823993,0.000753371,0.000684116,0.000616496,0.000550775,0.000487211,0.000426056,0.000367549,0.000311924,0.0002594,0.000210183,0.000164465,0.000122422,8.42101e-05,4.99677e-05,1.98097e-05,-6.17345e-06,-2.79186e-05,-4.53934e-05,-5.86052e-05,-6.75995e-05,-7.24776e-05,-7.34011e-05,-7.06132e-05,-6.44586e-05,-5.54198e-05,-4.41662e-05,-3.16256e-05,-1.90854e-05,-8.29025e-06,-1.3932e-06,-0
